1.55	5.64
4.2	5.64
5.01	6.77
7.43	6.77
7.58	6.77
10.95	6.16
11.59	10.66
15.04	10.66
18.05	6.31
18.8	6.31
20.91	6.31
23.45	7.57
25.14	7.57
27.59	0.6
28.55	0.6
29.41	0.6
31.47	3.47
31.77	3.47
32.84	5.29
33.59	5.29
35.3	2.27
37.56	2.27
40.38	2.19
42.79	1.54
45.4	8.7
47.88	8.7
48.1	8.7
48.53	6.16
48.75	6.16
50.48	10.6
53.26	10.6
54.53	9.22
57.5	9.22
60.2	9.22
61.96	0.69
63.98	8.8
64.53	8.8
65.34	8.39
68.35	8.39
71.41	1.79
71.9	8.51
73.11	8.51
75.78	8.51
78.59	10.62
80.06	10.62
81.37	10.62
83.09	8.44
83.59	8.44
85.7	4.44
87.58	4.44
90.18	4.44
90.38	6.24
90.66	6.24
93.98	7.74
95.75	7.74
97.63	7.74
100.45	8.84
101.05	8.84
102.19	3.6
105.17	3.6
107.05	5.81
107.9	5.81
111.29	7.63
111.56	7.63
113.66	7.63
116.27	2.79
118.08	2.79
119.51	2.79
121.54	3.36
123.41	3.36
125.1	3.82
127.59	5.63
130.26	5.63
133.19	5.63
134.82	9.28
135.7	9.28
137.77	9.28
139.72	2.1
141.33	2.1
143.66	2.1
146.98	10.42
147.31	4.93
148.06	6.87
149.48	10.27
152.46	10.27
155.95	8.19
157.42	8.19
158.27	8.19
158.44	1.12
159.52	5.26
162.61	5.26
163.79	8.41
166.88	4.14
167.5	4.14
169.68	7.77
170.73	7.77
171.16	7.77
172.21	6.24
174.93	6.24
176.71	0.48
176.92	0.48
177.09	0.46
180.06	3.74
183.29	3.74
186.67	3.74
188.95	6.67
189.71	7.58
190.29	7.58
190.94	8.06
193.65	8.06
195.14	8.06
198.17	6.57
201.24	6.57
201.75	6.57
204.08	6.08
207.13	6.08
209.45	6.08
210.28	9.14
210.67	9.14
213.69	9.14
216.37	5.07
217.52	5.07
217.7	5.07
219.19	3.24
222.31	3.24
225.6	1.84
226.94	1.84
230.18	1.84
233.63	6.8
234.13	6.8
235.09	7.93
238.33	3.72
239.53	3.72
240.63	1.92
240.74	1.92
243.42	1.09
245.63	1.09
248.03	2.4
249.1	2.4
249.65	8.61
250.63	8.61
