2.39	1.71
2.76	1.71
3.6	1.71
5.36	8.91
6.93	8.91
9.01	3.6
10.85	5.1
12.02	6.02
15.39	6.02
18.11	0.6
19.15	0.6
21.78	0.98
22.22	7.3
22.73	1.8
23.24	1.8
26.04	3.95
28.46	3.95
29.09	1.65
31.64	1.65
31.91	1.65
33.04	5.22
35.91	3.47
36.49	3.47
37.69	3.47
41.11	8.86
42.31	8.86
44.38	3.11
46.88	3.29
47.47	1.97
50.48	2.59
52.14	10.71
54.33	10.71
54.65	5.07
56.13	4.0
57.93	4.0
58.18	4.0
60.4	10.64
63.62	10.64
65.8	10.64
67.27	5.13
69.41	5.13
72.0	4.98
73.75	4.98
76.38	4.85
78.3	4.85
79.86	4.85
81.32	1.55
84.34	1.55
85.35	5.89
88.06	2.66
90.7	0.92
93.96	4.08
95.78	1.11
96.88	1.11
97.61	0.56
99.58	4.78
99.7	4.78
100.99	4.78
103.08	0.66
104.96	9.49
106.5	9.49
107.95	5.41
110.99	6.12
113.5	6.12
113.86	6.12
115.64	4.91
117.12	9.21
118.15	9.21
119.28	6.65
122.06	6.65
122.73	6.65
123.03	5.35
126.21	5.35
128.53	8.85
129.55	8.85
130.12	0.44
131.53	9.94
133.13	10.0
133.69	10.0
136.61	7.27
138.13	7.27
139.73	7.27
140.87	7.27
143.39	5.12
145.82	5.12
148.34	5.12
151.09	6.42
151.67	6.42
153.77	1.85
156.89	1.85
160.03	1.85
163.11	2.9
165.24	2.9
165.58	3.6
168.25	1.12
171.68	3.4
173.99	3.4
177.15	6.04
179.48	10.89
181.56	0.98
184.36	4.82
187.48	4.82
190.24	4.82
191.29	8.32
191.87	8.32
194.79	4.67
196.05	4.67
196.37	4.67
198.02	0.73
199.88	0.73
202.3	0.73
205.73	6.74
209.21	6.74
210.05	6.74
210.18	6.19
212.26	4.99
215.31	4.99
218.78	6.18
221.18	6.18
222.97	6.18
224.53	9.5
226.48	9.5
228.28	6.01
230.33	0.61
232.57	0.61
233.62	0.61
233.82	5.84
236.81	8.13
239.96	8.13
242.25	8.13
242.39	3.41
243.44	3.41
244.22	7.89
246.61	7.89
249.56	9.09
252.7	9.09
