2.63	4.25
4.77	8.0
8.03	9.46
9.97	6.43
12.25	6.43
13.16	9.7
16.02	9.7
18.71	10.33
19.76	8.25
22.74	8.25
25.36	8.05
26.59	10.47
27.74	6.71
29.77	0.91
30.55	5.1
32.29	5.1
34.87	9.62
35.4	9.19
38.06	9.19
39.95	9.19
43.06	7.52
44.81	7.52
46.54	5.24
48.06	5.24
50.47	3.8
52.87	10.28
53.1	10.28
55.0	10.28
56.88	3.81
59.27	3.81
62.5	3.81
64.58	0.66
65.87	2.09
68.22	9.49
70.21	9.49
72.39	2.94
75.79	6.83
76.1	5.16
76.79	3.15
78.32	9.85
79.01	0.86
81.68	6.02
82.69	2.61
85.53	2.61
88.56	2.61
88.95	5.98
92.24	5.98
92.67	7.12
93.13	7.12
94.14	6.38
94.26	6.38
97.33	6.38
98.3	3.24
98.89	3.24
99.2	3.24
99.48	1.64
102.89	3.7
104.09	3.7
107.49	9.82
110.01	9.82
111.68	9.82
114.32	8.79
114.9	3.18
116.19	3.18
119.66	3.18
119.89	5.7
123.27	5.7
123.98	5.7
126.67	6.59
127.03	2.64
129.49	2.64
131.45	9.71
133.5	10.21
135.82	10.21
137.35	10.21
140.09	5.02
143.12	5.02
143.94	5.02
144.23	9.06
147.25	3.69
150.31	8.32
153.65	8.32
156.53	8.21
158.85	8.93
161.52	8.93
164.57	7.04
167.21	7.04
167.55	7.04
170.8	9.01
172.55	9.01
172.76	9.01
174.99	9.09
178.18	9.09
179.55	9.09
181.12	1.77
183.29	1.77
185.83	5.45
188.21	5.45
188.57	5.45
191.17	4.74
192.07	1.16
193.98	6.4
197.33	8.7
198.84	7.04
200.42	7.04
201.43	7.04
203.74	10.3
205.69	3.37
207.73	2.26
208.25	2.26
211.67	2.26
212.86	3.99
215.42	7.62
216.23	7.62
219.05	7.62
221.92	0.88
222.27	0.88
223.11	9.55
225.65	9.55
227.35	9.55
229.74	6.99
231.2	6.99
233.94	5.95
236.42	5.95
238.89	5.95
239.01	0.62
239.87	0.62
241.93	10.99
244.92	10.99
245.85	6.51
249.14	5.3
251.95	2.41
