2.99	3.85
6.16	3.85
7.65	3.85
11.03	5.44
13.02	5.44
14.5	5.44
15.27	6.28
17.21	3.78
20.58	3.78
21.58	6.16
23.79	6.16
25.83	6.16
26.21	0.35
29.4	0.35
32.84	9.48
33.51	10.94
33.96	10.94
36.87	2.35
37.98	2.35
39.3	2.35
40.89	3.27
41.87	3.27
42.66	6.11
46.14	6.11
48.9	6.11
51.36	8.82
51.52	8.82
52.11	1.36
53.26	1.36
55.39	1.36
58.67	10.23
61.12	1.19
64.46	6.67
65.41	8.35
65.94	8.35
67.22	8.35
67.73	2.25
68.67	2.25
71.91	6.17
72.78	6.17
74.78	6.17
74.92	3.66
75.71	1.11
78.08	1.11
79.89	2.42
80.57	2.42
81.66	6.71
84.81	6.71
88.07	6.71
90.49	8.13
93.18	2.54
95.23	10.03
98.08	10.03
101.44	9.75
104.68	6.64
105.82	6.64
105.93	6.64
109.27	8.71
111.84	8.71
112.8	8.71
113.69	7.59
114.83	7.59
116.96	7.59
117.68	5.34
119.14	5.34
122.49	5.34
123.78	8.18
126.15	8.18
126.83	8.18
127.02	8.35
127.13	8.35
129.6	7.8
131.42	7.8
132.39	7.8
134.27	10.96
137.02	10.96
140.01	10.96
143.38	2.79
143.91	2.79
147.02	2.79
147.67	5.36
150.5	5.36
152.9	5.99
153.81	4.86
154.83	5.79
156.52	1.32
159.07	1.32
160.09	10.96
162.75	10.96
163.43	10.96
163.79	1.17
166.73	1.17
169.18	1.17
170.28	9.64
171.87	9.64
174.15	9.64
177.41	2.14
179.64	2.14
180.62	2.14
183.12	7.88
186.21	5.24
188.49	6.3
190.1	6.3
193.49	3.05
195.82	3.05
199.31	3.05
202.4	0.88
204.57	1.55
205.93	1.55
207.7	1.55
209.27	5.01
210.45	7.04
211.92	1.41
213.58	1.41
214.14	1.41
214.34	4.61
215.67	4.56
217.94	4.56
218.66	9.82
219.51	9.82
221.81	9.82
224.28	8.29
225.7	8.29
228.14	5.54
229.38	5.54
231.14	5.54
234.42	8.25
237.18	8.25
238.61	4.3
238.81	1.44
239.49	1.44
242.02	1.44
244.32	9.45
247.25	9.45
249.1	9.45
250.13	0.3
