3.19	5.25
5.71	5.25
6.14	5.25
7.65	3.72
8.55	3.72
11.55	3.72
13.68	1.84
16.38	5.24
18.24	4.97
19.5	4.97
19.97	4.97
22.1	4.07
24.15	9.19
24.58	9.19
26.16	9.64
26.95	4.69
28.64	9.35
32.08	9.35
32.85	5.75
33.48	9.47
35.87	9.47
36.3	2.42
39.2	2.42
41.3	2.42
41.51	6.38
43.39	6.38
46.61	6.38
49.05	4.76
52.34	1.09
52.54	1.09
54.86	8.61
55.23	8.61
56.92	1.59
57.54	1.59
59.97	1.59
61.03	4.59
62.19	4.59
64.09	2.49
66.53	10.36
69.19	10.36
71.41	3.2
72.39	8.63
73.84	8.05
75.04	8.05
77.83	8.05
80.56	9.78
82.67	9.78
85.35	10.49
87.61	10.49
88.93	1.17
89.98	7.18
92.14	7.18
94.79	5.38
96.91	5.38
98.88	5.38
99.53	6.1
100.74	6.1
103.56	6.1
106.46	3.36
109.0	3.36
109.44	3.36
110.99	2.75
114.11	7.52
117.5	7.52
119.75	7.52
120.98	8.09
122.22	8.09
122.57	8.09
125.21	1.2
126.93	10.8
127.67	10.12
129.07	10.12
129.5	2.85
131.29	2.85
132.59	2.85
133.81	4.52
135.7	4.52
138.91	4.52
140.16	10.71
142.91	10.71
145.73	2.69
148.96	5.29
152.07	5.29
154.03	5.29
155.22	8.45
157.22	8.45
157.75	8.45
159.27	8.59
160.44	6.5
163.36	6.5
163.55	6.5
167.01	1.29
169.77	9.31
172.32	9.31
173.55	9.31
175.77	10.28
178.46	2.03
179.01	2.03
179.6	10.91
180.67	10.91
183.66	6.56
187.08	6.56
189.73	9.51
190.68	9.51
191.5	9.51
192.22	4.46
193.5	4.46
196.84	4.46
199.08	8.12
199.44	8.12
202.53	8.12
203.59	4.61
205.71	10.12
207.12	10.12
207.88	7.82
208.71	7.82
209.5	4.02
212.48	4.02
213.23	4.02
215.57	1.34
217.08	1.34
217.93	6.27
218.58	6.27
222.01	6.27
222.91	4.69
225.03	4.69
225.9	4.69
227.82	2.64
228.96	2.64
230.6	2.64
230.85	10.2
231.34	10.2
233.22	10.2
236.46	10.97
237.19	3.11
239.52	3.11
241.53	3.11
243.32	3.28
245.33	7.98
247.36	9.92
249.62	9.92
250.88	9.92
