0.75	6.63
3.25	6.63
3.69	2.15
6.78	6.3
7.34	6.3
9.36	3.23
12.74	3.23
16.21	3.23
17.65	4.53
19.75	4.25
21.84	4.25
23.97	6.41
24.53	6.41
26.76	6.14
27.4	7.74
27.92	10.7
29.7	7.6
31.67	7.6
33.75	7.6
35.3	1.76
36.3	0.49
39.09	0.49
39.84	3.05
41.42	10.65
42.92	10.65
45.44	10.65
47.26	5.29
48.98	5.29
49.34	6.5
51.76	6.5
54.98	6.5
57.72	5.66
58.99	5.66
61.13	5.66
61.33	10.45
62.78	10.45
66.06	10.45
67.16	1.29
69.67	10.19
71.93	10.41
73.28	7.38
76.05	7.38
78.02	7.38
80.96	4.18
82.5	5.33
84.06	5.33
85.04	1.55
86.68	9.24
89.99	0.67
92.9	0.67
95.96	1.67
98.03	1.67
98.37	6.05
99.86	2.14
100.53	2.98
101.34	2.98
103.77	2.98
106.05	1.2
106.42	1.2
109.76	2.29
112.84	3.49
116.1	1.6
116.48	1.6
116.73	8.98
117.74	8.98
120.75	8.98
121.37	5.87
124.1	5.87
127.08	5.87
128.91	6.81
131.69	6.81
135.06	6.81
137.35	6.13
138.16	6.13
140.27	6.13
140.55	9.61
143.24	8.56
143.5	8.56
144.28	5.22
145.01	5.22
146.29	2.03
147.72	2.03
150.99	2.03
152.33	2.76
155.56	0.97
158.42	4.01
160.61	4.01
162.27	4.01
163.38	10.93
166.88	10.93
168.29	10.93
171.33	0.82
172.32	0.82
175.56	0.82
178.67	2.75
178.9	0.3
181.22	0.3
183.03	1.63
184.84	1.63
188.32	1.63
188.56	8.28
189.19	10.86
189.91	2.54
193.16	2.54
195.94	2.54
197.49	1.99
200.79	1.99
201.81	1.99
204.14	5.33
204.47	5.33
205.92	5.91
209.38	5.91
210.44	8.46
212.26	8.46
215.17	8.46
217.08	5.52
217.29	5.52
220.23	5.47
222.33	5.47
225.16	1.11
227.92	4.41
231.34	4.41
234.77	4.41
235.06	8.42
235.23	8.42
235.38	5.49
235.79	6.47
237.35	1.68
239.71	1.68
241.07	1.68
244.08	5.57
246.5	7.56
248.47	7.56
250.11	4.05
