2.61	2.59
4.77	2.59
6.77	8.65
9.6	5.58
9.98	5.58
11.7	5.58
14.62	9.79
14.77	8.16
17.91	8.16
20.32	8.16
22.66	8.61
24.87	8.61
26.69	1.64
29.44	1.64
29.76	1.3
31.11	1.3
31.36	4.49
33.76	1.09
36.92	3.46
39.43	2.6
40.85	2.6
43.82	10.52
46.72	10.52
50.06	0.39
51.6	10.86
52.63	8.07
54.48	6.7
57.33	6.7
58.87	2.74
60.55	7.96
64.04	7.96
67.23	7.96
69.58	7.88
70.16	7.88
71.78	7.88
75.25	8.96
76.71	8.96
77.43	8.96
80.56	8.88
83.35	5.78
84.48	5.78
87.38	5.78
88.2	1.51
90.52	1.52
91.41	6.79
93.34	6.79
96.23	6.79
97.44	4.04
98.49	4.04
98.97	4.04
100.85	3.53
104.26	3.53
106.64	3.53
108.32	9.12
109.99	9.12
110.54	9.12
112.92	10.78
115.43	7.98
115.56	7.98
116.51	7.98
118.51	7.98
121.6	7.98
121.84	3.65
123.46	3.65
124.78	6.92
125.13	6.92
125.54	6.92
127.8	5.5
130.66	5.5
131.26	7.67
133.95	2.33
134.52	7.6
137.8	9.25
139.58	9.25
141.16	9.25
142.5	6.83
145.15	6.83
147.02	3.86
149.52	3.86
150.08	2.5
150.89	2.5
151.65	1.07
154.32	1.07
155.54	1.07
156.33	2.33
156.47	4.87
158.37	4.87
161.33	4.87
162.88	4.14
164.08	4.14
166.78	4.14
169.52	7.37
170.02	7.37
173.51	7.37
176.97	2.16
179.83	6.13
182.04	1.08
183.64	1.08
186.49	6.35
189.59	8.92
192.91	8.92
195.16	4.99
195.86	4.99
198.68	8.37
199.64	8.37
200.18	8.37
201.16	3.32
201.49	3.32
202.19	3.32
205.06	7.71
206.85	7.71
209.78	3.2
210.43	3.2
212.98	3.2
213.48	3.92
214.09	3.92
216.34	3.92
217.01	0.56
220.3	0.56
221.51	0.56
222.8	3.38
223.83	9.72
225.92	9.72
226.96	10.8
227.88	10.8
228.79	4.24
229.79	4.24
232.71	4.35
235.8	9.82
236.23	9.82
237.89	9.82
240.38	4.79
243.61	0.26
244.57	0.26
247.23	0.26
250.46	1.68
