0.93	1.9
2.2	1.9
2.61	4.68
4.06	4.68
5.23	6.13
5.46	6.13
8.8	6.13
9.06	7.73
10.0	2.12
10.16	2.12
12.73	10.77
15.93	4.13
19.38	4.13
22.69	4.13
24.47	5.59
26.07	5.59
26.47	5.59
27.44	0.33
28.88	0.33
31.12	0.33
32.63	2.64
33.4	2.64
35.61	3.5
36.73	7.47
37.82	7.47
40.47	5.63
42.59	5.63
44.54	2.07
45.73	0.57
47.89	0.57
49.45	0.57
52.27	2.46
53.27	2.46
53.95	2.46
54.68	0.47
56.1	0.47
59.47	10.95
60.73	5.73
62.3	5.73
63.65	10.3
65.62	10.3
67.73	3.81
70.38	9.28
71.0	1.22
71.88	1.22
72.15	1.22
74.04	7.2
74.52	6.72
75.21	6.52
77.64	8.6
80.38	8.22
82.18	9.25
83.26	9.25
83.38	9.25
86.62	10.9
88.66	10.9
88.84	10.9
90.68	9.32
91.5	9.32
92.67	9.8
93.43	2.82
95.8	2.82
98.05	2.82
98.58	9.98
100.62	10.66
104.05	8.34
107.51	8.34
108.6	3.69
109.2	3.69
112.24	6.39
115.27	6.39
115.81	6.39
117.67	5.08
118.8	8.18
120.43	5.1
122.85	5.1
123.93	2.9
124.92	1.14
127.12	1.14
130.22	7.66
131.56	3.4
134.66	3.4
137.73	7.93
140.95	4.07
142.66	4.07
143.76	7.99
145.82	2.22
148.25	2.22
148.74	5.04
151.17	5.04
153.17	5.04
155.19	8.07
156.13	9.19
159.61	8.06
160.62	8.06
161.49	8.06
163.69	5.57
165.82	9.26
167.66	9.26
170.06	4.3
173.22	3.62
175.73	2.67
179.18	2.67
181.81	2.67
182.95	7.11
185.75	7.11
186.57	7.11
189.39	7.93
191.85	7.93
193.92	9.08
197.17	9.08
198.23	2.89
200.8	2.89
203.32	10.26
204.03	10.28
207.35	10.28
209.0	10.28
211.26	8.44
213.72	8.44
215.35	8.44
215.81	0.69
217.54	0.69
218.78	0.69
221.29	0.55
222.87	3.26
224.96	0.62
228.3	0.62
229.27	8.95
232.15	6.36
233.03	6.36
235.32	6.53
235.93	5.73
239.06	5.73
240.74	5.73
241.94	3.36
242.22	3.36
244.34	8.54
244.65	3.7
246.55	3.7
247.59	3.7
249.88	7.76
251.72	7.76
