2.5	6.08
5.74	6.08
8.86	6.08
11.77	1.48
12.58	1.48
15.0	1.48
15.21	6.89
16.09	6.31
17.21	4.46
17.54	1.83
17.81	1.83
20.86	1.34
22.46	0.87
22.66	0.87
24.7	4.25
26.16	4.25
27.84	4.26
28.08	5.08
28.21	5.08
29.94	6.47
31.5	6.47
32.13	6.47
33.98	4.57
35.8	9.24
38.57	2.91
40.59	7.42
43.88	7.42
45.06	7.8
47.7	7.8
51.02	1.16
51.89	1.16
52.84	0.87
53.79	0.87
54.43	0.87
55.92	0.23
56.69	7.31
59.3	7.31
60.67	2.97
61.57	8.89
64.82	8.89
67.54	8.89
69.45	0.59
72.0	2.05
72.2	1.95
73.13	1.95
73.94	5.0
74.99	5.0
77.76	7.61
79.71	7.61
82.33	7.61
83.76	4.52
86.01	4.52
89.46	1.37
91.03	1.37
91.24	1.37
94.29	10.51
94.82	10.51
96.19	2.81
96.84	2.81
99.6	7.75
101.04	7.75
102.54	1.18
105.33	1.18
106.05	1.18
108.04	1.47
108.44	0.71
109.17	0.71
110.55	0.71
111.62	9.9
112.88	1.75
113.13	1.75
116.14	1.75
118.2	8.52
119.19	8.52
122.24	8.52
123.55	3.79
123.7	3.79
124.11	1.24
126.92	1.87
127.67	1.87
129.43	6.44
131.33	6.44
132.7	7.34
133.16	7.34
134.38	1.85
136.44	1.85
137.71	0.62
139.53	0.62
141.75	0.62
144.84	0.43
146.54	0.43
146.88	0.43
149.98	7.57
151.59	7.57
152.72	7.57
155.46	8.86
156.34	8.36
158.96	8.36
159.62	8.39
160.36	8.39
161.96	2.94
162.7	2.77
165.09	2.77
168.47	6.19
170.91	6.19
171.56	10.1
174.31	10.89
177.06	8.1
179.7	7.23
181.24	9.3
181.53	9.3
184.15	10.71
184.87	10.71
185.95	10.71
189.02	7.64
191.39	7.64
191.88	7.64
194.28	4.79
194.84	7.19
195.4	3.2
195.66	3.2
198.25	3.2
198.51	9.28
198.95	9.28
200.85	6.87
202.89	6.87
204.41	6.87
206.07	2.82
208.67	2.82
211.37	2.82
212.3	1.67
215.44	9.44
217.43	1.08
219.88	3.46
220.19	3.46
223.26	5.37
224.42	5.37
225.9	5.37
226.55	6.45
227.47	6.45
229.96	8.97
231.22	8.97
233.09	8.97
235.8	6.6
239.19	6.6
242.15	6.6
243.23	4.59
245.66	4.59
247.25	4.59
247.43	0.35
248.84	10.45
249.05	10.45
249.62	10.45
252.32	8.9
