0.22	1.02
3.46	0.7
6.62	0.7
7.16	0.7
8.76	10.33
11.85	10.33
14.85	10.33
15.24	1.84
16.37	1.84
16.83	8.7
18.48	8.7
20.4	4.09
21.72	4.09
22.48	4.09
22.84	3.14
23.72	3.14
24.91	2.94
25.07	2.94
27.08	2.94
30.45	4.71
32.92	4.71
35.87	4.71
36.8	5.17
40.09	9.49
40.92	9.49
44.32	4.77
47.02	8.62
49.82	8.62
51.32	8.62
53.71	4.85
56.03	4.85
58.44	4.85
59.84	6.9
60.44	2.47
62.57	7.01
64.65	7.01
66.87	7.01
69.52	8.38
71.8	8.38
72.66	8.5
73.45	8.5
73.83	8.5
74.7	0.99
76.68	0.99
80.12	0.99
82.81	9.61
82.94	9.61
85.72	9.61
87.94	7.68
89.01	6.78
91.52	6.78
92.68	7.75
93.27	7.75
96.57	9.99
97.89	9.99
98.52	7.71
100.85	7.71
101.54	7.71
102.45	8.53
104.16	8.53
104.87	8.53
107.27	8.75
110.6	8.75
113.45	2.62
115.54	3.67
117.77	3.67
118.86	1.65
121.64	1.65
123.02	4.28
124.52	1.97
125.48	1.82
126.21	1.82
127.26	0.27
130.63	1.29
131.62	1.29
134.11	1.29
137.43	8.81
138.84	8.81
139.04	8.81
141.53	3.0
143.98	3.0
144.53	10.26
146.51	10.26
148.69	10.26
148.98	2.35
150.93	9.66
154.28	8.17
157.45	7.71
157.82	1.66
161.21	6.17
161.91	2.03
164.45	2.03
166.3	0.69
167.74	0.69
170.12	0.69
171.28	2.11
172.03	2.11
173.51	4.92
176.08	4.92
178.58	4.92
181.3	0.2
184.41	0.2
187.15	4.02
189.55	4.02
192.07	4.02
193.02	4.25
193.65	4.25
195.45	7.57
198.11	7.68
201.51	7.68
203.59	7.68
206.52	0.26
209.89	0.26
211.84	0.26
214.74	4.95
216.23	4.95
216.47	4.8
219.28	4.8
221.67	4.8
223.33	1.11
225.04	7.84
225.55	7.84
228.56	7.84
231.12	6.88
232.16	6.88
232.67	6.88
234.68	7.44
237.48	7.44
239.4	7.44
241.6	2.29
245.04	4.24
246.07	4.24
247.46	4.24
250.75	10.81
