1.01	3.38
2.43	3.38
5.16	3.38
7.23	4.59
10.03	7.74
11.84	7.74
13.25	8.01
15.82	8.01
16.09	8.01
19.38	3.93
22.48	3.93
24.57	2.56
26.72	2.56
28.16	9.95
29.49	4.24
30.51	4.24
30.81	10.95
31.8	10.95
34.94	10.95
38.4	3.1
41.63	3.1
43.75	8.95
45.7	8.31
47.68	8.26
50.9	6.9
52.6	6.9
54.76	4.16
57.96	2.21
59.69	2.82
59.8	2.82
60.47	2.82
62.73	8.27
64.07	8.27
65.44	8.27
66.72	1.07
69.18	1.07
71.39	2.97
74.66	2.97
77.02	5.09
78.56	7.73
80.1	7.73
82.22	7.73
85.11	4.03
87.37	4.03
88.9	4.03
89.6	2.93
91.29	2.93
94.38	1.26
94.5	1.26
96.95	4.24
97.19	4.24
97.41	4.24
97.95	6.56
99.49	6.56
102.17	6.56
103.16	10.92
104.4	10.92
106.36	7.18
108.23	0.89
110.54	10.72
111.93	10.72
113.2	10.72
115.93	0.21
117.18	0.21
118.49	8.81
119.67	6.37
122.04	6.37
122.92	2.88
124.45	4.79
125.01	0.57
127.97	0.57
131.21	0.57
133.6	3.73
135.31	3.73
138.26	3.73
139.06	2.11
139.78	2.11
142.16	7.98
144.51	7.98
146.48	8.59
148.88	8.59
152.36	8.59
154.08	7.47
156.97	6.27
158.03	6.27
159.91	10.56
162.73	10.56
163.12	10.36
165.76	10.36
166.62	9.76
169.66	10.04
173.05	10.04
174.57	9.29
176.24	6.73
177.75	6.73
178.89	6.73
182.27	5.09
183.4	5.09
183.68	6.47
186.01	6.47
189.03	6.47
190.31	6.59
191.07	6.59
193.82	6.59
194.08	3.11
196.03	3.11
197.47	7.23
199.25	7.23
202.72	8.59
204.13	2.96
207.08	2.96
207.64	2.96
210.31	1.87
213.17	1.87
216.09	1.87
218.36	6.75
221.48	6.75
223.73	10.64
226.06	5.52
228.44	5.52
229.39	5.52
231.91	7.32
234.09	7.32
235.93	1.85
239.18	1.85
242.35	9.18
245.34	5.22
248.42	8.91
250.76	8.91
