2.8	2.74
3.32	2.74
5.25	8.16
6.47	6.58
9.96	6.58
11.51	9.03
14.23	9.03
15.19	9.99
15.5	9.8
15.72	9.8
16.31	1.47
16.49	5.95
17.28	3.2
20.18	3.2
22.7	3.2
26.03	3.84
29.32	3.84
29.52	2.88
30.41	10.43
31.94	4.74
32.63	4.74
33.54	4.74
33.8	7.46
35.74	7.46
39.14	7.46
39.5	4.4
42.56	4.42
44.45	9.57
47.85	9.57
50.95	9.57
52.05	5.95
55.01	5.95
56.33	8.55
58.3	8.55
60.79	5.27
62.54	5.27
65.94	5.27
68.67	5.12
71.94	5.12
73.75	5.12
75.82	0.99
77.83	0.99
79.02	0.99
82.22	6.39
83.22	6.05
86.25	9.84
87.09	9.84
88.58	9.84
89.38	10.17
91.51	10.17
94.42	10.17
95.46	0.54
96.36	0.54
99.14	0.54
102.19	3.62
102.84	7.4
103.12	7.4
104.13	2.09
105.82	2.09
107.05	2.09
108.27	2.08
109.83	2.08
111.34	2.08
111.72	8.72
114.35	8.72
115.48	9.33
117.56	9.28
118.54	8.93
119.6	0.82
120.33	0.92
122.56	0.92
125.77	1.53
127.72	5.05
128.01	5.05
129.07	0.32
131.7	4.89
133.87	4.89
134.69	10.59
134.84	7.8
136.15	7.62
138.52	7.62
140.81	9.6
141.89	9.6
143.52	10.29
143.65	7.0
146.54	7.0
148.06	7.0
150.64	1.45
153.82	10.89
156.46	1.21
158.23	1.21
160.71	1.21
163.46	7.87
164.51	5.39
165.48	5.39
167.46	5.39
167.6	10.49
167.87	1.05
170.53	1.05
172.95	1.05
174.89	10.73
175.97	10.73
178.89	10.73
179.51	2.62
179.91	2.62
181.47	1.96
182.8	1.96
183.66	5.35
185.33	5.35
187.91	5.35
190.05	10.88
190.59	10.88
191.14	10.88
192.46	8.99
194.86	8.99
195.33	1.46
197.63	4.45
198.9	4.45
201.25	4.45
202.15	1.79
205.28	1.79
205.63	1.79
205.83	6.12
206.24	6.12
207.71	6.12
209.15	1.69
212.48	1.69
213.9	1.69
215.97	4.43
219.22	4.43
221.51	4.43
221.99	1.74
224.55	1.74
225.16	1.74
227.71	0.68
230.24	9.53
230.84	9.53
231.95	9.53
234.37	1.18
235.4	1.18
236.24	1.18
236.83	9.9
240.31	3.08
241.47	3.08
243.88	0.92
244.75	0.92
245.51	0.92
247.75	3.43
248.1	9.1
248.9	9.1
251.86	7.3
