2.21	4.68
3.71	7.46
6.89	9.97
7.37	9.97
9.83	9.97
11.73	0.92
14.2	0.62
17.11	0.62
17.62	0.62
18.9	8.69
20.28	2.63
23.53	7.1
26.95	7.1
27.65	1.14
29.15	1.14
31.34	1.14
32.16	6.97
33.96	6.97
35.48	6.97
38.48	1.15
41.66	1.15
42.96	1.15
43.54	3.35
46.77	3.7
49.8	3.7
51.22	3.7
53.59	3.93
54.4	5.76
55.34	4.48
57.69	4.48
61.15	2.13
62.44	2.13
62.96	2.13
64.83	6.2
66.97	6.2
68.9	7.78
69.59	6.74
72.13	6.74
72.87	9.95
76.15	5.66
77.82	5.66
80.14	3.95
82.36	4.49
83.21	2.46
83.81	2.46
86.76	8.72
87.9	8.72
89.92	8.72
91.77	0.89
92.76	0.89
93.13	1.92
93.46	1.92
95.0	1.92
96.86	6.24
99.91	6.24
100.25	6.24
102.37	7.26
104.11	10.06
106.82	10.06
110.12	10.06
111.49	6.08
114.22	6.08
115.52	6.08
117.32	4.12
119.56	4.12
120.27	4.39
123.16	4.39
125.4	0.67
126.34	0.67
129.25	2.54
130.87	7.24
133.65	10.49
136.39	10.49
138.85	6.47
142.22	6.47
144.37	6.47
146.36	5.14
149.34	5.14
151.39	5.14
154.09	1.48
156.69	1.48
157.66	2.68
160.18	8.53
162.39	8.53
164.34	8.53
165.66	4.24
168.38	4.24
169.96	4.24
170.49	5.87
172.78	5.87
173.45	9.89
174.95	3.88
175.43	3.88
175.57	0.21
175.87	0.21
177.23	2.18
177.79	2.18
181.13	2.18
183.38	7.89
184.42	7.89
187.56	7.89
189.84	1.26
190.25	1.26
190.48	8.91
191.92	10.34
192.48	10.34
193.93	5.26
197.43	5.26
200.06	5.26
200.2	1.8
200.66	1.8
201.35	1.8
203.63	0.26
204.33	0.26
205.1	1.43
206.56	1.77
207.51	1.77
207.65	4.57
210.96	4.57
213.51	8.77
216.33	10.49
218.64	10.49
221.68	10.08
222.46	10.08
224.04	3.41
226.04	3.41
229.52	3.41
230.52	5.35
230.79	5.35
231.03	0.56
233.2	0.56
236.23	1.89
238.93	9.94
239.42	9.94
239.75	9.94
241.84	4.05
244.73	4.05
246.09	0.75
247.22	5.01
247.66	5.01
248.65	5.01
248.89	9.28
249.15	9.28
251.96	3.36
