0.3	7.77
2.95	7.77
5.95	9.35
7.02	6.72
7.99	5.16
11.21	5.16
12.81	5.16
13.78	8.63
15.73	8.63
18.1	7.18
20.05	7.18
23.24	7.18
25.04	1.46
27.99	2.88
28.48	8.5
29.78	9.44
32.82	9.44
34.02	8.59
34.56	8.59
36.26	3.28
39.23	3.28
41.71	2.97
44.05	3.34
45.23	3.34
48.21	3.34
49.86	4.47
50.71	5.82
53.15	5.82
56.39	5.82
59.06	7.14
59.44	5.31
62.32	9.3
63.38	9.3
63.5	3.29
66.89	3.29
68.86	3.29
69.73	2.72
71.94	3.2
74.93	3.2
75.13	3.2
76.22	9.9
78.59	9.9
79.47	1.46
82.81	8.18
85.67	8.18
86.76	8.18
88.91	6.67
89.11	0.52
91.65	0.52
91.75	0.52
93.42	7.41
95.32	7.41
97.08	7.89
100.43	7.89
103.21	8.87
105.8	8.87
107.74	10.47
108.18	6.88
109.39	6.88
111.44	5.49
112.89	5.49
114.49	8.82
116.65	8.82
117.75	8.55
118.54	7.96
120.49	7.96
123.88	3.08
124.13	4.73
124.79	4.73
125.17	2.74
126.5	2.74
129.77	5.11
132.56	5.11
133.43	5.11
134.31	10.48
137.44	10.48
139.78	10.48
140.53	9.64
143.62	5.24
144.67	5.24
145.43	5.24
146.53	0.66
149.49	4.5
151.24	4.5
153.76	1.56
154.78	1.56
157.81	4.74
158.08	10.04
160.34	10.04
162.63	10.04
163.2	8.44
166.18	8.44
168.11	8.44
170.64	9.82
172.44	1.33
174.22	9.36
174.96	10.03
177.45	10.03
178.61	10.03
178.98	5.9
180.3	5.9
182.23	4.85
183.93	4.37
184.25	4.34
186.38	9.93
188.59	9.93
189.52	4.44
189.85	4.44
190.85	4.44
190.98	2.27
191.47	10.58
193.49	10.58
195.19	10.58
196.78	2.68
198.04	2.68
198.6	2.68
200.09	5.89
203.57	5.89
205.3	5.89
206.22	3.55
208.49	3.55
210.4	3.44
211.83	8.62
212.9	8.62
214.28	10.75
216.32	10.75
217.84	10.75
219.17	3.32
220.94	4.27
221.7	5.0
223.84	5.0
225.6	10.71
226.86	10.71
227.82	2.92
228.99	2.92
231.25	2.92
234.28	5.64
234.53	9.48
236.2	9.48
238.92	1.02
241.37	1.02
242.56	1.02
243.65	1.74
246.43	1.74
248.46	1.74
250.22	1.31
