2.95	0.41
6.06	0.41
9.1	0.41
12.56	8.22
12.72	8.22
15.53	8.22
16.09	8.99
16.31	8.99
17.34	8.99
19.65	8.44
20.71	7.43
21.0	7.43
22.52	2.71
23.09	3.15
23.9	4.85
24.07	4.85
25.24	1.68
26.34	1.68
29.15	1.68
29.9	10.15
31.44	10.15
31.77	9.91
32.86	9.91
35.87	3.23
36.54	2.88
37.85	2.88
38.37	2.88
40.65	7.55
43.8	7.55
46.96	3.28
49.18	3.28
52.04	3.28
53.98	6.85
55.78	4.22
57.83	8.82
60.13	1.94
62.37	1.94
65.78	1.94
68.69	6.82
71.26	6.82
71.5	8.56
74.87	8.56
75.89	0.56
76.17	8.55
79.45	8.55
80.67	8.55
83.04	2.65
85.37	2.65
85.57	5.84
88.95	5.84
91.44	5.84
93.95	7.08
96.23	7.08
98.73	1.71
101.59	0.57
103.49	0.57
104.08	9.56
107.4	9.56
109.36	9.09
112.27	9.09
113.8	6.32
114.96	6.32
116.93	2.69
120.33	1.0
122.51	6.6
125.82	0.54
126.22	0.54
127.02	10.36
128.19	10.36
129.95	5.72
130.32	7.63
131.37	8.86
134.51	6.6
137.39	6.6
140.19	8.13
143.43	8.42
144.4	8.42
145.49	3.49
148.14	7.9
149.94	7.9
153.36	9.02
154.22	9.02
157.48	3.45
159.77	3.45
161.04	3.45
163.06	0.64
164.66	0.64
167.72	2.96
170.25	9.95
173.46	9.95
174.22	9.95
176.07	7.46
178.99	7.46
179.59	9.92
181.43	9.92
183.3	1.42
185.19	1.42
186.68	1.42
188.06	1.11
191.16	1.11
192.18	1.11
194.98	5.55
195.96	5.55
196.54	6.62
198.31	6.62
199.7	2.5
200.25	2.5
202.39	2.5
202.6	10.45
203.75	10.45
206.28	10.45
207.06	7.03
209.09	7.03
210.82	6.09
213.1	6.09
214.23	5.13
217.28	5.13
219.93	5.13
222.87	9.23
224.66	9.23
226.54	9.23
227.33	5.46
229.53	2.98
230.86	2.98
232.14	2.98
233.2	3.63
233.75	3.63
235.04	3.63
236.26	4.86
236.96	4.86
238.47	4.86
240.28	3.02
240.84	3.02
243.34	3.02
244.01	3.57
244.87	3.57
245.0	9.74
247.08	9.74
247.27	9.74
248.02	6.48
250.28	6.48
