1.15	1.71
2.13	10.84
3.78	10.84
4.09	10.84
4.86	10.62
5.39	7.98
8.28	7.98
9.64	1.09
10.34	7.0
12.68	7.0
14.27	7.0
17.4	8.7
19.83	8.7
20.55	8.7
23.23	9.3
23.99	9.3
25.55	9.3
26.44	10.01
28.96	10.01
30.67	1.98
31.83	3.72
33.95	8.07
35.65	8.07
37.41	7.09
38.05	7.09
39.27	4.24
40.9	4.24
43.05	4.24
45.25	4.94
46.02	4.94
49.36	4.94
49.51	1.21
50.25	1.21
53.0	6.03
55.6	9.06
56.4	9.06
58.03	5.92
58.33	5.92
61.25	4.16
63.3	4.16
63.82	6.68
64.6	6.68
66.89	6.68
69.63	7.43
70.97	7.43
72.77	7.83
73.82	8.81
74.83	10.09
75.18	10.09
75.57	10.09
76.54	6.14
76.68	6.14
77.0	6.14
78.96	7.16
82.39	7.16
83.95	9.14
85.11	9.14
86.4	9.14
88.67	10.03
91.61	10.03
94.51	4.66
97.45	4.66
99.73	4.66
103.06	4.2
106.2	4.2
108.88	4.2
111.41	5.32
112.64	7.61
115.44	7.61
118.59	9.45
121.44	9.45
123.06	1.62
125.62	1.62
126.74	1.62
129.64	6.74
130.63	6.74
131.1	6.74
133.51	5.17
135.64	5.17
138.45	5.17
138.91	1.66
139.13	5.97
140.49	5.97
142.56	6.91
145.92	7.23
147.83	7.23
148.41	7.23
150.79	4.92
151.79	4.92
153.76	9.9
154.99	10.55
155.48	10.55
157.05	10.55
158.91	1.44
162.34	1.44
164.4	7.4
165.94	7.4
167.13	9.71
168.52	2.79
169.47	1.71
172.26	2.86
174.55	7.22
176.51	3.21
178.93	3.21
180.88	3.21
184.02	0.89
186.68	0.89
187.94	8.3
188.07	8.23
190.01	10.47
190.22	3.55
190.62	7.05
192.06	7.05
192.22	7.05
193.69	7.71
196.74	2.95
199.74	2.95
200.56	1.74
203.96	1.74
204.22	1.74
204.45	0.36
206.83	0.36
208.18	0.36
210.85	2.83
211.47	3.26
212.34	3.26
213.42	1.93
214.37	8.93
216.2	8.93
218.84	7.83
219.96	7.83
222.2	7.83
225.11	2.79
228.38	2.79
230.66	2.26
233.35	8.46
235.64	8.46
235.78	8.46
236.7	0.49
238.43	0.49
238.93	7.38
239.35	7.38
241.47	5.33
244.03	5.33
247.17	0.67
250.45	5.34
