1.53	1.68
2.71	1.68
4.58	1.5
5.34	1.5
8.64	1.5
9.45	5.5
10.77	5.5
10.95	5.5
12.33	0.45
14.63	0.45
15.24	0.45
18.13	2.11
18.86	2.46
19.14	2.46
19.75	2.46
22.05	6.73
24.0	6.73
25.38	8.46
25.71	8.46
26.84	10.72
29.03	10.77
30.7	2.96
33.24	2.96
35.51	2.96
36.05	8.4
39.1	8.4
40.86	4.53
43.58	4.53
43.93	4.53
44.46	3.94
46.93	3.94
50.28	9.54
51.21	9.54
51.56	7.85
53.37	7.85
54.39	7.85
55.54	10.12
57.72	7.99
61.13	7.99
61.68	5.89
64.17	5.89
66.62	9.62
69.4	9.62
71.64	9.62
73.15	8.64
74.65	5.1
77.63	5.1
80.44	5.1
82.89	7.71
85.47	7.8
88.3	7.8
90.23	1.48
90.97	0.86
93.65	0.86
96.78	0.86
97.25	8.05
99.9	8.05
101.94	5.0
103.78	5.0
104.46	3.85
105.48	3.85
107.8	3.85
110.9	8.51
112.65	8.51
112.8	8.51
115.06	8.85
118.52	5.44
120.02	5.44
122.6	10.14
125.7	2.9
126.17	2.9
126.36	8.01
128.91	8.01
130.98	8.01
131.49	7.36
133.14	7.36
135.91	7.36
137.33	3.06
140.32	1.2
142.8	7.77
145.85	7.73
146.92	7.73
147.74	7.73
150.66	5.06
152.84	3.1
153.67	3.1
156.41	9.28
156.74	9.28
157.07	8.91
159.21	8.91
159.58	3.07
161.24	2.0
163.46	2.0
166.22	2.0
167.08	6.33
168.65	6.33
169.01	10.24
170.93	10.24
172.03	10.24
173.39	8.83
175.94	8.83
176.19	8.83
177.72	0.91
180.72	5.96
182.26	4.65
182.42	4.65
183.9	4.65
187.12	7.38
190.41	7.38
191.2	7.38
193.72	10.96
194.23	10.96
197.44	10.96
199.1	6.42
202.02	3.87
202.38	3.87
203.27	3.87
205.4	4.77
206.83	4.77
207.36	2.22
208.66	5.07
209.94	3.71
210.27	7.04
211.98	7.04
215.23	7.04
216.63	8.74
219.21	8.74
219.59	5.24
222.86	5.24
224.1	5.24
227.34	2.85
227.66	2.85
230.82	6.99
233.72	6.99
237.06	9.62
240.07	1.13
242.48	10.74
242.61	10.74
243.11	10.74
244.09	8.62
247.16	8.62
248.15	0.45
250.01	0.45
