1.13	6.74
1.59	6.74
4.74	7.93
6.3	7.93
8.97	9.14
12.07	9.14
13.22	9.14
14.11	8.09
15.59	8.09
18.32	8.54
21.64	8.54
24.51	10.33
26.76	10.33
27.5	1.5
30.06	5.05
31.07	5.05
34.48	5.05
37.45	0.89
39.1	0.89
40.48	0.87
43.62	0.87
43.9	0.87
46.25	4.56
47.49	4.56
47.94	4.56
50.42	9.01
51.75	9.01
54.77	6.39
56.95	6.39
57.32	1.32
59.26	1.32
59.7	3.46
59.81	3.46
63.18	7.0
65.01	7.0
65.43	8.36
66.18	5.1
68.46	7.51
69.75	7.51
71.91	7.51
73.15	2.01
76.42	2.01
77.17	2.01
78.56	5.42
81.86	5.42
83.16	5.87
83.71	5.87
86.87	5.87
87.43	9.2
88.18	3.6
91.03	4.74
93.88	4.74
96.33	4.74
99.51	4.32
102.36	4.32
105.03	4.32
105.6	10.22
108.27	10.22
109.92	9.81
112.79	9.81
115.93	0.9
118.93	8.54
119.71	10.84
121.87	8.96
122.57	8.96
123.33	0.87
125.06	0.87
126.69	0.87
129.05	5.59
130.37	5.59
133.61	5.59
135.89	10.88
137.17	10.88
138.35	9.48
139.98	9.48
141.82	9.48
143.55	1.42
144.68	1.42
145.05	7.45
147.66	5.28
148.47	5.28
150.54	5.28
151.92	5.08
153.73	5.08
156.49	4.68
159.1	4.68
159.52	4.68
160.28	8.98
160.97	8.98
163.71	8.98
164.17	2.76
166.8	3.67
170.24	3.67
172.5	10.94
175.16	10.94
176.8	9.05
179.43	9.05
179.68	9.05
181.98	7.54
185.04	7.54
187.67	7.54
188.15	1.63
189.71	1.63
190.49	8.46
191.8	8.46
192.34	1.81
193.13	1.81
195.23	8.07
197.4	8.07
199.52	8.07
202.07	10.53
202.22	6.37
205.57	6.37
206.41	3.64
207.96	6.89
209.21	6.89
212.66	6.89
215.49	6.99
218.86	6.99
219.3	6.99
220.5	4.36
221.68	1.01
224.62	1.01
227.87	0.21
230.52	0.21
231.56	0.21
232.95	1.46
233.67	1.46
237.07	1.46
240.57	4.21
243.4	4.21
245.48	8.07
246.91	8.07
247.28	8.07
247.61	2.37
250.96	2.37
