1.33	2.1
1.59	2.1
4.85	2.1
7.78	0.61
8.6	5.22
9.47	7.8
12.29	7.8
14.47	4.0
15.22	4.0
16.9	4.0
19.58	9.0
20.29	9.0
23.13	9.0
24.98	7.68
27.68	7.68
27.99	7.68
31.4	4.54
34.53	4.54
36.28	6.66
39.53	1.18
40.27	1.18
41.98	1.18
43.74	0.49
47.04	0.49
49.8	4.88
53.01	4.88
56.08	7.34
58.39	1.82
58.92	8.01
60.31	8.01
60.57	8.01
60.97	5.17
61.44	4.98
63.37	4.98
64.64	5.56
66.56	2.8
68.48	2.8
68.8	3.64
68.95	3.46
69.87	3.46
70.81	3.46
71.09	2.85
71.56	6.9
73.64	6.9
74.01	7.2
75.77	8.7
78.8	7.81
81.68	7.81
84.01	7.81
87.46	1.0
89.19	1.0
89.96	8.23
93.11	3.59
95.5	3.59
97.27	4.71
97.95	4.71
98.91	6.41
101.04	6.41
103.08	4.26
103.3	4.26
105.67	4.26
106.01	3.14
108.31	8.03
110.07	8.03
110.95	8.03
113.68	1.88
113.98	1.88
114.63	1.88
116.08	8.04
117.4	10.05
118.59	1.13
121.82	0.2
122.32	0.2
124.78	6.73
127.4	8.81
130.82	8.81
131.16	8.81
134.64	3.55
137.66	3.55
138.0	0.64
141.33	0.64
144.61	4.95
145.46	4.95
147.29	3.38
148.27	7.32
149.57	7.19
151.7	8.22
153.9	8.22
154.89	8.57
158.37	8.57
160.91	8.59
161.13	0.9
163.8	0.9
164.18	0.9
167.19	7.61
169.14	7.61
172.53	7.61
172.93	3.35
175.4	7.13
177.8	7.13
180.98	10.05
181.26	10.05
184.31	9.6
186.11	7.8
188.93	7.8
190.33	7.8
190.83	5.7
194.3	2.83
194.53	2.83
198.01	2.83
201.5	5.16
204.82	5.16
205.22	7.2
205.38	4.97
205.73	5.45
208.55	5.45
209.74	2.56
211.56	2.56
214.86	2.56
215.33	8.59
218.31	8.59
218.82	9.05
222.06	9.61
222.68	8.64
224.67	8.64
225.8	8.64
227.31	9.02
228.47	7.54
230.51	2.62
232.61	2.62
235.56	2.62
236.17	0.52
238.86	8.06
239.86	8.06
240.51	8.09
242.24	2.27
244.81	2.27
247.43	2.27
248.26	6.71
248.79	9.88
250.16	9.88
