1.12	2.91
3.5	2.91
4.09	1.07
6.8	1.07
7.48	9.6
9.44	9.6
11.27	6.11
11.82	10.02
14.91	10.02
18.37	10.02
21.53	4.61
23.0	4.61
25.71	4.61
28.99	1.09
31.18	1.09
33.2	1.09
35.73	10.27
37.52	10.27
39.58	6.2
40.84	6.2
43.46	6.2
46.5	10.82
48.93	10.82
49.12	10.82
49.75	4.25
51.45	4.25
54.64	2.08
57.24	2.08
59.84	9.45
62.05	1.19
64.82	0.53
66.59	0.53
70.07	5.84
71.24	5.84
72.79	7.99
74.6	7.99
74.85	7.38
76.18	7.38
76.32	7.38
78.25	9.1
78.37	9.1
81.34	9.1
82.86	9.87
84.37	9.87
85.3	10.69
85.43	10.69
86.9	9.4
89.83	2.08
91.59	5.57
95.03	5.57
97.78	6.22
98.74	6.22
101.07	4.71
102.42	8.64
105.26	8.64
107.81	8.64
109.0	4.62
111.97	4.62
113.45	1.82
116.01	1.82
118.45	1.82
119.68	1.17
120.14	1.17
122.01	1.17
122.46	2.29
125.74	2.29
128.57	2.29
129.75	1.62
133.0	1.62
133.27	5.07
136.33	5.07
138.75	2.14
141.63	10.44
143.42	3.63
146.24	3.63
148.52	3.63
151.42	4.64
153.77	8.09
157.09	8.09
158.73	3.5
160.28	3.5
162.44	9.6
162.64	5.6
164.97	6.85
166.14	2.64
168.61	2.64
171.07	2.64
172.29	9.09
174.53	5.8
176.09	5.8
179.22	5.8
180.28	10.52
183.01	3.13
183.76	3.13
187.1	5.09
188.88	5.09
192.07	5.09
195.38	8.44
196.72	0.46
196.97	7.31
197.13	7.31
199.63	1.91
200.97	1.91
202.46	1.91
205.2	10.23
208.23	10.23
210.61	10.23
212.78	9.77
214.1	2.29
216.25	2.29
217.39	1.61
218.86	6.08
220.32	6.08
220.84	5.09
221.87	5.09
225.31	5.09
226.61	10.66
227.01	10.66
227.39	5.49
229.7	3.89
232.22	3.89
233.26	2.28
235.46	2.28
237.83	2.28
239.57	1.4
240.09	1.4
241.96	4.8
242.94	4.8
245.98	4.8
246.42	7.64
248.33	7.64
250.54	7.64
