3.26	8.15
5.35	8.15
8.11	8.15
11.49	7.85
12.94	7.85
13.5	7.24
16.8	7.24
18.54	1.09
19.72	4.32
20.67	10.66
23.21	10.66
25.75	10.66
29.0	9.55
29.99	9.55
32.14	7.17
35.31	7.17
36.49	7.17
38.8	2.04
42.29	2.04
45.56	1.13
47.1	1.13
47.64	7.86
49.25	7.86
50.06	4.62
51.43	1.52
52.24	1.52
53.68	1.52
54.92	6.02
56.09	6.02
57.74	2.43
60.33	2.43
60.65	2.43
63.38	5.55
65.12	5.55
67.49	3.05
70.0	3.05
72.3	4.73
74.38	4.73
75.08	4.73
75.48	7.43
77.38	7.43
79.81	6.46
81.49	6.46
82.5	1.55
85.17	1.55
85.52	1.55
86.74	9.04
87.56	1.4
90.57	2.84
91.29	2.84
91.54	2.84
93.6	5.89
94.86	5.89
95.62	4.76
98.95	4.76
102.16	2.17
104.16	2.17
107.22	9.32
109.27	9.32
109.38	9.32
112.84	9.12
113.8	5.16
114.53	5.16
115.15	0.84
116.77	0.84
119.97	8.45
123.25	8.45
123.57	0.53
125.95	0.53
126.43	4.61
128.65	4.86
130.74	4.86
132.58	3.77
134.5	3.77
136.37	7.62
137.67	7.62
140.88	7.62
142.29	6.73
143.06	6.73
144.89	6.73
145.26	4.18
146.59	1.8
149.72	1.8
152.67	8.08
154.91	8.08
157.87	8.08
159.94	0.43
162.34	0.43
163.14	0.7
165.58	0.7
168.41	0.7
171.72	9.0
174.06	9.0
174.64	7.15
176.3	7.15
177.14	7.15
178.81	4.17
179.55	2.65
179.81	0.8
181.46	0.8
182.19	5.96
183.53	2.13
185.36	2.13
187.88	2.13
189.8	8.23
190.22	8.23
192.05	2.14
195.14	2.14
195.78	2.14
197.96	5.75
199.07	9.35
201.35	2.47
204.1	2.19
206.87	2.19
207.64	2.19
208.66	9.48
210.44	9.48
211.81	9.48
214.94	2.81
215.83	10.3
219.17	1.26
219.89	1.26
221.44	10.05
223.08	10.05
224.28	6.12
226.46	6.12
229.47	6.12
230.44	3.22
233.16	5.88
234.05	5.88
235.47	8.72
235.9	8.72
236.68	8.97
237.58	8.97
239.24	8.97
240.41	6.56
243.46	6.56
246.5	6.56
246.76	9.93
248.02	9.93
249.26	9.96
250.79	10.32
