1.52	2.82
2.73	2.82
6.11	10.87
6.92	7.28
7.77	7.28
10.96	7.28
12.18	0.5
15.54	0.5
18.01	1.67
19.67	1.67
22.9	1.67
26.0	8.68
26.55	8.68
29.77	8.68
32.49	2.51
34.59	2.51
37.17	2.51
37.56	10.13
40.64	10.13
42.09	10.13
43.28	1.04
44.9	10.39
47.27	7.86
48.4	7.86
50.82	1.8
53.77	1.8
55.3	1.8
58.64	5.72
59.66	8.37
62.84	4.19
65.35	10.78
66.97	10.78
68.24	8.66
69.24	8.66
70.67	8.66
72.76	10.74
73.25	10.74
74.14	10.74
74.55	9.89
77.11	9.89
79.04	7.58
80.65	5.34
83.62	5.34
85.3	5.34
86.13	3.77
89.52	3.77
90.27	9.12
92.21	4.1
93.25	7.83
93.53	7.83
94.03	7.83
94.28	7.34
96.96	7.34
99.14	7.34
100.43	5.66
103.82	5.66
106.11	5.66
107.2	8.84
107.49	8.84
108.61	9.84
109.63	9.84
110.02	8.33
110.96	4.39
112.99	9.71
114.99	10.99
117.72	10.99
118.58	10.99
118.77	3.79
120.31	3.79
122.85	5.39
123.37	5.39
123.67	4.95
125.43	4.95
126.16	4.95
126.46	7.08
126.68	7.08
128.1	7.16
128.9	7.16
129.39	7.16
131.93	7.67
132.91	7.67
134.94	7.67
137.7	7.53
139.18	7.53
139.51	7.53
140.09	7.78
141.35	7.78
141.9	7.78
145.34	8.33
146.89	8.33
147.31	6.91
148.53	2.01
149.55	2.01
149.77	2.01
152.89	9.45
155.68	9.45
158.45	9.45
160.63	0.43
161.06	8.51
162.57	1.78
165.58	1.78
165.88	1.78
166.59	5.89
167.12	5.89
170.06	5.89
171.44	0.3
172.65	0.3
172.86	0.3
175.61	3.58
177.76	2.6
179.32	2.6
182.67	2.6
184.9	6.3
185.92	8.84
189.06	8.84
190.71	8.84
193.81	3.84
195.6	7.99
197.24	4.78
199.58	10.81
200.52	10.81
201.04	7.23
202.55	7.23
205.99	7.23
207.67	1.6
211.13	1.6
213.34	1.6
215.92	6.63
219.1	5.94
220.09	5.3
223.37	5.3
223.61	5.3
224.07	2.37
226.7	2.37
230.09	2.37
232.7	7.68
233.18	7.2
236.59	7.2
236.85	7.2
238.37	10.33
241.6	10.33
244.28	10.33
245.37	3.64
246.24	3.64
248.27	3.64
249.41	5.65
251.41	5.65
