3.09	1.76
5.76	1.76
6.97	10.21
9.07	10.21
9.86	10.21
12.25	4.46
14.53	4.46
15.68	4.56
16.35	4.56
19.33	7.51
21.91	7.51
22.91	1.94
24.02	6.99
26.29	6.99
27.43	6.99
28.96	4.96
30.76	4.96
32.79	4.96
35.44	7.42
35.74	7.42
37.72	1.82
40.08	4.92
41.08	4.92
41.3	4.92
42.95	7.36
45.12	7.36
46.29	7.36
48.55	2.24
50.4	3.77
52.11	3.77
52.41	3.77
54.06	7.99
56.77	7.99
58.86	5.91
59.31	5.91
62.76	5.82
63.97	5.82
66.11	1.71
68.4	6.17
71.64	6.26
75.0	6.68
75.31	6.68
76.8	6.68
79.85	10.73
81.65	10.73
82.7	7.19
85.61	7.19
87.44	7.19
88.16	5.29
91.64	1.45
92.21	1.45
94.59	3.16
97.63	3.16
98.22	8.73
99.26	9.34
101.89	9.34
104.01	9.34
104.64	7.33
107.24	7.33
109.51	0.98
110.23	0.98
112.63	0.98
114.17	4.21
114.4	4.21
116.87	4.21
117.61	4.83
120.76	0.64
121.51	5.1
124.44	5.1
125.44	5.45
128.77	5.45
129.06	7.5
129.93	7.5
130.34	7.5
132.14	9.63
133.72	9.63
136.32	9.63
137.07	4.72
137.9	4.72
140.75	4.72
141.11	7.69
142.4	7.69
144.72	7.69
147.55	3.43
148.39	3.43
150.64	6.01
151.72	7.95
153.73	1.73
155.92	1.73
157.92	7.43
158.68	7.43
160.18	7.43
162.15	4.31
163.44	4.31
166.59	6.99
168.99	6.99
170.56	6.99
172.83	3.99
176.08	3.99
176.51	3.99
179.64	0.33
180.21	0.33
183.53	0.33
185.07	1.1
186.23	1.1
189.58	1.1
190.05	4.14
193.36	4.14
195.68	4.14
199.17	6.25
201.09	5.22
201.22	5.22
201.62	5.22
204.06	8.91
204.37	8.91
206.77	8.91
208.92	5.72
209.56	5.72
210.32	2.9
212.43	2.9
212.58	2.9
214.88	0.25
217.83	0.25
219.33	3.98
220.35	5.38
222.35	1.96
224.64	1.96
225.49	2.44
227.94	3.15
228.12	9.95
230.46	9.95
231.36	7.94
232.62	7.94
233.08	7.4
233.56	4.11
235.86	4.11
236.97	6.96
240.46	6.96
242.57	6.52
245.58	6.52
246.37	6.52
247.61	6.19
249.03	1.25
250.83	1.25
