1.93	0.66
2.09	0.66
3.49	3.7
5.26	9.73
7.65	9.73
8.51	8.94
11.09	8.94
11.75	10.01
14.31	7.03
17.71	7.03
18.69	9.28
19.66	9.28
19.96	9.28
22.41	7.18
23.41	1.78
24.0	1.78
24.47	1.78
24.64	8.96
27.85	9.62
28.49	9.62
31.58	5.38
32.15	5.38
34.28	5.38
34.83	6.3
37.03	1.91
38.15	9.7
39.0	9.63
42.23	6.59
43.44	6.59
43.54	7.1
44.8	7.1
46.27	4.27
48.37	4.27
49.18	6.71
52.67	6.71
55.33	9.24
57.84	9.24
60.32	4.66
61.06	5.45
62.66	4.5
66.15	4.5
66.91	0.31
69.86	0.31
73.21	0.31
74.01	3.79
76.83	3.79
80.24	8.79
83.59	8.79
84.47	1.0
86.95	9.33
88.39	9.33
91.19	1.37
92.08	1.76
95.3	1.76
97.8	2.09
98.07	0.92
98.19	6.2
100.96	6.2
101.16	4.8
104.23	4.8
105.19	7.48
107.84	9.41
108.66	3.61
111.28	4.58
111.45	4.58
114.06	6.47
114.74	6.47
116.27	6.66
118.95	6.66
121.04	3.47
124.15	3.47
124.53	3.47
124.72	2.97
126.88	2.97
129.61	0.74
130.65	2.48
133.34	2.48
135.1	2.48
137.42	10.81
138.48	8.21
139.71	8.21
142.27	7.59
144.44	7.59
147.57	7.59
148.35	5.99
148.56	5.1
151.68	5.1
153.76	5.1
155.62	0.74
156.15	10.66
159.14	10.66
162.06	10.66
163.69	1.68
164.49	1.68
165.26	2.04
167.11	1.8
168.58	9.31
171.97	9.31
174.64	8.18
175.28	0.9
177.3	0.9
179.66	9.92
180.92	9.92
181.75	9.92
184.73	3.62
185.89	9.74
189.01	9.74
191.49	2.91
193.95	3.86
194.13	3.86
194.58	0.67
195.89	7.48
199.29	7.48
200.19	0.68
200.55	5.52
201.95	5.52
202.81	1.12
203.71	1.79
205.87	1.79
208.38	1.79
209.45	9.2
212.15	5.61
213.78	5.61
214.95	10.98
218.18	9.04
219.25	9.04
222.01	0.41
222.99	7.59
225.72	7.59
226.78	7.59
228.0	0.99
230.64	0.99
233.22	6.8
234.21	6.8
236.13	6.66
237.71	1.32
238.79	1.32
240.82	1.32
242.94	8.72
243.23	4.47
243.72	7.09
245.01	7.09
248.46	3.8
249.22	3.8
252.41	3.8
