0.33	1.12
2.93	1.12
5.12	1.12
7.31	10.16
7.43	9.54
7.65	9.54
9.81	9.54
11.28	4.43
14.39	4.43
14.71	4.43
18.09	5.21
18.45	6.36
21.45	6.36
23.94	0.51
27.22	0.51
28.37	0.51
31.27	9.04
33.44	9.04
34.82	7.16
36.7	7.16
39.59	7.16
42.49	7.53
44.57	7.53
44.86	3.48
46.3	3.48
46.98	8.23
47.46	8.23
47.63	8.23
49.11	4.67
49.59	4.67
53.02	4.67
54.57	4.25
55.23	4.25
57.2	4.25
57.63	2.88
60.86	2.88
62.32	1.77
63.75	1.77
64.11	1.77
66.94	10.22
69.11	10.22
71.84	6.25
73.84	6.25
74.55	6.25
75.05	4.66
76.58	4.66
78.43	4.66
78.62	0.63
79.94	0.63
81.48	4.35
84.45	4.35
85.84	4.35
86.09	5.09
88.69	5.09
90.29	5.09
93.58	4.69
96.02	4.69
98.34	4.69
99.17	1.31
101.05	1.31
103.22	1.31
106.6	1.62
107.49	10.48
108.63	10.48
110.75	8.42
112.82	8.42
113.26	4.49
114.44	7.75
114.84	7.75
117.69	5.9
120.33	9.06
123.23	9.06
126.34	9.06
128.5	4.55
131.38	4.55
131.75	4.55
132.08	10.91
134.88	10.91
135.04	5.58
137.22	5.58
137.48	5.58
139.41	7.24
140.82	7.24
143.46	9.82
144.61	9.82
147.01	4.33
148.39	9.56
150.85	10.46
151.35	10.46
153.35	10.46
155.83	4.64
156.77	0.47
159.46	2.62
161.27	8.26
164.7	8.26
165.2	10.59
166.22	3.18
169.06	0.85
172.49	0.85
174.31	0.85
175.05	9.37
178.4	9.37
179.36	9.37
182.66	1.54
183.54	1.54
184.55	1.54
187.8	6.57
190.12	6.57
191.98	6.57
192.56	2.79
194.04	2.79
196.03	2.79
196.93	8.86
198.08	8.86
199.66	10.16
202.8	10.16
206.2	10.16
206.96	1.05
207.85	1.05
210.65	1.05
211.82	4.31
214.31	4.31
216.14	4.31
218.44	2.02
219.58	2.02
222.17	8.22
225.04	8.22
227.76	8.22
229.09	9.15
232.45	9.15
234.12	9.15
236.79	7.72
237.86	1.81
238.65	10.41
241.72	10.41
244.28	0.46
245.97	0.46
249.23	0.46
250.98	1.61
