0.17	4.72
2.85	2.64
4.88	2.64
7.38	0.83
9.68	0.83
10.72	0.83
12.36	4.4
14.48	4.4
17.21	4.4
17.57	4.32
20.99	2.51
23.12	3.1
24.76	3.1
26.65	3.1
29.59	7.47
31.84	7.47
34.45	7.47
37.67	1.33
38.88	1.33
40.63	1.02
42.66	1.02
44.61	1.02
45.36	1.65
46.61	1.34
47.78	1.34
49.47	1.17
50.19	6.18
53.68	7.96
55.26	7.96
56.75	7.42
58.96	1.29
60.34	10.42
63.19	10.42
63.61	10.42
64.21	6.24
66.85	2.27
68.98	2.27
69.99	2.27
73.43	3.43
76.14	7.05
79.1	7.05
81.9	5.0
82.95	5.0
83.71	8.41
85.52	8.41
86.07	8.41
87.75	0.63
88.07	0.63
88.19	0.63
89.92	1.52
91.29	1.52
91.44	3.36
93.51	7.67
95.8	7.67
97.49	9.75
100.83	9.75
104.28	8.32
107.4	8.32
108.83	8.32
110.92	6.66
113.15	6.66
114.11	6.66
114.82	1.61
117.02	1.61
120.09	4.19
122.54	4.19
123.31	6.82
126.28	8.5
128.81	8.5
130.11	3.42
131.53	6.56
133.12	6.56
135.36	3.14
137.39	3.14
137.99	3.14
141.31	0.99
141.77	0.99
144.23	0.99
145.48	9.27
147.98	9.69
150.37	9.69
152.47	4.07
154.69	4.07
155.14	8.77
156.09	8.77
157.02	8.5
159.73	8.5
161.59	8.5
164.48	10.71
166.24	10.71
167.46	7.36
170.9	6.42
171.61	7.26
173.61	7.26
177.11	1.53
180.16	9.03
183.13	9.32
185.27	6.25
187.21	6.25
188.33	2.87
188.52	2.87
191.86	9.1
192.77	6.76
195.9	6.76
198.19	10.88
201.54	10.88
204.94	0.2
207.85	0.2
211.05	0.2
212.13	7.99
212.89	7.99
213.99	7.99
216.99	6.66
219.65	5.18
219.77	7.38
223.11	7.38
223.96	1.12
226.1	1.12
227.62	1.12
229.3	7.3
232.06	0.87
235.34	5.71
237.91	5.71
238.2	5.71
238.96	8.94
239.3	8.94
239.56	9.61
242.83	9.61
246.02	9.61
249.32	5.03
252.63	4.69
