0.66	5.19
1.98	5.19
2.97	6.91
3.19	6.91
6.67	3.92
7.26	3.92
9.57	6.6
10.54	9.13
12.34	9.13
13.64	9.13
14.03	2.26
15.38	2.68
15.78	2.68
16.98	9.58
18.63	2.73
21.14	2.73
23.06	3.92
23.3	3.92
25.55	7.5
28.09	7.5
28.54	6.13
30.95	6.13
31.5	8.72
32.31	3.0
32.45	3.0
33.3	8.41
36.69	8.41
40.12	3.61
42.1	7.38
42.36	7.38
44.12	7.56
45.17	7.56
47.21	9.76
49.94	10.86
51.39	1.43
54.08	1.43
57.55	1.43
57.69	5.97
57.94	5.97
60.58	10.21
62.63	10.21
65.87	3.3
68.72	0.67
71.18	8.07
73.67	8.07
74.14	8.07
77.04	3.43
78.6	3.43
81.61	4.27
84.46	4.27
86.63	4.27
87.62	7.13
88.69	7.13
92.09	7.13
92.96	7.09
93.53	7.09
94.02	5.31
94.34	5.31
97.26	5.31
98.5	2.77
100.97	2.77
102.81	2.77
106.23	8.24
106.44	8.24
109.93	0.7
113.41	2.59
115.93	9.32
116.69	10.32
120.08	10.32
123.04	10.32
125.96	7.73
126.46	7.73
127.29	7.73
128.16	9.58
128.68	9.58
129.41	9.58
130.04	0.62
132.2	0.62
134.99	8.45
136.55	8.45
138.58	5.56
139.21	5.56
141.35	7.71
144.61	7.71
144.85	6.99
145.77	6.99
146.27	4.5
148.56	4.5
149.01	4.5
151.59	9.95
153.65	6.49
156.25	6.49
158.43	6.49
160.88	5.2
161.08	0.8
162.36	6.16
164.88	8.73
165.35	8.73
166.86	5.52
167.34	5.52
170.04	5.52
170.83	1.37
171.04	1.37
172.5	10.98
174.3	3.59
176.27	3.59
179.48	9.49
182.3	1.31
184.33	1.31
185.01	9.44
187.81	9.44
190.04	9.44
193.48	2.0
194.19	9.58
197.23	9.58
200.32	9.58
202.58	7.47
206.02	7.47
206.78	8.26
207.35	2.92
208.79	4.17
211.57	4.17
214.79	9.53
218.04	6.83
218.64	6.16
219.13	1.25
219.77	1.25
223.08	0.25
226.1	3.59
227.6	3.59
229.84	3.59
230.9	9.07
233.44	9.07
234.47	2.44
236.74	7.1
238.79	7.67
240.57	4.66
242.48	4.66
244.29	4.66
244.66	7.42
244.93	7.42
247.23	9.72
247.55	9.72
247.96	9.72
249.55	1.41
251.5	10.94
