0.43	1.63
3.28	1.63
5.22	1.63
8.07	5.48
8.67	5.48
11.36	5.29
14.14	6.57
15.1	6.57
18.35	4.3
21.76	4.3
23.54	5.67
24.65	0.36
27.69	5.08
27.98	5.08
29.82	5.08
32.16	0.81
34.51	9.0
35.84	4.51
36.71	4.51
37.62	4.51
39.12	4.95
41.75	4.95
42.81	8.82
44.46	4.43
47.04	4.43
49.94	4.43
51.4	3.53
51.66	3.53
52.29	8.8
53.17	8.8
56.15	7.99
56.3	8.58
56.52	9.74
58.17	9.74
59.31	2.8
60.84	2.8
64.11	5.63
66.13	8.84
68.4	8.84
69.37	8.84
72.81	3.48
75.46	3.48
76.73	3.9
78.75	3.9
79.67	3.9
80.9	9.99
82.31	9.99
83.43	1.5
86.13	9.46
87.93	9.46
90.99	9.46
93.22	7.41
94.09	7.41
95.34	7.41
96.65	8.62
98.82	8.58
100.85	8.58
102.64	3.95
103.75	3.74
105.44	0.96
106.43	10.04
109.63	10.04
111.09	2.0
113.57	2.0
113.77	2.0
114.79	6.51
118.24	6.51
118.63	6.51
121.49	7.62
124.93	7.62
125.63	5.24
128.29	5.24
130.52	5.24
133.69	5.51
133.96	5.51
134.32	5.51
136.87	4.04
140.03	4.04
140.14	4.04
142.56	2.34
143.81	2.34
146.45	2.34
149.14	2.34
149.75	2.34
152.08	2.34
155.57	2.05
158.12	4.99
161.25	2.25
161.83	2.25
161.95	2.25
162.58	6.05
164.26	6.05
166.22	6.05
168.15	9.49
168.39	8.48
170.26	8.48
171.63	8.48
171.78	6.31
173.91	6.31
177.24	6.31
178.72	2.64
179.25	2.64
180.62	6.96
182.88	6.96
184.43	10.19
186.27	10.19
186.43	0.93
189.52	3.17
191.32	3.17
191.89	10.08
193.78	10.08
195.03	1.36
197.95	1.36
201.24	1.36
201.41	0.9
201.58	0.9
203.89	0.9
206.35	1.08
208.63	0.22
211.54	0.22
211.76	5.55
213.56	5.55
215.95	5.55
218.56	6.58
219.97	6.58
220.74	4.02
222.29	4.02
225.68	1.41
226.53	1.41
227.67	1.41
229.77	2.64
230.96	2.64
231.6	2.64
234.68	2.6
237.11	10.98
238.59	0.23
240.66	0.23
243.68	0.23
247.12	10.34
249.52	10.34
252.89	10.34
