0.84	1.54
3.14	0.48
3.92	0.48
5.87	5.99
7.65	5.99
10.6	5.99
12.46	5.1
13.55	5.1
14.33	5.6
15.27	5.6
17.17	5.6
18.16	5.18
20.02	5.18
20.31	2.82
20.47	9.86
23.53	9.86
24.35	6.91
25.19	6.91
25.64	8.44
28.15	8.44
28.7	8.44
31.54	9.73
33.47	9.73
35.14	9.73
37.07	0.93
37.73	7.79
38.24	7.79
39.35	7.79
41.13	5.48
44.46	10.63
45.92	10.63
47.5	10.63
48.02	2.74
51.19	4.16
54.56	4.16
54.77	4.16
58.11	4.36
59.45	4.36
59.77	4.36
61.31	9.85
63.15	4.88
66.41	4.88
67.55	6.35
68.43	5.09
71.54	5.09
73.22	5.09
75.07	9.53
77.65	3.45
78.2	3.45
80.71	3.45
83.18	8.36
83.77	7.19
84.77	7.19
86.29	7.19
88.29	0.35
90.17	6.55
92.87	10.84
95.99	10.84
99.26	9.64
100.72	9.64
100.83	6.55
102.31	6.55
104.79	6.55
105.19	1.69
106.54	1.69
107.98	1.69
108.34	1.9
109.35	2.14
111.75	2.14
113.44	6.35
115.95	6.35
118.02	6.35
120.21	4.16
122.68	4.16
123.07	4.16
124.51	6.62
125.28	4.88
126.66	4.88
126.96	4.88
127.61	5.67
127.75	7.7
130.94	9.37
132.36	1.69
134.22	1.69
135.49	8.36
138.86	1.77
139.09	1.77
140.87	2.74
141.54	2.74
144.25	2.74
147.09	1.15
148.28	1.15
149.77	4.45
150.21	4.45
150.65	4.45
151.37	1.14
152.76	1.14
155.49	1.14
158.36	7.72
161.77	7.72
164.53	6.85
167.73	6.85
168.01	8.54
170.57	8.54
171.98	7.53
173.03	7.53
174.67	7.53
175.11	5.13
176.89	5.13
177.47	10.59
178.43	10.59
181.92	9.67
183.9	9.67
184.6	9.67
185.5	5.39
185.88	5.39
188.5	5.39
190.41	4.87
193.32	4.87
193.81	9.47
195.43	5.98
197.68	5.98
201.13	0.41
202.72	0.41
203.48	0.41
204.03	3.39
206.73	3.39
207.36	10.31
209.62	10.31
210.72	10.31
214.11	3.54
214.82	4.55
216.9	4.55
217.48	7.17
219.87	7.17
221.93	4.46
224.33	4.46
227.4	4.46
229.67	9.17
230.26	9.02
230.71	2.67
232.04	4.96
234.28	1.52
237.21	1.52
239.44	1.31
240.52	1.31
243.75	7.66
244.63	7.66
246.53	4.21
249.74	1.4
250.67	1.54
