0.31	7.43
1.77	7.64
3.49	9.76
6.82	9.76
8.37	6.75
10.89	6.75
11.5	6.62
14.06	6.62
16.56	6.62
19.09	2.01
20.39	2.01
21.8	5.08
23.58	4.75
24.4	6.6
27.88	6.6
28.12	6.6
28.53	6.89
32.02	6.89
34.82	6.89
35.82	7.77
37.4	7.77
39.89	7.77
43.39	1.13
45.24	1.13
46.69	1.13
48.63	9.28
51.61	3.88
51.87	0.23
53.26	0.23
56.32	3.63
57.48	3.63
57.91	3.63
58.17	10.47
60.9	10.47
61.74	5.66
64.41	5.86
65.28	5.86
67.3	5.34
67.6	5.34
69.34	5.34
72.84	8.73
75.55	10.66
78.31	10.72
81.28	7.24
84.45	7.24
86.5	10.03
89.17	10.03
90.25	1.11
90.85	1.11
93.25	3.53
95.23	4.44
98.38	2.39
99.24	2.39
100.21	2.39
102.15	8.46
105.27	8.46
105.98	9.46
108.49	9.46
108.77	9.46
109.32	6.68
112.6	6.68
113.06	6.68
114.61	10.88
116.37	10.88
119.73	2.4
120.84	2.4
122.82	10.64
123.43	10.64
124.67	10.64
126.86	5.63
129.96	5.63
133.24	3.7
136.2	3.7
138.91	9.09
141.44	9.09
143.09	8.12
145.79	3.41
146.47	6.75
148.14	8.67
151.01	8.67
152.49	0.66
153.82	2.03
155.1	2.03
158.22	2.03
159.41	3.23
161.79	1.93
162.41	1.8
163.06	0.5
166.32	0.79
169.53	6.53
169.98	6.53
170.51	4.1
171.58	9.33
172.77	9.33
173.68	8.25
176.72	8.25
178.7	6.69
181.53	6.69
182.04	10.91
184.19	10.91
187.05	3.79
188.24	3.79
189.38	3.79
190.4	7.26
190.78	4.13
191.82	4.13
194.93	4.13
196.59	5.77
199.85	4.63
200.88	4.63
204.28	2.65
206.83	0.31
207.96	1.27
208.76	1.27
210.06	2.89
211.99	2.89
213.13	0.97
214.0	9.43
216.27	9.43
219.34	9.43
222.8	0.53
223.13	0.53
224.75	0.53
225.97	3.72
227.61	3.72
229.8	6.35
233.04	6.35
234.18	2.42
235.18	2.42
238.22	2.42
238.79	2.24
240.51	2.24
241.08	7.08
242.07	6.54
244.79	6.54
246.45	6.54
247.02	6.56
247.87	6.7
250.89	6.28
