1.61	4.61
2.43	7.4
3.57	7.4
6.4	5.69
9.72	0.87
11.9	0.87
12.16	0.87
13.28	7.82
14.26	7.82
15.11	2.47
18.23	2.47
21.22	2.47
24.29	3.63
25.24	3.63
27.86	10.28
30.72	10.28
30.95	5.49
33.62	5.49
36.3	5.49
38.17	0.39
40.48	0.39
41.06	10.05
41.71	10.05
44.43	0.95
44.85	0.95
45.33	5.99
45.83	3.63
46.76	2.68
49.12	2.68
51.54	2.68
53.75	5.52
54.33	2.3
55.14	10.64
57.36	10.64
60.44	10.64
63.08	8.31
65.67	10.16
68.83	10.16
70.52	10.16
71.23	1.19
73.01	6.14
75.13	7.17
76.55	7.17
77.74	3.16
79.06	8.57
80.35	8.57
80.56	0.36
82.49	0.82
82.79	0.82
85.33	0.82
88.31	5.59
90.07	1.08
93.19	1.08
95.56	1.08
95.88	6.57
96.99	6.57
98.78	6.52
100.83	10.85
101.12	10.85
103.7	3.46
106.38	3.11
107.89	3.11
109.16	3.11
109.54	5.21
109.91	5.21
111.94	5.21
114.33	10.18
116.92	8.76
119.69	8.76
122.3	0.73
124.44	4.04
125.35	5.96
125.8	9.1
126.7	4.5
129.58	9.31
132.02	9.31
132.6	9.31
134.13	8.91
134.83	0.99
135.11	3.73
135.35	3.73
135.47	3.73
136.22	3.62
137.66	3.62
139.33	3.62
142.43	10.14
145.22	4.29
147.07	9.0
149.58	9.0
152.62	7.3
156.07	7.3
158.22	10.91
159.98	4.72
160.95	4.72
161.77	4.72
163.68	5.47
164.4	5.47
167.58	8.09
170.63	8.09
171.5	9.79
173.01	0.56
173.15	0.56
175.83	5.96
176.72	5.96
177.25	2.22
180.58	2.22
182.29	2.22
182.63	2.11
183.2	2.11
184.12	2.11
186.57	10.39
187.71	10.39
188.95	2.44
189.23	2.44
190.26	2.44
190.61	5.54
191.54	5.54
192.82	5.54
195.62	9.67
196.51	9.67
199.41	9.67
201.81	3.49
202.35	1.11
205.15	1.11
207.96	1.11
210.11	6.94
212.93	6.94
215.7	9.25
217.43	9.25
218.01	9.25
220.81	8.02
222.63	8.02
225.85	2.58
228.84	2.59
230.22	2.59
232.99	2.59
235.72	7.39
236.47	7.17
236.63	7.17
239.06	7.17
242.07	2.36
242.79	2.36
244.79	10.13
245.5	7.22
246.58	0.56
247.06	0.56
248.01	4.42
248.29	4.42
251.03	4.42
