2.46	3.66
5.19	8.76
8.58	8.76
9.15	6.25
9.94	6.25
11.73	6.25
12.49	4.72
15.91	4.72
16.68	4.72
16.95	1.28
18.16	1.68
21.35	1.68
21.77	1.79
22.66	4.64
23.85	4.64
25.02	9.39
25.24	9.39
25.89	8.01
29.02	10.87
29.58	10.87
30.71	10.22
34.0	10.22
36.8	10.22
39.08	4.69
41.75	4.69
41.86	0.31
42.98	0.31
44.38	0.31
46.31	9.38
49.33	3.09
50.9	3.09
53.89	3.09
54.11	9.99
55.18	2.31
55.81	9.23
56.07	9.23
57.25	9.23
60.18	0.61
62.88	3.07
64.47	4.72
67.13	4.72
69.11	4.72
71.34	4.6
73.68	4.6
76.0	9.98
77.15	2.1
80.07	3.2
81.46	10.7
84.34	5.84
86.21	5.84
88.64	10.12
89.27	10.12
91.57	10.12
92.43	5.85
93.73	5.85
96.11	5.85
97.2	9.33
99.06	1.98
102.1	1.98
103.78	1.98
106.12	1.52
106.31	1.52
107.31	2.2
107.96	2.2
108.82	2.2
111.88	4.61
113.58	4.61
114.96	10.29
117.06	10.29
119.03	4.07
121.29	4.07
123.99	4.07
124.98	0.23
125.96	1.96
127.14	1.96
130.09	1.96
131.0	9.84
133.15	9.84
134.49	8.44
137.23	8.44
139.35	8.44
142.33	7.53
144.9	7.53
147.04	7.53
148.42	8.59
149.59	8.59
150.65	8.59
152.7	2.82
153.46	4.37
154.67	4.37
156.97	4.37
158.35	3.89
161.32	3.89
164.52	1.92
165.16	1.92
167.23	1.92
169.85	0.7
172.22	0.54
174.15	0.54
176.73	9.57
177.29	9.57
179.09	2.5
182.23	2.5
183.37	2.5
185.23	9.49
186.36	9.49
189.17	9.49
191.03	5.24
191.91	5.24
193.73	5.24
194.28	7.03
197.5	7.03
197.64	7.11
197.97	7.11
198.82	0.42
202.2	0.42
204.9	6.49
207.54	4.65
209.62	1.5
212.27	1.5
213.6	1.5
213.79	3.98
216.81	2.89
219.24	2.89
221.17	2.89
222.47	5.31
225.37	5.31
228.38	5.31
229.08	2.37
231.71	2.01
232.04	2.01
233.5	2.01
235.04	1.97
235.59	1.97
236.66	4.19
239.77	7.25
241.77	1.13
245.15	1.13
246.45	9.36
248.94	9.36
249.66	9.36
253.14	2.15
