1.35	9.83
1.52	9.83
2.64	9.83
2.93	5.85
4.42	5.85
5.21	10.92
5.88	1.51
6.6	1.51
7.09	6.05
9.96	6.05
11.06	10.94
12.66	10.94
14.64	7.82
17.31	7.82
20.34	7.82
23.33	10.97
25.74	10.97
28.86	10.97
29.48	10.07
30.35	10.06
33.32	7.44
35.41	7.44
36.77	0.9
39.9	3.7
40.94	8.15
41.17	8.15
44.28	8.15
47.34	2.89
49.01	2.89
49.96	4.69
50.99	4.69
53.87	10.85
55.26	10.85
57.19	10.85
58.75	3.82
61.29	3.82
61.77	4.51
62.26	4.51
63.41	7.97
66.07	7.97
67.18	7.97
70.34	10.68
70.97	10.68
71.24	6.1
72.91	10.24
73.34	4.64
75.8	4.64
79.07	4.64
81.14	8.83
82.47	8.83
85.13	7.27
87.02	7.27
87.54	7.27
90.48	4.9
92.27	4.02
92.4	4.02
93.03	4.02
94.67	9.42
96.57	9.42
98.29	1.94
101.21	1.94
102.28	4.55
104.27	4.55
106.26	9.52
109.53	9.52
112.8	7.16
114.74	7.16
116.24	7.16
117.76	2.89
118.19	2.89
120.84	3.54
121.52	4.91
124.22	9.45
125.38	9.45
128.28	9.45
129.63	3.87
132.95	2.22
133.23	2.22
133.73	2.22
134.41	4.22
134.73	4.22
135.23	2.38
137.49	2.38
140.28	3.11
141.46	3.11
144.32	3.11
145.27	8.35
147.07	5.82
147.61	5.82
149.14	5.82
149.98	7.93
153.25	7.93
155.93	3.74
158.16	3.74
160.47	7.77
161.43	7.26
164.37	7.26
165.3	8.77
168.35	8.77
170.39	10.38
172.01	10.38
173.56	10.38
174.56	2.39
175.85	2.39
179.07	7.53
181.12	3.03
181.53	3.03
184.23	3.03
185.28	1.58
187.71	1.58
188.25	0.85
190.91	0.85
193.11	0.85
196.06	4.4
199.39	4.4
202.56	4.4
202.95	4.29
203.47	4.29
205.42	5.06
208.08	5.06
209.01	8.58
209.16	6.03
211.61	1.94
214.79	1.94
214.92	1.94
215.8	10.82
216.85	10.82
220.29	10.82
221.44	10.9
224.74	10.9
225.49	2.78
225.75	2.78
226.07	2.78
226.92	0.63
229.43	0.63
230.53	0.49
232.72	0.49
234.6	0.49
237.69	5.37
240.6	5.37
243.58	5.37
243.96	0.67
244.1	3.63
244.62	3.63
247.14	9.75
249.26	9.75
252.71	6.47
