1.68	6.02
2.28	6.02
2.7	2.1
2.91	2.1
3.1	2.55
3.4	2.55
6.84	0.75
9.29	0.75
12.61	8.0
14.03	8.0
17.17	3.48
17.29	3.48
20.05	5.57
21.05	5.57
23.58	1.84
24.58	1.47
27.55	1.47
29.24	7.32
30.01	1.27
32.15	1.27
34.17	0.57
35.33	0.57
38.68	0.57
41.09	3.06
42.67	3.06
44.46	3.06
45.26	5.15
45.44	5.15
46.41	5.15
47.13	5.87
50.32	5.87
53.63	5.87
56.7	5.97
58.3	5.97
60.62	5.97
63.97	10.16
65.92	10.16
68.24	10.16
71.63	4.61
73.09	4.82
74.31	4.82
76.1	4.82
79.56	5.85
80.52	6.01
81.18	6.01
81.84	6.01
83.37	10.14
85.71	10.14
86.07	9.1
88.06	2.51
88.19	2.94
90.06	2.94
91.65	2.94
92.16	7.51
94.15	3.77
96.44	3.77
96.63	3.77
98.08	3.13
100.51	3.13
100.61	1.52
103.36	1.52
104.5	1.52
107.24	8.21
107.54	8.21
107.9	8.21
108.76	4.55
112.21	4.55
112.47	4.55
115.73	2.39
117.27	2.22
119.39	2.22
122.42	0.55
125.08	0.55
125.34	6.22
126.65	6.22
128.29	5.56
131.29	8.19
133.58	3.93
136.94	6.88
140.08	6.88
143.54	7.26
144.43	7.26
145.61	7.26
146.3	8.8
148.04	8.8
150.6	8.8
152.64	2.74
155.38	0.89
157.78	0.89
161.17	4.51
163.22	7.28
166.66	7.11
170.01	7.11
170.55	10.66
171.36	5.79
171.78	5.79
175.01	5.79
176.9	10.83
177.17	10.83
180.59	1.53
181.53	1.53
184.45	6.69
187.73	6.69
189.97	10.46
191.29	7.77
194.17	10.25
195.28	10.25
198.4	10.25
200.52	6.47
201.16	8.54
202.04	8.54
203.39	8.54
204.75	8.8
206.74	8.8
207.57	8.8
209.36	6.73
210.22	6.73
211.09	3.89
213.95	3.89
216.09	3.89
218.65	6.48
222.06	6.3
224.51	2.44
227.41	2.44
228.43	2.44
231.09	5.0
231.89	5.0
232.21	5.0
233.01	3.9
233.69	3.9
236.73	3.9
238.44	8.2
240.84	7.74
241.07	7.74
241.84	7.88
242.77	7.88
245.43	7.88
246.78	9.91
248.83	9.91
252.07	9.91
