2.22	1.4
4.61	1.4
5.71	10.95
7.15	10.95
9.88	6.35
12.84	10.22
14.43	5.48
16.46	5.48
16.73	5.48
17.11	5.23
17.79	5.23
19.4	2.24
20.33	0.67
23.04	0.67
25.67	7.68
27.64	7.68
30.41	3.13
33.84	4.04
35.36	4.04
37.05	9.71
39.2	9.71
40.7	9.71
42.18	6.95
44.79	6.95
46.83	6.95
47.11	7.84
49.28	7.84
51.01	1.88
51.64	7.05
53.67	7.05
55.77	8.72
58.9	9.6
61.05	9.6
62.41	0.24
63.72	0.24
64.04	0.24
67.15	6.81
70.19	6.81
72.23	5.61
74.35	7.9
77.8	4.62
80.28	4.62
82.06	10.47
82.54	10.16
86.02	2.09
88.96	2.09
92.29	10.09
94.41	3.52
97.86	3.52
98.13	5.1
98.49	5.64
101.36	7.82
102.28	7.82
105.47	7.82
106.72	9.88
106.87	9.88
107.86	9.88
109.68	10.29
112.04	10.29
112.47	10.29
113.37	0.7
116.05	0.7
117.35	0.7
119.24	7.31
120.32	7.31
123.67	4.58
124.56	4.58
125.81	4.58
127.21	5.21
128.34	5.21
128.93	10.74
131.32	6.59
134.46	3.08
137.95	3.08
140.27	3.08
143.08	5.78
143.95	5.78
145.81	5.78
149.12	6.59
150.1	1.87
151.43	5.59
153.94	5.59
156.21	2.7
156.41	2.7
158.11	2.7
158.26	6.32
160.66	6.32
163.06	6.32
166.46	9.35
168.68	9.35
170.11	9.35
173.01	1.46
176.1	1.46
179.42	1.46
181.63	0.83
184.08	0.83
184.47	9.23
187.78	9.23
189.29	9.23
191.45	8.27
193.67	8.27
195.86	8.63
196.74	8.63
199.51	3.96
200.47	2.25
202.61	10.91
203.49	10.91
205.91	10.91
206.09	9.48
208.51	5.78
211.63	5.78
213.4	5.78
216.83	4.84
219.14	1.3
222.11	1.3
222.49	1.3
225.24	4.35
226.51	8.62
226.86	10.9
230.26	10.9
232.88	10.9
233.93	8.46
237.1	7.05
237.28	7.05
239.49	7.05
241.21	8.18
244.61	8.18
245.21	8.18
248.19	4.86
250.21	4.86
