3.21	2.99
3.4	9.08
3.7	9.99
4.94	2.05
6.46	4.48
8.44	3.53
10.19	7.45
12.7	7.45
13.82	7.11
16.17	7.11
18.82	7.29
20.92	3.82
21.28	3.82
24.09	1.84
27.23	0.21
28.82	4.57
31.96	4.57
32.26	4.57
32.83	4.19
36.02	4.19
38.51	4.19
40.86	4.6
43.45	4.6
46.38	4.6
49.81	10.66
51.96	10.66
52.4	7.28
53.92	7.28
56.92	6.21
57.38	6.21
58.5	3.81
60.97	3.81
62.31	3.81
63.03	1.98
64.52	1.98
65.22	1.98
68.12	1.52
70.43	1.93
73.02	1.93
73.2	4.77
74.75	4.77
74.96	4.77
76.21	1.76
77.5	5.45
79.38	5.45
81.77	5.49
83.73	5.49
85.24	6.78
86.83	6.78
89.49	4.31
92.14	7.6
93.12	2.54
96.56	2.54
98.24	6.47
100.69	3.8
103.5	3.8
105.8	3.8
107.56	9.4
110.55	4.47
112.1	4.47
115.09	4.47
117.52	7.97
120.83	7.97
121.07	2.88
121.34	2.88
124.1	2.64
125.72	2.64
128.59	2.64
129.2	7.87
131.59	7.87
135.01	7.87
138.27	1.64
139.62	1.64
142.77	6.9
145.78	6.41
146.04	6.41
146.74	6.41
147.78	3.22
149.56	0.69
151.07	3.84
154.42	3.84
154.55	8.04
155.56	8.04
156.43	5.28
156.66	5.28
157.94	5.28
160.22	7.46
162.56	7.46
163.43	7.46
166.15	8.75
166.57	7.62
167.26	7.62
169.34	7.62
170.72	6.63
173.36	6.63
176.78	5.43
176.98	5.43
180.33	5.43
183.77	3.33
184.41	3.33
187.57	3.33
189.94	3.26
193.22	8.46
195.34	8.46
196.84	8.46
198.37	8.51
198.53	8.51
201.74	8.51
202.87	1.95
205.07	0.99
206.08	0.41
207.08	0.41
207.79	1.31
207.94	1.31
210.91	1.31
213.48	10.46
214.94	1.97
216.44	4.19
219.26	4.19
220.58	4.19
222.88	0.26
225.08	0.26
226.01	0.26
228.0	4.22
231.09	1.67
231.34	1.67
234.23	1.67
235.53	6.5
237.41	6.5
240.31	6.5
241.12	10.71
241.6	10.71
242.32	10.71
242.58	4.5
245.67	4.5
248.17	1.85
250.07	1.85
