0.43	4.58
1.82	10.16
4.05	6.0
6.36	7.06
7.79	7.06
10.43	7.06
13.29	2.15
16.56	2.15
19.37	2.15
21.27	7.05
24.36	7.05
26.59	1.29
27.29	2.66
27.66	2.66
29.82	7.89
30.26	7.89
33.39	4.09
35.99	1.64
38.2	6.61
40.26	1.74
42.19	1.74
43.74	8.79
46.33	8.79
48.23	7.66
50.09	7.66
51.72	7.66
54.67	6.26
58.0	2.39
58.57	1.91
61.58	1.91
62.22	1.91
65.5	5.24
67.75	0.61
69.17	0.61
69.76	0.61
73.1	1.92
73.74	1.92
73.89	8.88
75.87	8.88
78.58	8.32
79.33	7.55
80.68	7.55
81.47	2.82
83.27	2.82
83.65	3.84
86.82	3.84
89.82	3.84
92.31	8.64
93.73	8.64
97.05	8.64
98.85	5.82
99.2	5.82
99.59	5.82
102.0	2.66
105.05	10.2
108.26	10.2
108.45	9.11
110.74	4.46
111.35	2.0
113.76	2.0
115.71	2.0
117.99	5.2
120.5	9.73
122.08	10.24
123.3	10.24
125.14	10.24
125.25	5.76
127.38	5.76
130.6	5.76
131.01	1.7
131.59	0.89
135.03	0.89
135.95	0.89
137.15	10.64
140.17	10.64
142.82	4.39
143.01	4.39
145.63	3.64
146.8	9.66
148.92	9.66
149.1	6.57
152.18	4.78
153.47	4.78
156.77	10.81
159.99	10.81
161.93	4.92
163.35	9.71
164.31	9.71
167.0	10.53
169.36	10.53
169.97	10.53
172.83	9.35
172.97	9.35
173.92	0.51
176.53	0.54
177.64	0.54
180.26	0.54
182.87	6.46
185.39	6.46
186.29	6.46
188.69	10.51
191.82	10.51
192.81	4.43
196.0	4.43
197.58	1.35
198.44	1.35
200.68	3.62
200.8	4.93
202.81	4.93
205.88	4.93
206.49	10.54
208.24	10.54
211.41	8.82
212.28	8.14
214.3	8.14
214.6	1.38
217.2	3.72
220.35	3.72
223.44	3.72
225.38	3.14
228.33	3.14
228.72	3.14
229.52	7.24
229.77	6.98
232.86	5.02
233.49	5.86
236.04	5.86
236.74	5.86
239.77	6.67
241.24	3.54
243.51	3.54
244.7	5.65
246.92	3.07
248.42	3.07
250.05	3.95
