3.45	4.37
4.7	4.37
5.6	3.88
6.22	3.88
8.4	6.12
8.67	0.45
11.55	0.45
13.87	0.45
16.1	7.22
19.24	7.22
19.47	2.96
20.16	2.96
21.41	0.21
23.68	0.21
24.72	0.21
25.81	4.59
28.4	4.59
28.98	3.53
29.95	3.53
31.16	3.53
34.2	0.85
35.61	0.85
36.46	0.85
37.89	0.33
39.83	8.74
43.08	8.74
43.5	1.42
43.96	1.42
47.31	8.49
48.92	8.49
49.32	5.06
51.79	5.06
55.1	3.34
55.82	1.66
58.89	1.66
59.7	8.34
60.02	8.34
61.68	9.72
62.41	9.72
63.16	9.72
66.24	2.6
68.92	2.6
69.08	2.6
71.79	4.16
72.77	4.16
75.3	7.17
76.65	7.17
78.34	7.17
80.65	9.79
81.35	9.79
83.52	1.56
85.89	1.56
86.07	1.56
89.42	0.4
91.44	8.1
92.78	1.29
95.42	1.29
96.8	2.92
97.68	2.92
98.68	1.65
101.37	1.65
101.7	8.61
104.09	8.61
104.59	9.33
104.82	1.57
106.06	1.57
109.52	1.57
111.48	10.07
112.68	10.07
114.6	9.53
115.18	9.53
115.74	1.37
116.81	1.91
119.99	1.91
121.46	1.91
124.37	6.47
127.58	9.81
130.44	9.81
132.81	7.53
133.78	6.67
136.34	4.93
137.07	4.93
140.48	4.93
140.84	5.02
141.09	10.7
142.27	10.7
143.0	9.94
143.77	9.94
145.62	9.94
147.87	8.42
148.08	8.42
151.21	7.37
152.32	7.37
155.54	8.11
158.19	8.11
160.28	8.11
162.99	10.75
165.24	10.75
165.73	10.75
166.12	7.64
166.29	7.64
168.69	7.64
169.09	4.56
169.63	4.56
170.35	4.56
171.32	5.34
174.36	1.95
175.19	1.95
178.61	10.27
180.47	10.27
181.88	10.27
182.85	3.89
184.7	3.89
187.48	3.89
190.51	5.62
192.19	6.16
194.16	6.16
195.16	6.16
197.77	3.27
198.14	3.27
200.95	3.27
204.08	8.49
207.33	8.49
208.5	8.49
209.12	2.18
212.48	2.18
213.78	2.18
216.81	10.0
219.84	10.0
222.4	7.86
224.39	10.29
225.3	10.29
227.74	3.97
227.9	3.97
229.6	3.97
230.39	3.17
233.15	3.17
236.32	3.17
239.39	4.25
239.51	4.25
240.9	8.46
241.5	1.14
242.55	6.94
244.38	7.83
246.23	8.18
248.04	8.18
251.46	8.18
