1.71	3.8
2.17	3.8
4.95	5.63
7.08	5.63
8.05	5.63
10.26	0.77
11.44	0.77
14.91	0.77
15.36	3.05
16.62	3.05
17.03	3.05
19.44	1.43
20.71	1.43
23.42	9.41
23.66	9.41
26.83	9.41
28.69	10.61
31.15	10.61
32.94	10.61
34.53	5.61
35.11	1.79
36.65	1.79
37.32	2.1
39.98	2.1
40.26	2.1
41.91	5.33
44.7	5.33
47.65	5.33
50.5	2.67
53.89	2.67
55.75	2.67
58.68	3.19
62.03	3.19
63.09	3.19
65.95	5.25
67.96	5.25
71.14	5.25
74.43	10.05
76.47	10.05
77.46	2.49
80.18	0.84
82.59	0.84
85.84	6.3
87.92	4.93
91.29	4.93
94.6	7.23
96.51	7.23
97.2	7.23
97.8	2.86
100.11	2.86
101.27	2.86
101.39	1.19
104.75	1.19
106.91	1.19
110.24	4.18
110.55	4.18
113.45	3.48
115.73	3.48
119.18	3.48
119.29	5.84
120.58	5.84
123.53	6.05
125.32	6.05
127.18	1.68
128.7	8.27
128.98	8.27
130.63	5.14
133.34	5.14
134.85	9.89
135.62	4.71
138.54	4.71
141.66	10.33
143.62	5.54
147.09	5.54
148.66	5.54
151.63	9.67
154.32	9.67
155.18	8.5
157.66	8.5
158.87	3.44
159.68	3.44
161.45	3.44
163.78	6.52
165.78	6.52
168.65	9.24
171.19	9.24
171.87	9.24
172.27	2.42
173.91	2.42
176.2	2.42
179.68	1.55
181.79	1.55
183.72	8.38
186.7	9.87
190.12	10.83
192.78	10.83
196.27	10.83
197.84	7.18
199.4	4.26
201.52	4.26
201.85	6.4
203.4	6.4
206.24	8.0
208.04	8.0
210.42	9.64
212.15	9.64
213.54	3.35
214.44	3.35
214.74	3.35
217.19	9.16
220.36	9.16
223.56	9.16
224.45	8.36
225.81	8.36
227.58	9.46
228.89	1.07
230.7	1.07
232.92	9.57
233.68	9.57
235.55	1.96
239.02	1.96
242.35	1.96
244.4	8.39
245.75	4.89
249.03	2.69
252.07	2.69
