0.76	10.66
0.99	7.59
3.81	7.59
4.63	7.59
6.53	9.03
8.87	9.76
11.52	9.76
12.32	4.17
15.24	4.17
16.6	0.82
19.84	0.82
21.52	2.43
22.01	2.43
25.39	2.43
26.46	7.91
29.5	7.91
31.7	8.21
35.11	1.44
36.7	1.44
39.43	1.44
40.41	4.34
42.66	10.93
45.73	10.93
47.88	4.58
50.24	4.58
53.72	0.78
54.78	0.78
58.02	0.78
59.52	4.7
60.31	9.65
63.6	9.65
65.62	9.65
66.51	5.39
67.29	5.39
67.85	5.39
69.33	5.07
72.74	5.07
72.97	2.06
75.33	2.06
78.03	1.48
78.22	1.48
81.25	6.54
83.87	3.18
84.49	3.18
87.49	3.18
88.24	10.96
90.44	3.54
93.63	3.54
94.98	10.95
98.1	10.95
100.22	2.82
100.75	2.82
101.54	5.74
101.7	5.74
102.76	5.74
106.04	3.96
107.57	3.58
108.14	3.58
109.88	3.58
111.61	1.89
114.96	1.89
115.87	5.81
118.59	5.81
121.01	1.43
124.09	1.43
125.97	8.66
129.35	3.8
129.84	3.84
131.92	3.84
134.15	3.84
137.02	0.68
140.42	0.68
141.73	0.24
143.4	5.88
145.2	5.88
148.22	4.4
149.44	4.4
149.63	4.4
152.15	3.45
154.85	3.45
158.08	3.45
159.92	0.62
162.03	0.62
163.1	0.62
164.43	7.39
167.12	7.39
168.61	1.64
169.39	1.64
169.57	2.93
170.92	2.93
171.33	2.93
173.14	5.19
173.79	5.19
174.62	5.19
175.78	7.3
177.58	3.78
178.39	3.78
179.88	3.78
182.63	8.58
185.06	7.96
185.49	7.14
188.79	7.14
190.38	7.14
193.48	0.76
194.36	0.76
194.49	10.92
197.9	10.92
198.77	5.04
200.55	9.03
201.07	9.03
202.69	9.03
205.08	10.44
206.03	0.57
207.85	0.57
211.14	0.57
214.57	1.94
218.04	5.81
219.47	2.22
221.74	2.22
224.71	10.0
227.28	10.0
230.3	10.0
231.22	3.69
232.28	3.69
233.78	3.69
235.07	5.37
235.21	10.77
235.8	10.77
236.92	3.62
239.12	3.62
240.96	4.13
241.8	7.12
242.49	7.12
242.69	7.12
243.4	6.38
244.76	10.66
247.03	10.66
249.52	2.46
251.45	2.46
