0.48	9.71
2.15	9.71
5.52	1.98
7.4	7.07
9.17	7.83
10.04	7.83
10.61	7.83
11.44	8.88
13.49	5.68
16.74	5.68
18.46	5.68
19.79	1.44
21.41	1.44
24.07	10.28
24.99	10.28
28.37	10.28
31.75	1.96
35.18	1.96
38.63	1.96
38.74	10.31
41.18	1.37
42.77	1.37
42.96	1.37
45.54	9.84
47.92	9.84
50.36	9.98
51.82	9.98
55.19	5.89
56.18	5.89
58.76	5.89
61.18	5.9
61.52	5.9
64.83	5.9
67.23	4.86
70.61	4.86
72.07	4.86
73.54	4.15
75.73	1.91
76.53	1.91
78.54	9.84
80.08	6.68
82.98	6.68
85.33	6.68
86.19	8.27
88.21	7.51
91.65	7.51
94.4	0.85
96.28	0.85
97.24	5.63
97.95	7.02
100.92	4.86
101.31	4.86
101.65	4.86
104.62	3.35
107.43	6.49
109.79	6.49
111.18	0.87
113.79	5.58
114.89	5.58
115.17	5.58
115.54	4.25
116.16	0.26
117.73	1.11
118.41	1.11
121.82	1.11
124.44	8.81
127.59	3.07
129.8	3.07
130.11	3.07
133.51	10.26
135.48	10.26
138.0	2.01
140.61	0.33
142.96	0.33
145.83	3.97
148.88	3.97
150.71	2.81
151.89	2.81
155.04	2.81
157.08	3.43
159.23	3.43
162.34	3.43
165.41	10.83
168.61	9.07
170.27	9.07
171.8	9.07
174.61	4.65
176.14	7.73
178.16	7.73
180.23	7.73
182.75	0.89
185.35	0.89
188.77	7.58
190.16	7.62
190.96	1.62
191.35	6.05
191.55	5.63
192.66	5.63
194.99	8.87
196.06	8.87
198.37	3.49
199.06	3.49
201.34	10.22
204.22	10.22
207.35	10.22
207.84	5.28
210.14	5.28
213.21	10.8
213.53	10.8
215.06	10.8
217.53	6.15
219.63	6.15
219.78	4.37
220.58	5.67
221.8	5.67
224.61	5.67
226.84	1.44
230.13	1.44
231.04	1.44
232.51	2.23
235.75	2.23
235.96	2.23
237.36	9.4
238.8	5.82
242.18	1.31
242.51	1.31
243.8	1.31
244.07	4.31
244.25	3.76
246.56	4.17
249.87	5.21
252.89	6.36
