0.51	6.26
1.4	6.26
3.8	6.26
4.11	1.96
6.95	1.96
9.06	1.96
9.52	9.95
12.21	9.95
13.82	9.95
16.97	0.95
20.06	2.55
22.49	2.55
23.86	7.67
26.99	7.67
28.62	4.2
30.01	2.92
30.24	2.92
31.94	2.92
34.6	4.71
36.16	4.43
37.46	4.43
38.56	4.43
40.92	1.68
41.72	0.28
42.73	1.44
46.09	1.44
47.33	5.91
47.99	5.91
48.91	5.91
51.23	6.03
51.79	8.09
53.49	8.09
56.98	8.09
58.79	2.77
61.56	6.31
62.78	6.31
65.97	6.31
68.87	4.54
72.28	4.54
75.52	7.08
78.27	7.08
79.59	7.08
80.58	5.38
80.92	5.38
83.3	8.69
86.0	8.69
87.1	8.69
90.23	10.6
92.88	0.63
95.51	2.51
98.57	2.51
101.36	8.85
102.07	8.85
102.41	2.79
102.77	2.36
103.1	4.06
104.85	4.06
105.51	4.06
106.54	5.13
107.27	9.73
109.77	9.73
110.1	9.11
112.89	9.11
115.07	5.62
116.23	8.4
116.39	4.93
117.86	4.98
120.17	4.83
122.64	4.83
123.3	9.36
123.66	8.28
126.8	8.28
127.44	2.35
128.09	5.76
128.26	3.76
129.12	3.76
129.89	3.76
131.85	10.54
133.48	10.54
133.79	5.16
136.38	8.39
138.81	2.65
141.52	2.65
142.05	7.71
145.35	7.71
148.84	7.71
150.31	4.19
153.4	10.96
154.9	10.96
157.27	5.07
157.72	8.25
160.67	8.25
163.52	8.25
164.51	4.07
167.2	4.07
169.92	4.07
170.5	6.69
171.96	3.17
175.32	3.17
176.3	3.17
176.51	0.72
179.38	0.72
180.63	4.93
182.99	7.18
183.51	7.18
185.9	7.18
188.59	9.75
190.24	3.48
191.89	7.67
193.75	7.67
194.06	8.87
195.5	8.58
196.9	8.74
199.6	8.74
202.44	8.74
202.7	7.04
204.78	1.42
207.83	1.42
208.89	6.34
210.39	6.34
211.05	3.03
212.96	3.03
213.83	10.63
215.53	10.79
217.42	10.79
219.08	10.79
221.79	8.61
225.08	8.61
228.03	8.61
228.69	7.81
230.32	9.87
233.09	9.87
234.09	9.87
235.58	9.4
236.17	9.4
238.27	6.49
239.13	4.65
240.81	4.65
241.59	4.65
243.59	0.28
245.28	6.44
245.66	6.44
248.35	9.5
250.99	9.5
