1.03	0.3
4.09	0.3
5.46	6.91
6.03	6.91
8.16	6.91
8.39	7.76
9.05	8.84
9.31	8.84
10.26	8.84
13.17	2.8
16.66	2.72
19.51	5.09
19.62	5.09
20.51	5.09
21.21	3.46
23.39	3.46
25.32	10.26
26.71	2.95
27.2	1.27
28.28	1.27
29.59	7.51
29.96	7.51
31.77	7.51
34.15	0.39
37.39	9.26
39.61	9.26
39.99	9.26
42.33	4.19
44.11	2.79
46.7	2.79
48.24	1.13
49.23	1.13
50.15	1.31
53.16	7.1
55.93	7.1
56.38	7.1
59.58	7.24
60.7	7.26
61.35	7.26
64.0	7.26
66.23	8.35
67.77	8.35
68.57	10.72
71.53	9.19
73.1	10.17
76.14	10.17
79.26	7.5
82.65	7.5
85.46	3.71
87.09	1.1
90.13	8.77
92.59	8.77
94.29	8.13
97.46	8.13
100.26	8.13
102.46	0.83
105.96	0.83
108.18	10.09
111.43	10.09
111.91	7.64
113.32	7.64
115.65	4.32
118.11	4.32
120.26	4.32
122.36	5.48
123.47	3.09
125.11	3.09
127.26	3.73
129.24	10.41
132.36	1.5
132.86	3.41
135.22	3.41
137.3	9.64
140.68	9.64
142.0	9.64
144.86	1.95
147.32	1.95
150.56	10.17
150.98	10.17
153.98	2.72
154.09	2.72
155.51	6.1
157.42	7.96
160.12	7.96
162.82	7.96
163.94	4.53
165.17	4.53
167.78	1.88
169.04	8.29
170.96	8.29
171.56	8.29
172.2	6.1
174.47	10.7
177.53	10.7
180.12	5.9
183.37	5.9
186.62	2.81
189.29	2.96
192.39	2.96
193.12	2.96
194.13	7.78
196.5	9.06
198.28	7.35
200.69	7.35
201.81	4.77
204.22	4.77
205.84	2.93
208.09	2.93
208.49	2.93
210.68	6.07
211.27	6.07
211.55	9.56
213.73	1.38
216.5	1.38
218.14	9.01
220.72	9.01
221.61	9.01
222.16	0.54
224.8	0.52
225.21	0.52
226.04	0.52
229.41	7.09
230.44	7.09
232.03	7.09
232.5	1.94
235.97	9.95
237.04	4.18
240.2	6.61
243.53	6.61
246.17	6.61
246.59	3.28
247.11	9.88
247.71	9.88
251.05	9.88
