2.86	46.43
5.0	46.43
5.82	27.09
6.75	27.09
9.65	52.9
11.75	34.33
14.13	34.33
17.58	34.33
20.55	45.05
22.44	13.12
24.75	25.72
25.57	39.69
29.04	39.69
29.44	39.69
30.31	19.13
30.7	8.23
31.21	22.84
33.66	22.84
34.45	22.84
37.54	42.23
39.79	42.23
40.16	14.69
41.23	14.69
44.68	14.69
47.25	20.27
49.09	21.08
51.02	21.08
52.6	21.08
53.1	6.56
53.79	27.05
55.35	27.05
55.78	27.05
56.05	24.17
57.66	33.87
60.77	72.07
63.21	72.07
65.73	31.66
68.78	31.66
71.34	31.66
72.82	1.17
74.27	1.17
75.43	1.17
77.6	72.78
78.09	37.6
81.29	37.6
83.2	37.6
84.38	68.81
85.87	9.96
88.75	12.01
91.87	52.19
93.96	52.19
95.75	52.19
97.95	73.24
99.66	58.99
100.83	58.99
103.98	2.85
104.57	36.27
105.48	53.07
107.15	53.07
109.45	53.07
112.35	59.37
113.69	58.58
114.59	50.48
116.53	50.48
119.73	50.48
120.82	33.73
124.17	33.96
127.57	16.14
129.67	16.14
129.92	2.49
132.0	29.81
133.84	43.89
137.21	61.02
139.1	5.07
139.66	5.07
142.3	5.07
142.9	52.83
145.71	63.95
146.13	19.81
148.01	25.76
149.66	57.11
151.5	57.11
154.17	57.11
157.49	24.02
158.36	24.02
159.5	24.02
160.92	5.27
163.98	5.27
167.04	5.27
167.3	60.94
169.61	60.94
171.94	65.19
174.79	65.19
176.49	58.32
179.52	66.77
181.75	66.77
184.22	53.88
184.9	53.88
187.42	28.56
188.76	28.56
190.65	23.69
193.14	32.03
195.23	32.03
196.71	6.32
198.78	37.39
199.87	40.26
203.36	40.26
203.91	40.26
204.84	55.8
207.85	55.8
208.7	69.0
211.01	69.0
211.77	55.91
215.13	55.91
218.38	55.91
220.31	31.76
220.45	31.76
221.85	31.76
223.72	6.45
226.47	13.6
229.15	13.6
230.18	13.6
233.53	72.37
235.72	72.37
237.48	23.54
240.89	2.16
242.28	2.16
243.11	2.16
246.01	20.68
248.91	20.68
252.22	4.72
