2.05	55.59
3.98	2.96
5.93	50.45
6.89	50.45
8.03	50.45
10.64	62.77
12.87	61.95
15.27	36.69
16.1	22.62
18.77	40.46
19.21	40.46
19.34	4.3
19.8	1.14
22.33	71.49
25.71	71.49
28.83	71.49
29.74	50.55
30.1	27.43
32.22	27.43
35.2	27.43
36.09	2.76
38.58	27.61
40.51	27.61
41.52	27.61
43.08	11.32
44.11	11.32
46.04	11.32
48.44	49.31
50.14	49.31
53.03	49.31
55.13	12.72
56.36	12.72
59.42	12.72
59.95	61.07
61.95	61.07
64.47	11.12
65.08	11.37
65.46	11.37
66.35	11.37
66.59	29.85
67.2	3.08
69.17	3.08
70.31	3.08
71.46	53.76
74.47	53.76
76.89	53.76
77.67	45.96
80.96	71.44
81.21	71.44
84.68	68.24
85.04	68.24
88.09	67.93
90.88	67.93
92.23	63.42
95.59	63.42
97.52	63.42
98.48	67.33
101.08	35.96
103.46	47.17
105.8	47.17
109.15	29.2
110.72	29.2
111.64	29.2
113.19	42.24
113.78	42.24
114.83	42.24
115.77	61.95
117.49	61.95
118.36	61.95
120.81	49.42
121.4	49.42
122.76	49.42
125.21	68.11
126.72	68.11
126.95	68.11
127.85	35.29
130.55	35.29
131.03	35.29
133.48	43.74
134.13	43.74
136.2	43.74
136.95	8.86
140.15	8.86
141.87	33.39
144.62	34.24
147.83	34.24
148.89	34.24
152.14	19.93
152.47	62.57
153.46	62.57
154.03	62.57
155.0	72.95
157.12	72.95
159.89	72.95
162.08	21.78
164.52	60.86
165.83	10.38
168.75	10.38
171.79	24.38
172.85	24.38
176.13	6.12
178.26	6.12
179.96	6.12
180.65	37.73
183.83	37.73
187.31	37.73
188.47	9.88
190.88	46.65
191.82	46.65
193.29	69.85
193.77	69.85
196.35	69.85
197.55	60.34
199.94	60.34
202.23	28.3
203.78	5.22
204.0	5.22
205.86	3.49
207.94	3.49
210.86	3.49
212.43	41.35
212.74	3.96
214.36	3.96
214.71	6.0
217.84	1.97
218.72	1.97
221.76	1.97
225.21	52.09
228.11	52.09
231.23	52.09
233.24	35.65
234.53	4.34
235.16	4.34
235.62	23.87
239.06	23.87
242.54	70.96
244.9	70.96
247.04	70.96
248.99	32.14
251.31	23.35
