2.56	52.19
3.29	52.19
6.0	28.11
8.68	28.11
11.83	29.25
13.09	29.25
14.32	29.25
16.6	47.76
16.79	62.8
18.26	62.8
21.19	62.8
21.75	46.15
22.56	51.74
25.76	51.74
26.36	71.25
27.37	71.25
29.97	71.25
31.11	12.02
33.53	12.02
34.84	12.02
37.0	18.82
38.12	18.82
40.58	57.85
40.68	0.56
42.11	0.56
43.57	60.32
46.16	60.32
47.74	60.32
51.18	1.05
53.42	1.05
53.77	10.71
56.67	10.71
57.98	44.87
58.18	44.87
61.05	8.37
62.13	8.37
64.7	24.68
67.82	24.68
69.4	24.68
72.01	45.37
74.64	51.94
76.09	51.94
77.41	51.94
80.61	64.15
81.17	64.15
84.44	64.15
84.58	52.41
87.21	52.41
88.89	62.96
91.23	62.96
92.44	62.96
95.67	16.91
97.47	16.91
100.14	16.91
103.46	41.72
104.05	41.72
107.04	14.15
110.34	31.58
112.89	12.74
115.86	42.33
117.29	27.1
120.07	27.1
123.1	72.58
124.0	58.64
124.43	58.64
125.22	4.64
127.48	4.64
130.03	4.64
130.77	22.39
132.15	45.75
135.4	6.39
138.32	6.39
140.19	6.39
140.86	65.24
143.12	65.24
144.62	53.72
144.91	53.72
146.88	14.68
148.61	14.68
149.36	14.68
150.58	4.04
151.15	4.04
154.0	4.04
154.88	21.15
155.25	21.15
157.62	21.15
158.49	72.95
161.88	25.36
163.74	43.39
166.81	43.39
168.2	43.39
169.21	21.57
170.56	21.57
172.41	21.57
175.15	36.98
175.99	36.98
176.42	14.98
178.77	66.95
179.12	66.95
180.19	17.17
181.73	22.33
182.34	22.33
183.18	34.58
183.96	34.58
187.13	34.58
188.09	17.95
190.2	17.95
192.45	67.22
194.83	67.22
195.58	56.38
197.41	56.38
200.07	0.25
200.53	0.25
202.47	52.41
203.1	52.41
205.69	72.06
206.6	72.06
207.92	11.46
209.43	11.46
210.8	11.46
212.98	2.11
213.65	2.11
217.11	21.88
220.0	21.88
222.07	21.88
225.53	23.03
228.8	23.03
231.54	22.99
233.45	22.99
234.49	63.69
235.62	68.83
236.25	68.83
237.97	55.94
239.05	5.26
241.08	5.26
244.37	48.8
245.95	48.8
247.86	22.94
250.75	69.68
