2.64	64.78
4.14	64.78
5.89	7.18
6.55	7.18
7.89	7.18
9.96	53.47
11.09	53.47
14.45	65.78
14.87	65.78
16.06	28.54
17.88	28.54
18.85	28.54
20.59	46.17
21.83	46.17
22.89	2.06
23.04	2.06
24.57	47.93
27.78	47.93
29.94	47.93
30.16	59.38
31.73	59.38
34.27	59.38
36.59	19.95
38.89	57.52
41.58	57.52
41.98	57.52
43.64	48.35
46.15	48.35
49.58	1.16
52.77	1.16
55.45	62.91
58.4	4.84
59.02	27.69
62.16	41.94
63.84	41.94
64.07	17.84
65.5	17.84
67.04	43.43
70.26	43.43
72.75	43.43
74.44	61.58
75.45	58.13
76.09	57.31
79.38	57.31
82.35	57.31
85.49	1.25
86.92	1.25
90.06	22.38
92.73	22.38
94.18	22.38
97.35	20.07
99.02	14.18
102.48	14.18
103.6	14.18
104.04	72.27
106.54	72.27
109.8	72.27
112.4	12.27
114.17	12.27
116.75	12.27
116.95	4.9
119.97	5.63
123.26	27.12
125.01	4.75
126.12	4.75
129.05	73.66
130.77	23.01
130.89	23.01
131.65	23.01
131.91	22.19
134.19	22.19
135.13	22.19
137.44	48.41
138.45	48.41
140.54	42.57
142.41	21.94
145.9	21.94
146.07	21.94
146.78	14.32
148.9	14.32
150.28	68.2
151.18	62.98
153.64	62.98
157.12	62.98
158.75	69.0
159.25	69.0
161.39	69.0
163.81	50.39
167.01	50.39
169.31	8.37
172.53	8.37
174.04	53.15
177.41	53.15
179.88	40.34
181.52	40.34
182.58	40.34
184.96	9.57
186.16	9.57
186.98	9.57
188.91	35.35
189.13	35.35
190.5	35.35
193.32	7.69
195.35	27.68
198.13	71.77
199.69	71.77
202.5	71.77
204.12	8.41
206.27	8.41
208.0	8.41
209.52	28.3
211.77	15.68
213.57	15.68
216.85	15.68
219.88	67.71
222.54	67.71
223.82	67.71
226.22	9.62
228.16	9.48
229.37	68.59
231.76	68.59
232.8	68.59
233.93	16.85
234.88	16.85
237.11	16.85
239.13	36.52
240.69	36.52
241.69	36.52
244.74	47.82
247.13	47.82
249.62	47.82
253.02	12.33
