1.35	65.99
1.52	65.99
2.64	65.99
2.93	38.8
4.42	38.8
5.21	73.45
5.88	9.16
6.6	9.16
7.09	40.18
9.96	40.18
11.06	73.6
12.66	73.6
14.64	52.3
17.31	52.3
20.34	52.3
23.33	73.78
25.74	73.78
28.86	73.78
29.48	67.62
30.35	67.58
33.32	49.7
35.41	49.7
36.77	5.02
39.9	24.09
40.94	54.54
41.17	54.54
44.28	54.54
47.34	18.61
49.01	18.61
49.96	30.88
50.99	30.88
53.87	72.94
55.26	72.94
57.19	72.94
58.75	24.94
61.29	24.94
61.77	29.62
62.26	29.62
63.41	53.29
66.07	53.29
67.18	53.29
70.34	71.81
70.97	71.81
71.24	40.52
72.91	68.79
73.34	30.55
75.8	30.55
79.07	30.55
81.14	59.19
82.47	59.19
85.13	48.49
87.02	48.49
87.54	48.49
90.48	32.29
92.27	26.33
92.4	26.33
93.03	26.33
94.67	63.19
96.57	63.19
98.29	12.09
101.21	12.09
102.28	29.93
104.27	29.93
106.26	63.86
109.53	63.86
112.8	47.79
114.74	47.79
116.24	47.79
117.76	18.61
118.19	18.61
120.84	23.02
121.52	32.37
124.22	63.38
125.38	63.38
128.28	63.38
129.63	25.31
132.95	13.98
133.23	13.98
133.73	13.98
134.41	27.65
134.73	27.65
135.23	15.1
137.49	15.1
140.28	20.07
141.46	20.07
144.32	20.07
145.27	55.92
147.07	38.62
147.61	38.62
149.14	38.62
149.98	53.04
153.25	53.04
155.93	24.38
158.16	24.38
160.47	51.9
161.43	48.42
164.37	48.42
165.3	58.77
168.35	58.77
170.39	69.78
172.01	69.78
173.56	69.78
174.56	15.2
175.85	15.2
179.07	50.27
181.12	19.57
181.53	19.57
184.23	19.57
185.28	9.66
187.71	9.66
188.25	4.67
190.91	4.67
193.11	4.67
196.06	28.88
199.39	28.88
202.56	28.88
202.95	28.13
203.47	28.13
205.42	33.39
208.08	33.39
209.01	57.44
209.16	40.05
211.61	12.09
214.79	12.09
214.92	12.09
215.8	72.79
216.85	72.79
220.29	72.79
221.44	73.35
224.74	73.35
225.49	17.85
225.75	17.85
226.07	17.85
226.92	3.13
229.43	3.13
230.53	2.2
232.72	2.2
234.6	2.2
237.69	35.55
240.6	35.55
243.58	35.55
243.96	3.42
244.1	23.66
244.62	23.66
247.14	65.44
249.26	65.44
252.71	43.07
