2.94	21.92
6.02	23.52
6.85	4.68
9.54	4.68
10.31	4.68
12.54	31.78
14.47	59.21
15.19	59.21
16.34	59.21
19.68	1.63
19.88	36.82
21.27	36.82
23.74	36.82
26.5	73.44
27.46	2.26
28.52	51.41
29.47	51.41
32.43	51.41
35.06	12.03
37.84	6.99
37.98	6.99
39.72	55.22
41.58	55.22
43.05	55.22
43.38	42.99
44.83	39.68
45.55	39.68
48.76	39.68
50.44	3.6
50.8	3.6
54.12	3.6
55.23	43.97
58.34	43.97
60.82	43.97
63.37	36.63
64.21	6.81
66.72	6.81
68.74	30.4
69.87	30.4
72.86	18.08
74.31	2.85
74.96	12.37
76.26	12.37
79.29	60.95
80.91	60.95
82.03	47.02
84.64	47.02
87.34	2.07
87.57	2.07
88.51	2.07
90.38	65.99
91.84	65.64
92.27	65.64
92.71	65.64
94.07	23.64
95.91	23.64
97.92	18.34
100.61	63.79
101.97	1.51
103.31	1.51
104.9	1.51
106.99	56.89
109.42	56.89
111.42	22.15
112.82	22.15
115.71	22.15
117.46	17.31
118.86	17.31
120.46	21.88
122.09	21.88
124.53	21.88
126.11	48.22
128.87	55.49
129.93	55.49
130.06	55.06
131.23	38.98
131.81	38.98
132.01	39.04
134.77	39.04
135.2	59.78
135.37	59.78
137.26	59.78
137.88	54.71
140.86	54.71
142.91	54.71
145.0	45.12
147.54	45.12
148.59	34.86
149.6	34.86
151.31	25.33
152.65	48.63
154.71	48.63
157.95	48.63
161.13	11.5
162.83	13.48
166.06	13.48
168.01	13.48
169.07	59.23
169.59	22.44
171.19	22.44
173.42	22.44
176.52	58.7
178.29	58.7
179.22	58.7
181.81	59.48
182.78	59.48
185.38	59.48
185.53	39.25
188.32	39.25
191.15	39.25
192.94	42.31
193.88	42.31
196.74	42.31
198.91	71.3
200.63	71.3
203.81	71.3
205.66	35.21
208.96	35.21
210.41	41.02
213.68	41.02
215.63	41.02
217.62	73.41
218.45	73.41
221.07	73.41
223.56	19.77
225.37	65.58
227.57	5.96
230.89	5.96
232.89	5.96
233.81	40.77
233.91	29.07
234.07	29.07
235.94	29.07
238.81	2.65
240.02	2.65
240.9	2.65
242.72	48.68
244.29	48.68
245.02	52.24
247.13	49.68
248.05	49.68
250.72	49.68
