0.66	34.27
1.98	34.27
2.97	46.07
3.19	46.07
6.67	25.6
7.26	25.6
9.57	43.93
10.54	61.2
12.34	61.2
13.64	61.2
14.03	14.3
15.38	17.12
15.78	17.12
16.98	64.33
18.63	17.5
21.14	17.5
23.06	25.62
23.3	25.62
25.55	50.1
28.09	50.1
28.54	40.69
30.95	40.69
31.5	58.4
32.31	19.32
32.45	19.32
33.3	56.28
36.69	56.28
40.12	23.51
42.1	49.28
42.36	49.28
44.12	50.47
45.17	50.47
47.21	65.54
49.94	73.06
51.39	8.61
54.08	8.61
57.55	8.61
57.69	39.64
57.94	39.64
60.58	68.57
62.63	68.57
65.87	21.4
68.72	3.39
71.18	53.98
73.67	53.98
74.14	53.98
77.04	22.24
78.6	22.24
81.61	28.01
84.46	28.01
86.63	28.01
87.62	47.59
88.69	47.59
92.09	47.59
92.96	47.3
93.53	47.3
94.02	35.15
94.34	35.15
97.26	35.15
98.5	17.77
100.97	17.77
102.81	17.77
106.23	55.17
106.44	55.17
109.93	3.61
113.41	16.51
115.93	62.51
116.69	69.33
120.08	69.33
123.04	69.33
125.96	51.63
126.46	51.63
127.29	51.63
128.16	64.28
128.68	64.28
129.41	64.28
130.04	3.08
132.2	3.08
134.99	56.56
136.55	56.56
138.58	36.82
139.21	36.82
141.35	51.51
144.61	51.51
144.85	46.59
145.77	46.59
146.27	29.61
148.56	29.61
149.01	29.61
151.59	66.84
153.65	43.18
156.25	43.18
158.43	43.18
160.88	34.4
161.08	4.28
162.36	40.94
164.88	58.52
165.35	58.52
166.86	36.52
167.34	36.52
170.04	36.52
170.83	8.23
171.04	8.23
172.5	73.9
174.3	23.34
176.27	23.34
179.48	63.67
182.3	7.8
184.33	7.8
185.01	63.32
187.81	63.32
190.04	63.32
193.48	12.47
194.19	64.32
197.23	64.32
200.32	64.32
202.58	49.91
206.02	49.91
206.78	55.26
207.35	18.78
208.79	27.35
211.57	27.35
214.79	63.94
218.04	45.53
218.64	40.95
219.13	7.4
219.77	7.4
223.08	0.55
226.1	23.35
227.6	23.35
229.84	23.35
230.9	60.81
233.44	60.81
234.47	15.53
236.74	47.38
238.79	51.21
240.57	30.71
242.48	30.71
244.29	30.71
244.66	49.52
244.93	49.52
247.23	65.27
247.55	65.27
247.96	65.27
249.55	8.45
251.5	73.61
