2.93	2.64
4.26	2.64
6.97	2.64
9.07	7.38
11.92	31.92
13.65	31.92
15.56	20.55
18.41	20.55
19.9	64.93
22.2	19.43
24.59	19.43
25.3	19.43
26.92	71.62
27.61	71.62
29.02	71.62
31.59	33.91
34.93	33.91
36.31	53.69
36.89	53.69
37.36	12.02
39.22	29.2
42.07	29.2
43.8	32.81
45.4	32.81
46.61	16.08
48.26	16.08
50.5	16.08
53.32	47.9
56.47	47.9
58.11	47.9
60.97	14.24
64.45	10.93
66.38	10.93
68.37	65.35
70.69	65.35
74.13	34.79
77.1	34.79
80.49	72.12
82.67	72.12
84.85	15.54
86.25	15.54
86.49	15.54
89.55	27.07
90.35	0.32
92.67	0.32
94.33	0.32
94.87	61.18
95.74	44.72
98.01	44.72
100.77	73.44
102.23	38.25
102.7	38.25
105.76	38.25
106.81	7.98
108.17	7.98
111.59	51.03
114.98	51.03
116.68	67.16
117.44	12.61
119.19	18.8
121.96	18.8
122.26	18.8
125.19	37.14
125.93	37.14
126.33	13.96
126.66	13.96
129.18	62.03
131.14	62.54
132.56	30.34
134.5	2.43
135.75	2.43
137.26	29.53
139.61	71.09
142.97	51.74
143.51	51.74
146.86	51.74
147.59	33.91
148.83	33.91
150.69	72.73
151.49	72.73
151.74	13.44
154.77	13.44
156.19	13.44
156.58	51.15
158.13	69.86
158.56	69.86
159.99	15.16
161.38	51.2
164.02	51.2
165.65	20.48
167.03	20.48
169.69	40.15
172.96	27.3
174.36	27.3
177.34	8.34
179.18	8.34
181.58	8.34
183.13	9.59
185.33	6.71
187.53	6.71
190.28	31.06
193.08	31.06
195.66	11.0
197.4	11.0
197.63	11.0
200.79	36.97
202.15	56.34
204.73	56.34
207.92	56.34
210.83	25.72
214.06	25.72
215.7	25.72
218.52	68.52
221.28	68.52
221.79	51.31
221.9	51.31
225.08	38.26
225.43	38.26
228.46	12.52
229.2	12.52
230.51	12.52
233.48	0.2
236.97	54.11
239.48	1.86
239.74	1.86
242.25	10.93
243.8	10.93
245.81	10.93
248.01	3.92
248.73	3.92
249.46	3.92
251.68	4.27
