2.51	57.66
4.67	57.66
4.91	57.66
5.83	30.62
8.33	30.62
8.51	35.23
9.01	33.23
10.31	52.14
12.91	52.14
14.53	40.21
15.5	40.21
18.95	72.94
22.17	72.94
25.02	56.47
27.06	56.47
29.62	56.47
31.25	62.68
34.01	62.68
35.82	6.69
36.38	49.26
38.86	36.84
40.53	36.84
41.27	36.84
42.72	3.36
42.87	3.36
44.71	3.36
47.35	30.4
50.41	30.4
51.36	30.4
52.18	64.16
53.46	64.16
55.0	64.16
58.33	36.1
59.62	18.61
60.63	18.61
62.04	6.49
64.44	6.49
66.73	40.4
70.08	40.4
71.1	30.75
72.22	47.9
72.99	10.8
73.24	10.8
73.38	42.03
75.38	11.61
75.61	11.61
76.94	69.69
80.06	70.74
80.69	48.16
83.29	58.02
83.42	58.02
84.46	58.37
84.63	58.37
85.49	48.49
85.6	52.56
86.1	52.56
88.9	52.56
90.97	14.66
91.37	14.66
93.75	9.4
94.73	61.14
97.05	53.37
97.72	53.37
99.13	53.37
101.96	35.65
103.5	35.65
106.73	35.65
107.97	13.95
109.17	68.69
111.54	68.69
112.64	53.03
113.29	53.03
114.84	4.18
117.28	4.18
118.93	0.48
120.24	0.48
122.92	50.84
124.93	47.69
127.83	47.69
130.82	47.69
134.04	44.67
137.18	69.92
138.82	69.92
141.28	69.92
143.09	70.56
144.72	70.56
147.2	70.56
147.65	50.73
149.29	50.73
150.65	50.73
153.43	48.37
156.51	42.88
157.24	42.88
158.38	58.78
158.82	58.78
160.57	58.78
160.79	57.87
161.94	9.92
164.8	9.92
166.09	9.92
166.76	39.21
167.51	20.77
167.89	20.77
169.16	20.77
172.19	71.23
172.56	60.35
172.84	33.5
175.0	46.5
176.51	37.94
177.4	37.94
180.39	31.15
182.7	68.05
185.2	68.05
187.59	55.65
190.94	55.65
191.94	55.65
195.35	7.0
197.03	7.0
198.03	0.38
200.87	0.38
201.86	0.38
205.0	48.89
206.59	48.89
208.75	20.26
211.64	18.95
212.72	18.95
213.85	18.95
216.2	40.67
218.83	40.67
219.06	67.0
220.85	67.0
223.83	67.0
226.04	15.43
227.09	15.43
228.2	15.43
230.48	18.63
232.52	0.62
233.08	0.62
234.51	0.62
237.49	25.86
238.59	20.13
240.11	20.13
242.75	20.62
244.68	20.62
246.76	8.94
247.88	8.94
250.02	8.94
