0.41	16.65
0.98	16.65
1.5	16.65
4.03	37.65
4.23	53.57
5.08	53.57
7.82	53.57
9.23	37.09
12.4	37.09
14.41	37.09
15.81	40.78
18.58	40.78
20.82	40.78
24.31	1.2
24.71	1.2
25.43	67.7
26.61	38.43
30.02	38.43
32.29	30.23
33.72	50.4
34.08	65.87
34.46	65.87
37.56	66.13
39.73	49.92
40.04	49.92
40.81	49.92
41.6	49.35
43.03	52.12
44.22	52.12
47.25	27.83
49.02	27.83
51.15	27.83
54.38	70.54
55.51	33.63
57.38	33.63
59.28	46.74
62.66	46.74
62.78	0.6
66.03	0.6
66.66	0.6
66.84	39.69
68.53	39.69
68.89	66.84
70.02	73.44
71.24	73.44
74.13	73.44
75.97	23.53
79.31	23.53
82.52	23.53
82.7	66.97
83.21	66.97
86.2	31.58
89.11	13.65
91.72	13.65
92.15	13.65
92.49	8.58
93.04	8.58
95.56	8.58
95.91	71.25
96.22	14.43
99.08	14.43
99.53	28.19
101.39	28.19
103.01	28.19
105.94	39.29
106.37	39.29
109.42	10.64
110.82	10.64
113.97	52.36
115.7	52.36
118.6	29.8
120.55	29.8
123.46	29.8
126.78	55.49
128.48	4.78
130.93	4.78
132.66	24.07
134.56	24.07
134.89	24.07
137.52	21.94
138.41	21.94
141.1	36.63
142.42	36.63
143.32	70.74
145.04	70.74
145.97	14.74
149.11	27.81
151.03	27.81
153.41	27.81
154.48	65.25
157.61	65.25
159.27	65.25
160.76	8.34
163.81	59.09
164.53	59.09
166.72	59.09
167.73	23.4
170.79	23.4
173.15	23.4
173.55	39.06
175.85	39.06
177.66	37.86
177.85	37.86
180.81	34.57
182.44	34.57
182.91	25.28
183.6	72.26
185.35	72.26
188.75	72.26
190.75	19.37
194.13	19.37
196.77	60.92
198.31	60.92
199.89	60.92
202.13	0.41
203.79	0.41
204.33	0.41
205.91	24.27
207.75	24.27
207.91	61.72
211.03	36.31
214.06	36.31
216.52	70.16
218.2	70.16
219.81	70.16
222.58	64.15
225.12	64.15
226.2	64.15
227.17	60.87
228.34	16.67
230.57	16.67
231.59	47.93
233.67	47.93
234.76	42.38
237.61	42.38
240.24	39.11
241.31	45.15
244.17	45.15
245.03	45.15
246.43	29.54
249.69	34.33
252.09	34.33
