2.74	25.83
5.86	25.83
7.28	25.83
9.91	67.39
10.27	67.39
11.2	67.39
11.82	46.04
14.1	46.04
17.59	61.58
21.07	23.53
22.17	23.53
23.49	43.53
24.93	22.59
26.95	22.59
28.41	19.07
30.6	19.07
32.38	73.6
35.19	73.6
36.03	73.6
36.17	13.31
39.32	53.95
41.11	41.98
43.69	55.24
45.06	55.24
46.83	34.76
48.66	34.76
49.83	26.98
53.19	26.98
53.89	61.38
55.24	61.38
57.94	6.16
58.61	6.16
59.71	43.02
62.43	43.02
65.58	43.02
67.02	25.96
68.19	25.96
70.81	1.92
73.34	13.8
74.05	13.8
75.43	13.8
78.1	22.13
78.25	22.13
81.42	22.13
83.97	56.36
84.62	56.36
85.42	46.68
86.8	46.68
89.02	72.53
89.49	72.53
90.31	46.62
93.65	46.62
95.61	46.62
96.35	50.5
97.36	50.5
100.27	50.5
102.0	28.98
104.14	28.98
107.0	28.98
108.77	41.26
109.79	13.89
112.26	13.89
113.89	17.09
114.21	17.09
115.91	14.83
118.67	65.11
120.71	65.11
121.87	18.82
123.91	71.58
127.33	71.58
129.15	71.58
130.03	69.45
131.95	69.45
132.11	21.84
133.33	21.84
134.98	51.35
136.99	32.29
138.68	32.29
139.1	38.67
140.46	38.67
142.58	38.67
142.87	1.4
144.14	1.4
145.25	24.43
146.19	47.21
149.38	47.21
152.03	47.21
154.61	64.85
156.27	64.85
159.74	13.87
163.0	49.94
165.91	12.09
169.04	12.09
172.35	12.09
175.39	24.51
177.77	24.51
180.26	73.63
183.09	41.85
184.87	41.85
186.57	42.56
189.49	65.21
190.03	65.21
190.35	65.21
193.08	47.6
194.44	30.93
195.66	55.29
196.58	24.54
199.88	24.54
202.53	24.54
205.68	51.5
207.0	51.5
209.05	51.5
212.39	55.82
214.52	55.82
217.52	38.38
220.88	65.2
223.01	65.2
225.43	63.86
226.53	63.86
226.72	5.24
229.62	36.91
229.88	36.91
232.51	54.84
235.26	54.84
236.2	54.84
238.71	25.71
239.51	20.24
242.68	20.24
243.27	20.24
245.81	5.79
246.03	5.79
247.34	56.87
248.54	37.65
250.3	35.92
