3.27	1.64
4.46	1.64
6.61	41.92
6.83	41.92
7.23	19.42
9.99	19.42
13.21	19.26
14.86	19.26
16.78	19.26
17.14	39.9
17.71	39.9
19.05	5.11
21.74	5.11
22.33	5.11
23.69	17.76
25.45	17.76
27.28	44.35
29.42	44.35
32.3	73.37
33.37	24.06
36.45	24.06
39.42	67.43
40.22	67.43
41.76	67.43
45.23	21.73
45.48	62.45
48.66	19.38
48.78	27.11
50.32	27.11
53.58	35.79
56.4	50.75
59.48	50.75
61.42	50.75
64.58	52.62
67.14	52.62
68.16	22.59
70.93	13.91
74.31	13.91
77.58	13.91
78.03	21.66
79.85	21.66
80.77	21.66
81.64	43.03
84.15	18.79
86.19	18.79
87.39	18.79
89.28	13.11
89.56	29.04
90.7	65.79
93.11	65.79
94.35	65.79
97.56	13.94
97.86	36.38
99.66	14.01
101.31	14.01
103.34	27.32
105.64	27.32
106.83	27.32
109.31	62.6
111.48	62.6
112.3	28.88
112.92	28.88
115.25	57.88
118.25	67.38
119.61	67.38
120.23	53.45
121.59	53.45
123.01	13.35
125.15	45.03
127.68	45.03
128.71	45.03
129.15	11.31
129.66	11.31
131.92	11.31
132.94	35.53
135.79	35.53
137.04	35.53
138.84	61.47
140.51	38.57
142.72	38.57
145.79	72.0
146.85	72.0
149.66	53.11
150.26	53.11
151.7	53.11
154.47	53.74
154.68	18.39
155.63	18.39
158.34	18.39
161.24	34.89
161.99	34.89
162.9	34.89
165.37	42.83
165.72	34.06
167.43	34.06
169.56	34.06
171.84	12.59
172.4	12.59
173.08	12.59
174.68	23.37
177.18	42.04
177.89	42.04
179.64	2.06
181.59	2.06
183.02	2.06
184.75	51.17
186.16	51.17
187.53	51.17
187.98	62.93
191.32	64.55
191.84	64.55
194.4	23.69
196.72	23.69
200.04	52.1
201.49	52.1
204.91	59.14
206.3	59.14
207.17	29.9
209.11	29.9
212.31	53.14
213.56	53.14
216.06	53.14
218.77	24.95
219.0	24.95
219.94	24.95
222.09	66.98
223.24	66.98
224.88	44.53
225.95	44.53
228.16	56.05
228.86	56.05
229.02	56.05
230.76	33.06
232.71	59.97
233.86	59.97
235.63	6.92
238.19	6.92
240.81	65.24
242.76	65.24
243.22	42.45
245.72	28.81
246.87	28.81
248.88	50.64
251.14	50.64
