0.79	18.07
1.29	18.07
2.22	18.07
4.89	38.37
7.66	38.37
10.06	38.37
13.3	51.0
14.11	16.02
14.36	16.02
17.6	16.02
19.41	44.38
21.51	5.63
21.95	5.63
23.49	5.63
24.09	45.47
24.97	45.47
27.25	48.87
29.8	27.38
31.29	65.6
32.9	65.6
34.53	68.15
35.59	68.15
37.64	68.15
40.85	51.67
41.13	6.6
43.92	6.6
46.63	24.99
46.81	24.99
47.1	67.58
49.18	67.58
50.65	43.15
51.9	43.15
53.73	43.15
54.48	38.35
57.81	38.35
60.83	38.35
63.18	55.17
63.6	3.36
66.99	3.05
69.98	3.05
73.41	3.05
75.19	4.61
78.6	4.61
79.22	13.59
80.36	13.59
83.57	13.59
85.38	46.01
87.64	46.01
90.26	32.64
90.38	2.35
91.93	2.35
93.14	2.35
95.2	9.04
97.74	45.7
99.48	45.7
99.74	45.7
99.9	73.28
102.12	21.96
104.07	21.96
106.65	21.96
108.79	73.38
110.62	61.3
112.92	61.3
115.95	61.3
116.91	62.49
119.57	9.35
122.73	9.35
124.43	31.85
125.72	31.85
128.3	57.88
130.9	57.88
131.45	57.88
133.63	15.11
136.76	15.11
139.89	15.11
140.59	51.16
141.59	44.65
143.97	21.22
144.93	21.22
147.18	53.52
149.59	63.88
151.33	63.88
154.43	61.58
155.81	41.11
159.06	57.71
160.08	11.04
162.23	11.04
163.36	11.04
166.27	66.46
167.68	66.46
171.18	64.9
173.36	64.9
174.53	64.9
176.11	43.6
179.52	43.6
182.82	18.74
185.5	18.74
187.3	8.15
188.94	8.15
191.23	8.15
194.45	35.62
194.74	35.62
195.11	27.7
197.19	27.7
199.71	38.94
200.65	38.94
203.11	38.94
204.51	46.1
204.94	38.89
206.84	38.89
207.44	47.36
210.61	5.36
212.15	5.36
212.75	53.64
213.62	30.39
214.71	30.39
217.84	30.39
221.07	70.48
223.58	70.48
224.96	70.48
228.28	65.49
228.7	55.94
229.42	55.94
232.28	55.94
234.02	44.71
235.78	69.63
237.09	69.63
237.31	69.63
239.7	14.73
241.94	14.73
243.27	64.7
244.17	64.7
244.48	36.97
245.53	67.32
247.38	67.32
248.91	45.94
252.17	6.31
