1.21	44.66
4.46	44.66
4.64	44.66
5.75	70.17
9.03	2.56
11.75	2.56
12.25	48.22
13.72	48.22
15.3	48.22
18.21	50.33
18.58	50.33
20.46	9.69
20.95	39.67
21.52	39.67
22.25	39.67
25.16	72.72
25.29	72.72
28.64	43.31
29.9	14.83
33.35	14.83
33.97	33.67
36.05	33.67
37.21	13.52
40.37	13.52
42.5	35.09
44.67	35.09
45.1	35.09
48.09	33.86
48.94	45.48
49.25	45.48
49.71	44.16
52.94	43.82
55.02	43.82
57.63	43.82
58.38	16.42
61.1	16.42
61.81	16.42
63.91	17.1
65.83	17.1
68.78	41.65
71.39	41.65
72.61	24.81
74.08	24.81
75.52	24.81
75.71	45.66
77.35	17.43
79.77	6.25
83.08	6.25
84.31	6.25
86.58	13.08
89.6	0.79
89.84	0.79
92.41	0.79
93.62	35.41
94.21	30.83
97.29	30.83
99.98	10.24
101.78	10.24
103.48	8.28
106.49	8.28
108.93	64.0
110.57	31.97
112.96	40.73
116.43	40.73
118.54	40.73
121.91	63.58
125.08	63.58
127.09	63.58
129.27	26.13
129.87	45.58
133.35	45.58
136.77	60.35
139.06	60.35
141.54	27.08
144.82	27.08
147.99	1.22
149.77	1.22
152.22	1.22
155.16	24.48
157.27	24.48
158.6	31.96
161.36	31.96
162.55	31.96
162.7	46.5
163.29	46.5
164.14	59.07
166.76	65.37
169.94	65.37
171.85	65.37
172.89	45.1
173.2	65.23
175.51	65.23
176.68	65.23
176.98	30.29
178.44	30.29
181.58	53.69
183.04	32.4
186.01	32.4
186.9	32.4
188.11	62.16
188.68	72.06
191.87	72.06
193.39	72.06
196.33	17.89
197.92	26.5
198.92	52.05
200.7	55.38
202.01	55.38
203.16	34.51
204.59	34.51
207.51	63.1
209.71	50.77
210.28	23.27
212.0	35.63
214.95	35.63
217.14	59.86
218.79	59.86
220.42	73.31
222.7	73.31
223.8	73.31
225.18	72.65
227.99	72.65
230.05	72.65
231.72	10.11
234.78	10.11
236.71	44.28
237.13	44.28
238.59	15.18
238.89	15.18
239.66	15.18
242.87	6.79
244.0	6.21
247.18	6.21
250.0	6.21
