1.22	10.59
4.39	10.59
6.83	10.59
8.67	22.78
11.89	22.78
12.07	33.5
15.33	33.5
15.51	38.06
16.8	38.06
17.4	50.64
18.1	50.64
20.07	50.64
22.4	23.72
25.63	23.72
27.74	10.94
29.17	10.94
30.64	73.69
31.08	73.69
31.61	71.52
32.09	43.59
33.64	43.59
34.61	23.24
36.99	30.84
39.29	30.84
41.55	30.84
44.83	35.19
46.65	35.19
49.18	28.09
50.47	28.09
51.53	28.09
51.99	41.97
55.12	41.97
55.62	41.97
57.18	22.54
59.54	23.29
62.14	23.29
65.56	23.29
68.99	27.73
70.78	27.73
72.44	27.73
75.81	65.4
76.7	65.4
78.43	65.4
81.63	41.05
84.73	2.25
86.87	2.25
90.28	2.25
92.99	71.53
94.66	71.53
95.17	71.53
96.98	70.11
97.71	70.11
100.32	42.43
102.11	11.99
104.42	11.99
106.28	11.99
107.79	47.93
110.59	47.93
111.78	59.3
112.07	59.3
115.23	24.28
118.27	13.84
121.06	10.17
121.35	9.36
121.47	9.36
123.32	6.15
125.83	29.07
126.15	26.36
127.8	26.36
130.99	26.36
134.07	1.18
134.53	1.18
136.12	1.18
136.77	26.61
139.87	26.61
142.86	31.87
146.26	47.35
146.95	47.35
149.29	47.35
152.56	53.66
156.01	53.66
156.49	53.66
159.44	63.03
162.89	53.69
165.66	53.69
169.09	17.48
172.12	17.48
173.55	65.76
176.7	65.76
177.8	65.76
178.31	20.48
181.36	38.85
184.48	38.85
185.77	18.59
188.4	18.59
191.57	72.3
193.81	53.13
194.42	60.9
197.23	60.9
200.71	60.9
201.37	42.0
202.48	42.0
204.51	42.0
206.77	45.65
209.01	45.65
209.31	21.65
210.72	21.65
213.87	21.65
214.57	24.65
216.19	42.35
218.36	42.35
221.54	10.04
224.21	10.04
224.82	17.11
227.43	39.05
228.69	64.46
231.09	64.46
231.31	64.46
234.62	52.37
235.08	52.37
236.64	52.37
236.96	60.66
237.5	60.66
238.23	60.66
241.31	40.71
242.0	40.71
243.11	59.07
243.68	59.07
244.51	59.07
245.02	55.54
248.03	61.08
250.62	61.08
