0.31	49.61
1.77	51.05
3.49	65.52
6.82	65.52
8.37	44.99
10.89	44.99
11.5	44.05
14.06	44.05
16.56	44.05
19.09	12.58
20.39	12.58
21.8	33.52
23.58	31.26
24.4	43.96
27.88	43.96
28.12	43.96
28.53	45.91
32.02	45.91
34.82	45.91
35.82	51.95
37.4	51.95
39.89	51.95
43.39	6.56
45.24	6.56
46.69	6.56
48.63	62.25
51.61	25.36
51.87	0.4
53.26	0.4
56.32	23.64
57.48	23.64
57.91	23.64
58.17	70.37
60.9	70.37
61.74	37.48
64.41	38.87
65.28	38.87
67.3	35.3
67.6	35.3
69.34	35.3
72.84	58.46
75.55	71.68
78.31	72.09
81.28	48.29
84.45	48.29
86.5	67.34
89.17	67.34
90.25	6.39
90.85	6.39
93.25	22.97
95.23	29.15
98.38	15.18
99.24	15.18
100.21	15.18
102.15	56.65
105.27	56.65
105.98	63.49
108.49	63.49
108.77	63.49
109.32	44.48
112.6	44.48
113.06	44.48
114.61	73.19
116.37	73.19
119.73	15.26
120.84	15.26
122.82	71.55
123.43	71.55
124.67	71.55
126.86	37.27
129.96	37.27
133.24	24.1
136.2	24.1
138.91	60.95
141.44	60.95
143.09	54.3
145.79	22.1
146.47	44.98
148.14	58.08
151.01	58.08
152.49	3.33
153.82	12.68
155.1	12.68
158.22	12.68
159.41	20.92
161.79	12.0
162.41	11.13
163.06	2.28
166.32	4.21
169.53	43.43
169.98	43.43
170.51	26.86
171.58	62.56
172.77	62.56
173.68	55.19
176.72	55.19
178.7	44.55
181.53	44.55
182.04	73.36
184.19	73.36
187.05	24.74
188.24	24.74
189.38	24.74
190.4	48.41
190.78	27.06
191.82	27.06
194.93	27.06
196.59	38.23
199.85	30.46
200.88	30.46
204.28	16.91
206.83	0.94
207.96	7.51
208.76	7.51
210.06	18.59
211.99	18.59
213.13	5.48
214.0	63.3
216.27	63.3
219.34	63.3
222.8	2.47
223.13	2.47
224.75	2.47
225.97	24.25
227.61	24.25
229.8	42.22
233.04	42.22
234.18	15.35
235.18	15.35
238.22	15.35
238.79	14.11
240.51	14.11
241.08	47.23
242.07	43.52
244.79	43.52
246.45	43.52
247.02	43.65
247.87	44.62
250.89	41.73
