0.1	42.32
2.02	42.32
3.03	21.55
5.01	57.68
6.31	57.68
7.03	57.68
8.95	58.18
11.1	43.1
13.68	43.1
14.72	43.1
16.37	50.78
19.85	61.21
21.45	38.63
24.65	36.51
25.51	59.82
27.83	50.36
29.76	62.15
33.0	62.15
36.03	7.37
36.67	29.99
37.71	29.99
40.1	29.99
41.7	12.33
43.22	45.75
45.8	45.75
46.37	45.75
48.17	66.14
48.74	66.14
49.02	66.14
52.1	13.36
53.17	70.26
54.83	70.26
57.73	70.26
58.0	57.21
60.38	47.26
62.7	47.26
63.51	31.53
65.85	31.53
67.75	31.53
68.46	55.44
69.48	55.44
70.87	64.38
72.5	64.38
75.4	64.38
75.66	0.88
78.83	0.88
81.07	6.11
84.03	28.09
85.29	28.61
86.26	60.47
87.45	60.47
89.27	60.47
90.35	43.72
93.77	11.07
94.54	11.07
97.75	38.89
99.86	51.93
103.15	51.93
103.84	51.93
106.53	27.18
109.05	29.33
112.02	29.33
113.37	29.33
114.52	32.45
114.83	32.45
117.12	32.45
118.45	33.49
119.76	33.49
120.52	33.49
121.43	73.06
121.78	15.26
124.77	66.05
127.73	66.05
130.1	66.05
130.68	22.54
132.0	67.89
134.13	63.12
135.97	49.64
136.81	49.64
137.83	49.64
138.14	64.6
141.4	64.6
143.75	38.37
145.58	38.37
147.25	57.99
149.5	57.99
150.44	37.93
153.52	23.33
154.65	23.33
156.82	23.33
159.69	6.47
162.76	6.47
165.89	6.47
166.8	51.12
168.0	51.12
168.86	31.95
168.96	31.95
169.83	31.95
170.71	68.91
172.17	68.91
172.91	68.91
174.31	27.95
176.6	27.95
179.44	27.95
181.18	9.83
182.85	9.83
184.7	9.83
186.23	52.97
188.12	21.78
189.12	27.58
190.74	27.58
194.18	27.58
195.08	55.7
196.62	55.7
197.96	55.7
200.39	33.56
202.98	33.56
203.59	33.56
203.73	45.14
204.19	59.23
206.88	33.24
209.03	33.24
209.39	33.24
211.5	71.94
212.23	71.94
214.46	71.6
214.83	71.6
216.98	30.13
218.75	30.13
220.28	58.73
221.71	58.73
224.4	14.82
227.71	14.82
230.2	35.46
232.13	35.46
232.57	35.46
233.73	69.53
236.75	69.53
238.23	69.53
241.16	42.7
243.84	56.88
244.91	56.88
245.85	16.05
245.99	16.05
248.81	24.77
251.18	66.29
