2.58	71.17
3.95	42.97
6.44	12.3
8.65	3.6
11.85	3.6
13.67	38.22
16.66	38.22
17.98	40.17
18.78	30.7
19.89	30.7
20.71	30.7
23.44	9.79
25.04	9.79
27.19	15.5
30.62	32.85
32.02	32.85
32.93	63.68
34.18	54.88
36.29	54.88
39.21	6.07
39.46	6.07
42.55	6.07
42.84	15.38
45.53	15.38
47.97	15.38
48.65	55.32
50.38	21.07
51.58	11.04
52.87	37.37
55.44	70.91
58.14	70.91
59.84	20.69
62.94	20.69
65.69	20.69
68.75	29.43
70.99	29.43
73.51	7.55
73.66	28.94
76.17	28.94
79.17	28.94
79.63	6.81
80.22	21.0
80.47	21.0
82.79	21.0
84.58	70.13
86.95	48.0
88.39	48.0
91.78	48.0
93.38	27.81
93.94	27.81
96.96	27.81
97.42	0.89
100.73	0.89
101.25	39.55
104.36	73.25
107.2	73.25
110.66	73.25
112.9	4.66
116.28	34.94
119.56	34.94
120.99	34.94
122.79	52.93
123.71	52.93
127.11	52.93
129.96	21.26
130.22	21.26
133.53	42.25
134.68	42.25
135.06	34.71
136.96	9.68
137.37	73.07
138.46	73.07
140.98	73.07
141.32	31.83
144.27	48.9
145.73	48.9
146.83	48.9
147.95	58.83
150.23	58.83
152.85	9.03
155.21	9.03
155.68	69.61
159.12	69.61
162.29	69.61
163.63	38.22
166.25	48.66
166.64	48.66
167.77	55.86
168.0	55.86
168.31	55.86
170.36	67.29
170.91	67.29
172.9	67.29
174.75	16.92
177.89	16.92
181.16	16.92
182.27	68.24
183.25	68.24
185.1	50.58
185.29	0.94
185.72	43.53
186.52	43.53
188.18	43.53
190.42	31.43
193.0	31.43
195.19	55.71
198.58	55.71
201.23	55.71
202.17	15.78
204.73	15.78
207.31	47.19
207.86	47.19
208.59	36.94
208.92	48.83
209.55	48.83
212.4	48.83
215.73	6.36
216.91	62.59
218.92	62.59
221.87	29.39
224.47	29.39
226.17	37.9
227.99	38.69
229.52	24.1
231.61	24.1
234.08	24.1
235.12	54.73
236.09	22.68
238.85	22.68
239.74	18.44
241.51	18.44
243.41	33.14
245.9	33.14
248.01	57.28
248.41	57.28
250.98	60.88
