1.03	6.88
4.41	6.88
4.9	55.56
6.27	55.56
8.56	55.32
11.06	55.32
12.66	55.32
12.89	22.91
14.27	22.91
16.51	6.62
17.38	6.62
20.35	68.64
21.99	68.64
24.06	68.64
24.57	18.74
27.47	48.94
27.81	65.75
29.01	65.75
31.68	17.5
32.22	17.5
34.23	17.5
34.67	8.31
37.14	8.31
39.16	8.31
42.18	59.38
43.33	59.38
46.44	59.38
46.69	23.11
48.32	23.11
50.03	23.11
50.32	54.12
51.56	54.12
52.33	54.12
52.5	50.4
52.86	56.03
53.98	50.39
56.68	50.39
57.11	8.65
59.73	8.65
62.08	51.08
65.2	51.08
67.24	23.31
69.07	23.31
71.12	23.31
71.39	15.77
74.33	15.77
74.75	15.77
75.65	19.23
76.44	19.23
79.62	19.23
80.74	55.12
82.77	55.12
84.39	18.32
85.37	18.32
86.63	56.55
89.38	46.46
89.7	46.46
91.69	46.46
92.55	0.64
93.93	0.64
95.39	0.64
95.86	73.6
98.26	73.6
98.36	9.25
98.52	9.25
100.24	9.25
102.54	43.36
104.37	50.95
107.78	50.95
109.98	50.95
111.69	42.76
113.12	42.76
114.06	43.9
116.64	72.65
119.98	50.38
120.2	50.38
120.93	57.8
121.72	57.8
124.55	57.8
126.92	26.43
129.42	26.43
132.81	26.43
135.35	6.73
137.82	54.87
138.09	54.87
140.75	54.87
143.85	17.35
146.3	17.35
147.81	17.35
150.0	14.14
151.43	14.14
153.27	57.01
154.07	68.32
156.62	68.32
158.07	68.32
159.51	34.85
160.87	34.85
163.66	34.85
164.39	49.64
167.27	49.64
170.73	20.68
173.4	26.26
176.22	64.48
176.7	64.48
176.93	16.38
179.42	3.21
180.37	3.21
181.58	59.68
184.9	59.68
185.57	59.68
186.28	6.21
189.19	6.21
189.55	58.74
190.38	15.08
192.05	15.08
195.19	15.08
195.8	18.1
198.99	18.1
199.44	3.21
202.09	3.21
203.87	25.95
205.77	15.19
207.38	15.19
209.07	33.96
209.37	33.96
212.01	33.96
212.75	48.75
213.1	48.75
214.29	39.68
215.87	39.68
216.33	39.68
218.63	37.38
222.12	37.38
223.86	51.56
224.81	51.56
225.18	51.56
227.62	46.96
230.56	46.96
232.94	46.96
234.77	10.61
235.04	40.86
236.85	55.94
238.05	55.94
239.01	55.94
239.13	41.44
241.55	41.44
241.91	41.44
244.08	49.78
246.08	49.78
248.29	49.78
251.33	72.05
