1.55	37.35
4.2	37.35
5.01	45.1
7.43	45.1
7.58	45.1
10.95	40.92
11.59	71.69
15.04	71.69
18.05	41.98
18.8	41.98
20.91	41.98
23.45	50.53
25.14	50.53
27.59	2.96
28.55	2.96
29.41	2.96
31.47	22.57
31.77	22.57
32.84	34.99
33.59	34.99
35.3	14.37
37.56	14.37
40.38	13.82
42.79	9.33
45.4	58.3
47.88	58.3
48.1	58.3
48.53	40.94
48.75	40.94
50.48	71.26
53.26	71.26
54.53	61.86
57.5	61.86
60.2	61.86
61.96	3.53
63.98	59.0
64.53	59.0
65.34	56.16
68.35	56.16
71.41	11.06
71.9	57.0
73.11	57.0
75.78	57.0
78.59	71.38
80.06	71.38
81.37	71.38
83.09	56.48
83.59	56.48
85.7	29.15
87.58	29.15
90.18	29.15
90.38	41.47
90.66	41.47
93.98	51.71
95.75	51.71
97.63	51.71
100.45	59.26
101.05	59.26
102.19	23.46
105.17	23.46
107.05	38.54
107.9	38.54
111.29	50.98
111.56	50.98
113.66	50.98
116.27	17.9
118.08	17.9
119.51	17.9
121.54	21.79
123.41	21.79
125.1	24.95
127.59	37.29
130.26	37.29
133.19	37.29
134.82	62.28
135.7	62.28
137.77	62.28
139.72	13.2
141.33	13.2
143.66	13.2
146.98	70.03
147.31	32.49
148.06	45.81
149.48	69.03
152.46	69.03
155.95	54.79
157.42	54.79
158.27	54.79
158.44	6.5
159.52	34.78
162.61	34.78
163.79	56.27
166.88	27.11
167.5	27.11
169.68	51.92
170.73	51.92
171.16	51.92
172.21	41.5
174.93	41.5
176.71	2.12
176.92	2.12
177.09	1.95
180.06	24.4
183.29	24.4
186.67	24.4
188.95	44.44
189.71	50.65
190.29	50.65
190.94	53.94
193.65	53.94
195.14	53.94
198.17	43.75
201.24	43.75
201.75	43.75
204.08	40.38
207.13	40.38
209.45	40.38
210.28	61.27
210.67	61.27
213.69	61.27
216.37	33.47
217.52	33.47
217.7	33.47
219.19	20.97
222.31	20.97
225.6	11.43
226.94	11.43
230.18	11.43
233.63	45.31
234.13	45.31
235.09	53.02
238.33	24.25
239.53	24.25
240.63	11.93
240.74	11.93
243.42	6.28
245.63	6.28
248.03	15.21
249.1	15.21
249.65	57.67
250.63	57.67
