3.12	28.91
5.41	28.91
8.35	28.91
10.99	34.24
12.46	64.36
15.17	64.36
16.45	64.36
18.6	0.86
21.77	0.86
24.45	0.86
27.35	26.46
30.11	12.63
33.43	12.63
35.19	12.63
38.54	5.7
39.77	5.7
41.34	5.7
44.73	38.98
44.91	38.98
45.44	64.8
46.93	64.8
49.82	68.36
52.36	68.36
55.13	68.36
56.47	28.69
57.36	28.69
60.32	28.69
61.41	67.37
64.18	67.37
67.53	67.37
70.71	60.32
70.91	47.57
72.36	47.57
72.58	47.57
73.3	15.32
76.48	38.53
77.33	39.4
80.39	39.4
83.04	63.14
86.5	63.14
88.12	34.99
88.37	34.99
90.58	16.99
91.95	54.07
95.32	54.07
97.68	68.52
99.02	68.52
100.0	37.89
101.5	37.89
104.47	37.89
106.54	47.07
107.48	40.32
110.78	1.89
113.99	1.89
117.06	1.89
118.22	67.7
120.33	43.22
121.91	12.43
125.18	12.43
127.59	12.43
130.22	47.69
131.36	5.94
133.96	69.76
134.35	69.76
136.51	69.76
139.47	40.77
142.91	2.44
145.16	27.81
146.79	27.81
148.73	21.6
149.81	21.6
152.29	21.6
155.03	58.71
156.72	58.71
157.87	14.14
161.18	14.14
161.93	62.44
164.35	62.44
165.55	62.44
168.04	56.57
168.95	56.57
172.14	56.57
174.4	37.37
174.62	49.19
176.46	49.19
178.92	3.16
181.28	3.16
183.0	69.62
185.9	69.62
186.38	69.62
186.83	61.11
190.3	61.11
191.49	61.11
192.27	51.58
193.98	51.58
194.81	51.58
196.92	24.34
197.59	52.96
197.79	52.96
198.97	19.95
199.48	19.95
202.34	19.95
202.54	46.86
204.64	61.47
204.79	61.47
207.29	61.47
209.03	26.63
209.46	26.63
209.85	26.63
210.17	35.27
211.66	31.47
212.44	58.7
215.12	58.7
216.67	58.7
217.23	55.3
217.77	65.81
218.19	55.51
220.18	21.37
221.63	21.37
223.09	69.63
224.23	69.63
227.62	69.63
229.85	12.28
232.91	12.28
233.14	69.14
233.94	69.14
237.44	37.13
240.18	2.0
241.98	67.23
242.44	67.23
244.79	67.23
245.64	38.23
246.69	27.99
249.11	60.94
251.62	60.94
