1.33	13.21
1.59	13.21
4.85	13.21
7.78	3.02
8.6	34.53
9.47	52.12
12.29	52.12
14.47	26.14
15.22	26.14
16.9	26.14
19.58	60.35
20.29	60.35
23.13	60.35
24.98	51.34
27.68	51.34
27.99	51.34
31.4	29.88
34.53	29.88
36.28	44.38
39.53	6.86
40.27	6.86
41.98	6.86
43.74	2.2
47.04	2.2
49.8	32.21
53.01	32.21
56.08	49.01
58.39	11.25
58.92	53.6
60.31	53.6
60.57	53.6
60.97	34.15
61.44	32.9
63.37	32.9
64.64	36.83
66.56	17.94
68.48	17.94
68.8	23.69
68.95	22.5
69.87	22.5
70.81	22.5
71.09	18.32
71.56	45.97
73.64	45.97
74.01	48.02
75.77	58.26
78.8	52.17
81.68	52.17
84.01	52.17
87.46	5.69
89.19	5.69
89.96	55.05
93.11	23.35
95.5	23.35
97.27	31.02
97.95	31.02
98.91	42.63
101.04	42.63
103.08	27.96
103.3	27.96
105.67	27.96
106.01	20.29
108.31	53.7
110.07	53.7
110.95	53.7
113.68	11.7
113.98	11.7
114.63	11.7
116.08	53.8
117.4	67.49
118.59	6.54
121.82	0.21
122.32	0.21
124.78	44.83
127.4	59.05
130.82	59.05
131.16	59.05
134.64	23.11
137.66	23.11
138.0	3.23
141.33	3.23
144.61	32.65
145.46	32.65
147.29	21.92
148.27	48.85
149.57	47.98
151.7	55.01
153.9	55.01
154.89	57.38
158.37	57.38
160.91	57.52
161.13	4.98
163.8	4.98
164.18	4.98
167.19	50.83
169.14	50.83
172.53	50.83
172.93	21.71
175.4	47.58
177.8	47.58
180.98	67.53
181.26	67.53
184.31	64.46
186.11	52.12
188.93	52.12
190.33	52.12
190.83	37.8
194.3	18.19
194.53	18.19
198.01	18.19
201.5	34.12
204.82	34.12
205.22	48.06
205.38	32.79
205.73	36.09
208.55	36.09
209.74	16.31
211.56	16.31
214.86	16.31
215.33	57.54
218.31	57.54
218.82	60.66
222.06	64.49
222.68	57.9
224.67	57.9
225.8	57.9
227.31	60.48
228.47	50.34
230.51	16.73
232.61	16.73
235.56	16.73
236.17	2.4
238.86	53.9
239.86	53.9
240.51	54.13
242.24	14.35
244.81	14.35
247.43	14.35
248.26	44.7
248.79	66.36
250.16	66.36
