2.03	65.74
5.22	65.74
7.35	6.94
10.68	6.94
11.81	6.94
15.08	51.49
16.67	51.49
17.62	51.49
20.69	7.53
21.95	7.53
23.6	73.51
24.88	73.51
27.52	46.81
29.83	46.81
32.32	40.87
32.89	0.37
36.17	0.37
38.28	24.63
40.42	24.63
42.77	24.63
44.25	55.87
46.58	55.87
48.86	51.19
49.75	33.83
51.57	33.83
54.43	33.83
54.81	15.45
55.87	15.45
59.04	58.62
61.15	58.62
62.58	19.99
63.37	19.99
65.2	19.99
67.66	67.28
68.32	67.28
68.51	67.28
70.33	63.42
71.76	9.46
75.04	9.46
78.12	59.17
81.29	59.17
84.18	61.26
86.41	61.26
87.7	61.26
91.03	53.29
93.07	42.1
96.05	42.1
96.65	13.14
99.2	13.14
100.68	66.04
102.44	39.56
105.52	39.56
107.97	39.56
108.37	64.46
109.79	64.46
111.1	64.46
114.47	45.62
115.11	21.7
116.76	11.63
117.33	11.63
120.08	11.63
121.78	26.38
122.74	26.38
123.4	26.38
126.47	20.21
129.75	20.21
133.18	20.21
134.92	16.86
136.09	16.86
137.3	16.86
139.47	32.45
142.04	64.35
143.1	64.35
146.2	64.35
148.14	41.83
148.55	41.83
151.44	5.45
154.25	5.45
155.07	69.46
157.37	69.46
160.64	46.81
162.84	46.81
164.54	20.69
166.42	20.69
169.19	20.69
172.62	14.36
173.87	14.36
176.82	14.36
177.83	71.84
179.88	71.84
182.26	66.47
184.48	48.07
186.65	48.07
186.87	48.07
188.01	2.56
190.73	66.45
191.75	1.36
192.42	1.36
194.96	1.36
197.76	22.67
199.7	22.67
202.6	22.67
204.26	31.68
207.46	17.89
208.81	17.89
211.79	17.89
215.06	50.6
215.78	50.6
216.14	63.1
217.63	63.1
218.17	63.1
218.8	63.6
222.18	71.18
225.32	71.18
228.8	66.88
231.17	66.88
233.38	50.95
234.87	4.8
237.7	4.8
238.83	4.8
240.38	56.49
241.42	56.49
242.9	52.59
243.71	52.59
245.84	4.07
247.68	4.07
250.97	4.07
