2.73	72.5
2.92	72.5
5.02	72.5
5.57	67.73
6.01	67.73
8.0	67.73
8.86	59.97
9.77	59.97
11.58	59.97
12.6	52.95
13.05	5.83
15.93	44.35
18.44	44.35
21.05	2.81
22.9	2.81
25.87	2.81
27.59	17.31
29.74	22.07
32.16	33.6
34.9	15.52
36.44	69.23
38.05	69.23
40.87	69.23
41.58	24.14
45.05	24.14
46.32	24.14
46.68	56.61
47.24	56.61
48.13	49.27
50.96	67.11
53.99	67.11
55.07	67.11
55.39	16.01
57.23	16.01
59.74	18.34
60.63	9.35
61.76	9.35
63.77	40.32
64.54	40.32
66.69	8.12
70.07	65.37
72.43	65.37
74.85	65.37
75.78	49.22
77.28	37.51
77.7	60.76
79.42	60.76
79.71	20.02
82.55	20.02
85.91	20.02
86.6	26.43
89.0	26.43
90.81	26.43
92.68	2.08
94.04	10.86
96.03	10.86
96.41	28.28
96.83	31.73
99.62	31.73
101.42	31.73
102.47	14.9
104.98	3.98
108.03	3.98
110.75	3.98
114.13	35.61
117.54	35.61
120.55	35.61
123.1	6.15
125.3	6.15
128.56	42.03
128.8	12.58
129.67	12.58
131.49	12.58
133.58	59.8
133.84	59.8
134.9	59.8
136.24	14.45
137.81	14.45
141.17	14.45
144.43	3.96
146.01	64.89
149.14	64.89
152.22	64.89
154.88	73.35
158.13	34.27
161.35	37.07
163.2	37.07
164.99	37.07
168.02	8.23
171.41	8.23
171.59	15.97
171.8	43.8
174.36	43.8
176.17	46.41
177.58	46.41
178.02	20.77
179.56	20.77
182.76	20.77
185.98	1.94
188.39	1.94
191.2	1.94
193.63	73.73
195.64	58.47
197.89	58.47
201.13	58.47
203.89	71.05
207.18	71.05
208.58	71.05
212.08	31.81
213.02	41.09
214.04	41.09
215.37	72.77
218.22	17.64
219.32	59.83
220.32	59.83
221.55	27.87
224.35	27.87
227.26	27.87
230.75	29.35
232.71	29.35
233.51	22.41
235.51	22.41
238.03	22.74
239.21	38.03
242.58	38.03
244.13	38.03
246.13	51.09
247.26	51.09
250.63	51.09
