0.79	21.76
2.9	65.15
4.92	65.15
5.53	65.15
6.76	54.27
7.06	54.27
10.23	54.27
11.88	62.82
13.78	62.82
14.94	32.68
16.88	32.68
17.32	32.68
20.47	53.23
22.36	53.23
23.45	53.23
26.67	20.81
29.27	5.6
31.01	5.6
33.14	5.6
36.17	55.52
39.55	38.44
41.57	38.44
44.52	38.44
46.42	8.95
47.73	8.95
49.59	11.98
53.09	11.98
56.28	11.98
57.39	63.52
58.49	63.52
60.46	11.74
61.1	44.35
61.36	33.67
62.66	58.61
65.32	58.61
65.51	58.61
67.49	29.57
69.5	41.93
70.63	41.93
73.71	59.11
74.37	59.11
75.11	59.11
77.01	48.24
78.62	48.24
80.74	1.99
81.11	19.79
84.6	19.79
87.35	19.79
89.29	43.37
90.04	48.03
92.07	48.03
95.23	3.9
96.31	3.9
98.78	3.9
101.75	61.37
104.61	47.42
105.94	47.42
108.62	7.2
109.78	7.2
110.91	7.2
111.21	67.12
114.01	61.07
114.74	43.95
116.92	43.95
118.82	43.95
120.1	27.14
122.78	49.18
123.27	39.17
124.09	39.17
124.29	39.17
125.79	64.84
126.5	64.84
127.56	51.22
128.37	12.41
128.72	12.41
130.56	55.68
131.51	55.68
134.17	55.68
137.39	30.87
139.52	14.33
140.46	14.33
143.31	14.33
144.1	44.91
145.9	2.17
147.49	2.17
150.42	58.57
152.66	58.57
153.87	58.57
154.5	30.06
156.81	30.06
158.53	35.88
161.18	35.88
162.76	35.88
164.32	37.14
166.79	37.14
167.47	37.14
167.71	8.39
168.95	8.39
171.02	8.39
172.89	63.8
175.66	23.72
176.58	23.72
176.99	56.58
180.11	56.58
181.89	23.37
182.9	23.37
184.07	53.95
184.37	24.48
184.64	24.48
185.65	24.48
187.58	50.3
190.15	50.3
191.49	50.3
194.32	22.64
195.71	50.47
196.23	50.47
196.87	50.47
199.74	30.79
202.14	16.5
203.61	67.57
204.21	68.89
207.15	68.89
207.91	54.66
211.39	34.97
213.66	64.37
215.05	64.37
218.04	40.35
219.51	73.7
220.5	23.07
223.82	23.07
226.13	23.07
228.86	34.76
232.15	34.76
234.3	34.76
235.37	25.12
236.62	25.12
238.37	39.3
239.15	39.3
240.21	39.3
242.03	15.63
242.92	15.63
246.25	15.63
248.79	19.13
251.1	19.13
