0.87	37.56
1.79	37.56
3.59	34.34
6.37	34.34
8.11	63.55
9.5	63.55
12.73	54.34
15.05	17.59
15.4	32.59
18.45	32.59
19.2	8.11
21.07	54.02
24.4	54.02
27.79	71.51
29.62	71.51
32.29	71.51
32.78	65.41
34.6	65.41
36.69	69.71
37.7	69.71
38.24	69.71
39.6	56.95
41.01	56.95
41.95	56.65
44.76	56.65
46.67	56.65
47.96	8.35
50.1	8.35
53.07	2.58
55.96	34.58
57.54	34.58
60.7	34.58
63.02	48.05
66.25	23.67
68.51	57.83
71.11	57.83
73.77	8.98
75.97	8.98
78.67	8.98
80.55	26.15
82.59	26.15
85.45	59.85
86.32	59.85
89.46	59.85
90.98	26.24
93.78	26.24
94.32	26.24
95.13	31.1
97.72	31.1
100.55	31.1
101.88	20.99
103.8	59.6
106.71	59.6
109.26	15.44
109.68	15.44
110.34	15.44
112.52	51.29
112.9	51.29
114.47	62.36
117.87	34.29
120.66	34.29
120.88	29.34
124.06	29.34
126.13	1.82
128.34	1.82
129.77	51.14
131.22	51.14
134.61	51.14
136.47	27.0
139.92	27.0
140.47	40.52
143.47	40.52
146.0	33.01
148.71	33.01
150.84	0.62
150.95	0.62
153.01	0.62
153.19	64.72
155.0	64.72
157.32	64.72
158.52	32.7
160.77	32.7
162.25	32.7
163.49	9.26
164.19	9.26
164.34	42.52
166.99	12.51
168.12	12.51
169.11	12.51
170.42	42.17
173.09	42.17
175.66	48.4
176.07	48.4
177.88	48.4
180.84	14.56
181.34	14.56
181.53	14.56
182.95	33.31
183.17	33.31
186.37	33.31
188.72	15.28
190.05	15.28
190.85	34.36
191.87	34.36
193.53	34.36
196.11	10.63
196.47	10.63
199.79	10.63
202.86	73.72
205.94	61.89
206.96	61.89
207.57	61.89
208.01	67.09
208.37	70.15
211.58	70.15
214.05	11.72
215.19	36.68
215.43	30.54
218.34	30.54
221.57	8.49
221.81	68.05
224.64	68.05
225.96	12.21
226.59	13.34
229.2	13.34
231.23	13.34
232.47	33.67
233.51	33.67
234.58	33.67
236.42	22.3
239.49	22.3
241.38	22.3
244.25	13.47
246.0	13.47
247.21	13.47
250.66	66.86
