1.54	23.43
4.79	56.94
5.7	56.94
8.49	48.04
9.99	48.04
10.28	20.19
10.68	20.19
12.36	54.43
15.09	59.81
17.56	9.5
18.92	9.5
20.63	22.89
23.21	22.89
25.55	31.05
27.52	31.05
28.06	31.05
28.36	42.91
28.59	62.43
31.93	62.43
33.3	62.43
35.54	39.15
36.12	23.81
37.87	23.81
38.92	12.81
39.91	12.81
40.53	12.81
42.62	73.44
44.68	73.44
46.82	40.99
47.26	40.0
47.95	40.0
49.35	47.9
51.47	47.9
54.45	65.52
55.8	32.18
58.56	32.18
61.08	37.66
62.2	37.66
63.02	48.33
64.97	48.33
66.8	48.33
69.9	68.42
71.64	68.42
73.13	68.42
74.05	52.65
76.52	52.65
77.46	24.33
79.51	24.33
80.29	24.33
82.07	58.05
84.25	58.05
86.04	58.05
86.47	44.73
88.93	44.73
92.31	44.73
95.44	23.25
98.86	23.25
99.3	26.25
102.59	26.25
105.44	26.25
108.58	23.95
110.62	23.95
112.5	23.95
115.81	7.77
116.49	26.24
116.9	45.57
120.25	45.57
121.43	32.05
121.96	3.23
124.87	55.31
127.41	62.33
128.82	62.4
130.37	62.4
132.25	62.4
134.1	51.66
134.49	51.66
137.36	51.66
139.74	9.78
140.57	9.78
141.09	70.43
142.43	70.43
143.72	24.65
145.71	24.65
147.28	44.46
147.89	44.46
149.18	54.72
151.5	54.72
152.74	54.72
156.12	37.82
156.99	37.82
159.36	58.4
160.19	58.4
160.68	58.4
162.79	19.6
162.94	19.6
164.96	19.6
165.83	39.45
168.75	39.45
171.17	41.81
173.64	41.81
175.52	41.81
177.87	38.22
180.2	38.22
182.93	60.33
183.4	35.19
184.51	13.89
185.23	61.66
187.47	61.66
189.08	61.66
192.35	11.56
193.74	11.56
194.32	33.65
197.32	33.65
198.56	3.21
199.81	3.21
200.41	22.39
202.9	60.04
205.83	60.04
207.88	60.04
210.38	3.93
213.19	3.93
213.35	3.93
213.54	20.3
216.5	65.32
218.04	66.89
221.51	66.89
222.22	38.99
223.63	38.99
224.07	3.75
226.52	3.75
227.07	19.47
230.08	30.3
231.93	16.08
234.96	16.08
236.71	63.73
237.5	61.01
239.1	71.71
242.26	17.79
243.09	67.45
245.73	67.45
248.95	67.45
249.99	48.93
252.53	48.93
