2.06	68.92
2.53	68.92
3.01	68.92
4.2	61.2
4.43	61.2
4.77	61.2
5.91	59.16
8.62	1.67
8.9	1.67
10.36	1.67
12.46	44.3
13.42	44.3
14.23	39.69
16.65	39.69
17.57	39.69
20.35	42.57
23.71	42.57
24.75	42.57
27.23	41.32
29.85	41.32
32.02	41.32
35.43	33.9
37.7	33.9
39.68	69.26
43.11	51.03
43.81	51.03
44.17	51.03
45.91	46.6
47.9	46.6
49.71	46.6
52.08	52.46
54.82	52.46
57.02	26.23
57.47	26.23
59.11	72.66
60.21	72.66
62.88	72.66
65.46	53.73
65.77	53.73
67.98	53.73
71.02	62.13
72.42	62.13
74.79	50.76
76.38	50.76
78.92	27.63
81.55	27.63
83.66	56.2
85.12	56.2
85.81	20.95
87.24	20.95
90.38	20.95
91.24	0.34
94.1	0.34
95.62	0.34
96.14	22.81
99.44	22.81
99.7	22.81
101.55	41.3
103.86	41.3
106.36	41.3
106.73	71.35
107.17	71.35
108.96	1.5
110.77	1.5
111.79	42.67
114.85	42.67
115.22	54.41
115.51	54.41
115.9	54.41
116.89	36.84
117.55	36.84
119.37	36.84
121.11	27.44
123.08	27.44
126.13	40.55
127.42	40.55
127.63	49.08
130.12	62.05
131.54	41.01
132.22	34.88
132.39	37.39
132.51	5.22
133.81	5.22
136.45	45.5
139.83	45.5
140.97	39.51
141.55	39.51
144.97	10.29
145.17	10.29
148.36	22.71
149.42	22.71
150.12	63.37
153.34	63.37
156.69	63.37
157.24	41.61
157.72	41.61
160.09	41.61
161.12	55.01
163.19	66.31
163.86	66.31
167.31	66.31
170.78	55.83
171.07	55.83
172.7	55.83
173.26	6.67
174.43	6.67
175.47	6.67
176.1	9.89
177.23	68.15
179.33	68.15
182.78	68.15
185.96	45.0
187.47	2.98
189.43	43.1
190.28	43.1
191.48	43.1
192.37	33.49
194.76	33.49
197.8	33.49
199.07	68.36
200.49	68.36
201.3	46.08
204.33	46.08
206.89	37.68
210.04	37.68
210.33	37.68
213.29	44.46
214.65	44.46
216.97	10.74
217.96	48.34
220.84	48.34
222.05	5.72
222.18	24.62
224.05	24.62
225.4	36.4
225.63	36.4
227.71	2.5
229.27	10.6
230.39	10.6
233.89	10.6
234.98	24.21
235.8	24.21
237.61	35.37
238.41	35.37
239.75	59.08
243.14	59.08
245.16	59.08
246.76	27.29
247.34	27.29
247.45	27.29
247.91	41.39
250.63	22.22
