2.5	40.38
5.74	40.38
8.86	40.38
11.77	8.95
12.58	8.95
15.0	8.95
15.21	45.92
16.09	41.93
17.21	29.3
17.54	11.37
17.81	11.37
20.86	8.01
22.46	4.77
22.66	4.77
24.7	27.9
26.16	27.9
27.84	27.96
28.08	33.53
28.21	33.53
29.94	43.04
31.5	43.04
32.13	43.04
33.98	30.06
35.8	61.96
38.57	18.69
40.59	49.53
43.88	49.53
45.06	52.14
47.7	52.14
51.02	6.77
51.89	6.77
52.84	4.79
53.79	4.79
54.43	4.79
55.92	0.4
56.69	48.77
59.3	48.77
60.67	19.1
61.57	59.6
64.82	59.6
67.54	59.6
69.45	2.9
72.0	12.86
72.2	12.13
73.13	12.13
73.94	33.03
74.99	33.03
77.76	50.83
79.71	50.83
82.33	50.83
83.76	29.7
86.01	29.7
89.46	8.19
91.03	8.19
91.24	8.19
94.29	70.64
94.82	70.64
96.19	18.02
96.84	18.02
99.6	51.79
101.04	51.79
102.54	6.9
105.33	6.9
106.05	6.9
108.04	8.86
108.44	3.69
109.17	3.69
110.55	3.69
111.62	66.49
112.88	10.78
113.13	10.78
116.14	10.78
118.2	57.05
119.19	57.05
122.24	57.05
123.55	24.75
123.7	24.75
124.11	7.27
126.92	11.61
127.67	11.61
129.43	42.81
131.33	42.81
132.7	49.02
133.16	49.02
134.38	11.49
136.44	11.49
137.71	3.04
139.53	3.04
141.75	3.04
144.84	1.76
146.54	1.76
146.88	1.76
149.98	50.57
151.59	50.57
152.72	50.57
155.46	59.39
156.34	55.93
158.96	55.93
159.62	56.18
160.36	56.18
161.96	18.9
162.7	17.76
165.09	17.76
168.47	41.12
170.91	41.12
171.56	67.86
174.31	73.23
177.06	54.2
179.7	48.24
181.24	62.41
181.53	62.41
184.15	72.03
184.87	72.03
185.95	72.03
189.02	51.05
191.39	51.05
191.88	51.05
194.28	31.55
194.84	47.94
195.4	20.69
195.66	20.69
198.25	20.69
198.51	62.25
198.95	62.25
200.85	45.78
202.89	45.78
204.41	45.78
206.07	18.07
208.67	18.07
211.37	18.07
212.3	10.23
215.44	63.33
217.43	6.24
219.88	22.51
220.19	22.51
223.26	35.53
224.42	35.53
225.9	35.53
226.55	42.93
227.47	42.93
229.96	60.15
231.22	60.15
233.09	60.15
235.8	43.92
239.19	43.92
242.15	43.92
243.23	30.23
245.66	30.23
247.25	30.23
247.43	1.24
248.84	70.26
249.05	70.26
249.62	70.26
252.32	59.68
