0.43	30.11
1.82	68.29
4.05	39.84
6.36	47.05
7.79	47.05
10.43	47.05
13.29	13.52
16.56	13.52
19.37	13.52
21.27	47.01
24.36	47.01
26.59	7.68
27.29	16.99
27.66	16.99
29.82	52.76
30.26	52.76
33.39	26.76
35.99	10.06
38.2	43.99
40.26	10.71
42.19	10.71
43.74	58.91
46.33	58.91
48.23	51.19
50.09	51.19
51.72	51.19
54.67	41.58
58.0	15.16
58.57	11.88
61.58	11.88
62.22	11.88
65.5	34.67
67.75	2.97
69.17	2.97
69.76	2.97
73.1	11.92
73.74	11.92
73.89	59.48
75.87	59.48
78.58	55.67
79.33	50.43
80.68	50.43
81.47	18.12
83.27	18.12
83.65	25.06
86.82	25.06
89.82	25.06
92.31	57.9
93.73	57.9
97.05	57.9
98.85	38.58
99.2	38.58
99.59	38.58
102.0	16.99
105.05	68.52
108.26	68.52
108.45	61.07
110.74	29.3
111.35	12.52
113.76	12.52
115.71	12.52
117.99	34.37
120.5	65.32
122.08	68.78
123.3	68.78
125.14	68.78
125.25	38.22
127.38	38.22
130.6	38.22
131.01	10.44
131.59	4.9
135.03	4.9
135.95	4.9
137.15	71.55
140.17	71.55
142.82	28.86
143.01	28.86
145.63	23.68
146.8	64.86
148.92	64.86
149.1	43.7
152.18	31.47
153.47	31.47
156.77	72.68
159.99	72.68
161.93	32.42
163.35	65.22
164.31	65.22
167.0	70.8
169.36	70.8
169.97	70.8
172.83	62.7
172.97	62.7
173.92	2.32
176.53	2.51
177.64	2.51
180.26	2.51
182.87	42.98
185.39	42.98
186.29	42.98
188.69	70.66
191.82	70.66
192.81	29.14
196.0	29.14
197.58	8.04
198.44	8.04
200.68	23.59
200.8	32.49
202.81	32.49
205.88	32.49
206.49	70.85
208.24	70.85
211.41	59.12
212.28	54.43
214.3	54.43
214.6	8.29
217.2	24.24
220.35	24.24
223.44	24.24
225.38	20.32
228.33	20.32
228.72	20.32
229.52	48.29
229.77	46.51
232.86	33.1
233.49	38.9
236.04	38.9
236.74	38.9
239.77	44.39
241.24	23.01
243.51	23.01
244.7	37.45
246.92	19.79
248.42	19.79
250.05	25.82
