0.97	4.34
1.88	4.34
5.08	66.67
5.35	69.03
5.67	69.03
7.3	49.12
8.28	13.26
10.3	13.26
11.26	13.26
12.58	71.15
15.47	71.15
16.31	47.63
18.31	72.02
21.48	72.02
21.68	72.02
22.89	6.8
23.72	6.8
26.04	43.2
27.56	43.2
28.09	43.2
31.13	20.71
32.27	20.71
33.4	20.71
36.85	67.43
38.58	67.43
41.44	67.43
44.01	36.81
46.49	6.41
48.42	6.41
49.16	20.71
50.75	1.42
51.97	44.86
54.04	44.86
57.09	48.52
57.9	48.52
59.86	24.62
60.84	33.32
62.45	33.32
65.66	47.88
67.37	39.58
68.2	39.58
69.11	26.65
72.33	68.22
73.2	68.22
74.94	68.22
75.15	50.43
77.1	50.43
80.16	50.43
82.27	30.99
85.59	30.99
85.74	30.99
87.85	45.65
90.02	45.65
90.92	45.65
93.7	44.57
96.69	70.82
99.06	70.82
100.05	70.82
100.67	60.39
102.07	60.39
103.42	60.39
105.72	71.04
108.6	71.04
108.7	3.8
108.89	73.12
109.32	5.72
112.63	5.72
115.41	5.72
116.15	64.81
117.62	64.81
119.94	69.74
121.48	69.74
124.21	69.74
126.2	1.39
129.13	1.39
131.6	1.39
132.65	44.22
132.87	44.22
136.09	13.69
137.05	13.69
139.39	13.69
140.01	16.72
142.53	6.66
145.49	48.8
147.19	48.8
148.97	29.89
151.05	69.12
154.04	69.12
154.39	27.8
154.79	27.8
157.18	43.12
158.67	43.12
160.75	8.68
161.37	8.68
164.59	8.68
167.84	24.58
171.18	24.58
172.51	24.58
175.94	1.17
178.91	1.17
179.87	1.17
182.18	26.25
182.92	47.54
185.15	47.54
187.2	49.81
188.38	49.81
190.36	59.92
191.62	60.89
192.7	8.35
194.42	8.35
196.42	8.35
197.23	40.46
198.93	40.46
201.59	24.94
202.44	30.56
204.76	30.56
206.59	30.56
209.04	26.69
211.05	26.69
211.7	26.69
211.87	11.53
214.44	11.53
217.11	45.85
217.24	45.85
219.2	69.85
220.49	36.9
223.32	53.85
225.86	53.85
226.03	53.85
229.38	29.92
232.04	29.92
235.16	28.21
238.33	18.67
238.47	18.67
241.17	18.67
242.95	58.02
243.3	57.12
246.65	57.12
248.72	57.12
249.06	32.55
251.86	43.99
