0.84	9.38
3.14	2.13
3.92	2.13
5.87	39.77
7.65	39.77
10.6	39.77
12.46	33.7
13.55	33.7
14.33	37.13
15.27	37.13
17.17	37.13
18.16	34.2
20.02	34.2
20.31	18.12
20.47	66.19
23.53	66.19
24.35	46.08
25.19	46.08
25.64	56.5
28.15	56.5
28.7	56.5
31.54	65.3
33.47	65.3
35.14	65.3
37.07	5.19
37.73	52.09
38.24	52.09
39.35	52.09
41.13	36.26
44.46	71.5
45.92	71.5
47.5	71.5
48.02	17.57
51.19	27.25
54.56	27.25
54.77	27.25
58.11	28.64
59.45	28.64
59.77	28.64
61.31	66.15
63.15	32.2
66.41	32.2
67.55	42.22
68.43	33.59
71.54	33.59
73.22	33.59
75.07	63.96
77.65	22.43
78.2	22.43
80.71	22.43
83.18	55.93
83.77	47.99
84.77	47.99
86.29	47.99
88.29	1.25
90.17	43.62
92.87	72.89
95.99	72.89
99.26	64.73
100.72	64.73
100.83	43.62
102.31	43.62
104.79	43.62
105.19	10.36
106.54	10.36
107.98	10.36
108.34	11.8
109.35	13.44
111.75	13.44
113.44	42.25
115.95	42.25
118.02	42.25
120.21	27.27
122.68	27.27
123.07	27.27
124.51	44.06
125.28	32.2
126.66	32.2
126.96	32.2
127.61	37.58
127.75	51.45
130.94	62.89
132.36	10.41
134.22	10.41
135.49	55.99
138.86	10.91
139.09	10.91
140.87	17.54
141.54	17.54
144.25	17.54
147.09	6.67
148.28	6.67
149.77	29.27
150.21	29.27
150.65	29.27
151.37	6.59
152.76	6.59
155.49	6.59
158.36	51.58
161.77	51.58
164.53	45.67
167.73	45.67
168.01	57.17
170.57	57.17
171.98	50.31
173.03	50.31
174.67	50.31
175.11	33.86
176.89	33.86
177.47	71.22
178.43	71.22
181.92	64.91
183.9	64.91
184.6	64.91
185.5	35.63
185.88	35.63
188.5	35.63
190.41	32.12
193.32	32.12
193.81	63.53
195.43	39.72
197.68	39.72
201.13	1.64
202.72	1.64
203.48	1.64
204.03	21.99
206.73	21.99
207.36	69.28
209.62	69.28
210.72	69.28
214.11	23.03
214.82	29.94
216.9	29.94
217.48	47.85
219.87	47.85
221.93	29.3
224.33	29.3
227.4	29.3
229.67	61.48
230.26	60.44
230.71	17.08
232.04	32.73
234.28	9.2
237.21	9.2
239.44	7.77
240.52	7.77
243.75	51.21
244.63	51.21
246.53	27.63
249.74	8.43
250.67	9.33
