2.55	54.04
4.15	54.04
5.75	54.04
7.78	43.82
9.12	43.82
10.46	43.82
11.39	14.25
11.82	14.25
13.42	14.25
15.97	50.22
17.3	50.22
18.3	50.22
19.41	7.47
22.48	7.47
23.5	7.47
23.66	61.68
25.95	61.68
28.28	13.58
31.0	13.58
32.92	56.57
34.85	18.58
35.37	61.03
36.47	61.03
39.59	61.03
41.78	5.42
43.97	5.42
47.4	53.17
47.99	53.17
49.59	53.17
49.9	37.94
52.16	9.42
54.71	9.42
55.15	9.42
58.5	52.31
59.11	52.31
61.39	68.0
63.09	68.0
66.31	30.42
66.53	30.42
68.09	33.84
69.08	60.71
72.22	62.33
73.0	62.33
74.79	31.54
75.58	31.54
76.73	31.54
79.91	71.42
83.19	71.42
84.27	71.42
85.41	1.44
87.34	1.44
87.77	1.44
89.12	14.17
90.67	14.17
93.94	14.17
94.14	6.76
96.09	43.18
96.98	59.86
99.01	24.63
99.88	21.6
100.3	27.5
102.14	39.85
102.73	39.85
104.66	46.44
105.6	34.78
108.12	16.72
109.85	16.72
112.02	16.72
112.49	3.54
112.62	63.14
115.68	63.14
117.77	22.57
120.08	42.55
122.77	42.55
123.63	42.55
124.21	42.63
127.02	42.63
129.9	42.63
131.42	8.15
131.95	8.15
134.86	21.41
137.73	21.41
138.38	30.2
141.54	30.2
143.15	39.78
145.43	39.78
148.78	39.78
150.18	28.16
153.58	56.1
155.2	30.45
155.81	32.95
156.61	32.95
159.17	32.95
161.71	56.23
161.96	56.23
163.65	56.23
165.02	32.81
165.33	38.9
165.75	38.9
166.96	38.9
168.56	68.96
171.23	68.96
173.54	68.96
176.79	57.64
177.88	53.65
178.01	53.65
181.01	53.65
184.02	63.53
184.93	43.45
187.77	43.45
189.5	40.16
192.25	40.16
192.62	40.16
194.8	44.19
197.91	14.91
199.08	14.91
199.31	14.91
201.06	27.27
201.69	27.27
204.55	27.39
205.17	27.39
208.63	53.18
208.86	53.18
209.45	58.25
211.86	58.25
213.48	29.96
213.93	67.7
216.39	67.7
219.27	19.9
219.63	19.9
222.62	39.64
225.43	39.64
226.53	39.64
227.08	1.08
227.41	45.99
229.82	64.21
230.87	64.21
231.38	4.4
234.66	4.4
235.59	4.4
236.43	23.5
239.69	23.5
239.8	21.62
240.12	21.62
241.14	21.62
242.97	24.43
245.58	24.43
247.92	21.26
249.63	21.26
250.4	21.26
