0.24	70.33
1.13	70.33
3.86	70.33
7.18	22.19
9.49	0.53
11.99	36.61
12.83	36.61
14.75	10.53
18.22	7.72
21.67	7.72
22.16	7.72
25.22	17.99
28.42	17.99
29.73	17.99
32.23	10.82
35.03	10.82
36.12	8.38
36.71	8.38
39.94	22.51
42.93	73.25
43.44	10.19
45.2	10.19
45.54	36.58
45.69	36.58
46.47	36.58
48.34	56.29
48.61	20.91
50.32	20.91
52.71	35.31
55.5	35.31
56.33	43.42
56.93	6.41
57.63	35.65
59.97	7.96
62.51	7.96
64.11	7.96
65.98	19.72
68.44	19.72
69.94	19.72
71.23	34.43
71.5	34.43
73.67	34.43
74.21	35.82
75.86	35.82
76.04	20.54
79.39	20.54
80.79	20.54
81.29	19.33
82.74	19.33
85.12	19.33
87.78	51.29
89.88	51.29
90.84	51.29
94.0	36.99
96.41	72.55
98.91	72.55
100.72	28.25
104.06	12.95
106.45	12.95
109.47	12.95
110.59	51.67
111.89	51.67
115.14	68.5
117.93	68.5
118.54	68.5
119.42	30.14
122.75	30.14
125.02	30.14
126.21	16.63
129.7	16.63
129.82	13.37
131.54	13.37
134.69	13.37
135.05	9.59
137.19	9.59
137.5	31.53
138.13	71.61
138.64	71.61
141.72	64.75
141.83	64.75
142.67	21.0
145.37	21.0
148.21	21.0
151.04	66.03
151.51	4.64
154.99	4.64
155.63	4.64
156.01	62.1
156.48	62.1
157.41	62.1
160.22	68.03
163.55	68.03
165.01	30.42
166.22	30.42
167.53	30.42
169.92	73.5
170.3	73.5
171.35	73.5
171.85	70.05
172.95	70.05
174.43	70.05
177.0	64.1
177.36	64.1
180.82	21.23
183.73	31.76
187.03	31.76
187.8	31.76
189.13	12.65
192.37	12.65
194.97	55.05
195.36	55.05
198.38	55.05
199.06	49.29
202.53	49.29
204.39	49.29
205.98	6.36
206.68	34.28
207.77	4.73
210.84	4.73
213.61	36.79
215.77	36.79
217.19	61.1
219.81	61.1
222.95	61.1
223.45	53.62
223.79	53.62
225.66	17.71
228.56	60.86
229.64	60.86
231.55	51.85
232.28	29.85
234.71	29.85
235.0	46.12
236.37	73.92
238.49	73.92
241.92	25.59
242.22	69.61
244.48	69.61
247.4	47.21
248.72	47.21
249.85	13.19
251.17	11.56
