0.76	12.0
0.89	12.0
3.49	12.0
3.98	18.99
4.83	4.2
6.88	4.2
9.03	4.2
10.71	71.14
11.72	52.66
13.04	26.66
13.83	26.66
15.97	26.66
17.99	36.32
18.37	36.32
19.8	36.32
23.12	73.32
26.53	73.32
29.01	73.32
29.64	25.91
30.07	25.91
33.28	25.91
34.36	45.67
35.97	24.03
38.02	24.03
40.16	4.36
40.87	4.36
43.53	4.36
44.51	14.05
45.63	14.05
45.97	60.53
48.86	60.53
51.0	60.53
54.07	58.39
55.8	58.39
57.89	58.39
61.1	50.19
61.49	38.48
62.81	54.24
65.93	56.13
66.34	6.57
68.29	6.57
71.4	6.57
73.3	49.38
74.71	49.38
76.51	49.38
78.73	20.37
80.89	18.98
83.03	18.98
86.1	33.46
86.59	33.46
88.34	0.82
89.79	2.07
90.84	2.07
93.43	2.07
94.54	3.33
97.2	3.33
98.71	3.33
100.65	37.39
101.93	37.39
103.43	73.63
105.97	73.63
108.46	56.81
111.53	56.81
112.88	56.81
114.96	3.88
116.87	3.88
117.13	3.88
118.83	32.75
120.94	18.81
124.15	41.28
124.48	41.28
125.9	41.28
128.66	63.83
131.38	63.83
131.57	63.83
134.83	6.99
137.83	22.24
137.95	22.24
140.32	22.24
143.4	13.01
146.1	13.01
147.62	13.01
149.65	6.16
150.09	29.53
152.25	29.53
153.87	29.53
155.04	47.14
156.52	47.14
158.08	34.21
159.1	72.67
160.32	72.67
160.87	43.38
161.1	43.38
162.62	23.4
165.23	23.4
166.54	58.81
167.33	49.43
168.97	27.3
171.49	54.33
174.68	54.33
174.99	2.29
175.47	2.29
176.98	62.78
177.22	62.78
178.49	2.75
180.37	2.75
183.26	72.78
186.46	3.57
189.68	3.57
192.35	67.61
193.29	39.13
193.7	39.13
195.98	39.13
197.45	64.55
198.69	64.55
200.29	64.55
202.59	34.87
205.64	34.87
207.42	34.87
210.86	0.56
211.98	0.56
215.28	61.53
217.24	61.53
218.9	44.68
220.92	41.33
223.09	3.62
225.29	1.28
226.95	1.28
228.67	22.8
230.19	22.8
233.41	22.8
234.75	58.63
237.4	41.92
238.51	8.52
240.8	51.32
244.24	71.46
246.13	69.01
246.24	43.58
247.87	38.87
248.71	38.87
250.0	38.87
