0.93	37.76
1.92	37.76
4.91	37.76
7.39	7.37
10.56	7.37
11.19	2.71
13.26	33.32
14.18	33.32
15.15	54.26
18.13	54.26
19.83	2.3
21.54	2.3
23.59	2.3
24.97	21.69
27.96	21.69
30.43	21.69
32.02	51.61
34.23	69.6
35.77	69.6
35.87	69.6
38.08	30.0
38.42	30.0
39.28	30.0
40.53	33.33
43.05	53.22
43.52	57.32
45.37	57.32
48.04	9.87
50.37	62.63
51.14	1.22
53.24	70.81
53.71	70.81
54.24	70.81
57.59	68.84
58.86	64.22
59.04	64.22
59.82	6.93
63.01	67.98
66.04	60.82
69.43	60.82
71.73	60.82
74.08	60.57
77.1	60.57
77.43	60.57
80.44	44.13
82.68	53.79
84.0	53.79
85.12	53.79
86.74	46.07
87.64	46.07
90.83	66.24
93.2	35.89
93.8	28.97
96.56	28.97
98.17	28.97
100.64	39.52
102.36	31.05
103.26	31.05
105.39	31.05
107.83	49.44
111.12	49.44
114.38	63.55
115.96	63.55
118.75	50.84
121.07	50.84
121.52	50.84
121.66	36.83
124.03	36.83
127.0	36.83
128.9	4.15
130.09	28.23
131.72	64.58
133.31	64.58
135.86	69.22
139.24	7.58
139.76	7.58
141.52	41.45
143.83	47.45
146.87	47.45
147.48	3.39
147.82	3.39
150.62	65.33
151.58	16.75
152.6	51.16
155.53	60.45
157.26	27.08
158.79	27.08
160.03	27.08
161.17	58.19
163.17	58.19
164.77	52.05
167.18	52.05
168.05	13.29
170.25	1.02
173.1	1.02
174.07	50.08
175.6	50.08
176.54	50.08
177.58	55.57
178.79	43.71
181.88	43.71
182.95	46.96
183.21	55.79
184.41	55.79
187.59	13.25
190.87	13.25
192.93	13.25
195.68	67.95
196.98	21.89
199.02	59.32
199.54	44.91
201.09	36.75
201.46	36.75
202.18	36.15
204.43	55.44
207.49	55.44
209.98	55.44
213.25	23.43
214.67	23.43
217.94	23.43
221.21	4.38
224.24	58.9
227.62	58.9
230.24	58.9
230.96	25.94
232.7	25.94
234.61	25.94
235.25	56.4
237.78	56.4
238.53	56.4
238.98	6.28
240.28	6.28
242.29	6.28
243.46	57.31
245.82	33.63
247.93	33.63
248.69	3.32
251.8	19.35
