2.56	34.39
4.48	12.89
5.27	12.89
7.08	38.95
7.35	38.95
10.46	38.95
10.88	4.93
14.2	4.93
17.35	4.93
20.75	26.96
22.58	62.45
22.71	72.53
26.07	21.68
27.11	21.68
28.8	10.77
31.13	10.77
34.28	58.36
35.35	58.36
36.46	58.36
38.79	61.86
39.61	61.86
40.6	43.86
43.87	43.86
47.02	43.86
47.71	25.09
49.28	48.57
50.84	48.57
54.02	48.57
55.08	54.84
57.04	54.84
59.52	51.06
59.74	1.77
60.35	53.27
63.11	53.27
66.27	53.27
68.45	50.73
69.9	50.73
72.69	9.79
75.73	20.67
78.74	20.67
79.22	20.67
81.29	44.83
82.95	21.64
85.9	21.64
87.69	21.64
89.71	35.86
90.5	35.86
91.25	5.75
92.47	61.86
95.04	20.27
97.12	37.46
98.02	37.46
98.73	37.46
99.66	27.98
101.51	27.98
104.56	27.98
106.13	16.37
108.46	16.37
110.46	16.37
112.38	27.27
113.99	47.08
116.27	47.08
119.22	47.08
120.78	38.04
121.63	47.3
124.11	47.3
127.42	53.82
128.13	53.82
131.36	53.82
133.83	57.63
135.39	60.99
138.42	60.99
140.4	60.99
142.27	34.78
145.25	34.78
148.32	34.78
149.83	30.16
151.92	46.65
152.81	38.5
154.12	31.81
156.44	31.81
156.94	17.24
157.31	17.24
158.98	12.91
160.02	37.43
161.58	37.43
164.16	39.63
167.6	20.61
170.41	20.61
170.8	20.61
174.19	1.67
175.97	1.67
177.35	38.8
180.55	38.8
183.33	38.8
184.42	65.41
185.18	65.41
188.19	65.41
190.0	46.73
191.04	46.73
192.91	46.73
194.92	53.5
197.11	53.5
200.55	65.01
202.19	20.11
204.52	55.92
204.86	55.92
207.71	22.37
209.02	22.37
211.49	22.37
211.61	1.37
213.7	1.37
214.49	1.37
215.16	15.92
217.69	15.92
218.41	15.92
219.78	60.93
220.07	2.4
221.8	2.4
222.77	2.4
224.35	49.62
227.2	49.62
228.76	41.6
230.89	41.6
232.66	8.18
236.12	8.18
236.9	9.7
240.39	52.03
241.76	28.96
242.19	28.25
245.3	28.25
246.45	28.25
249.58	37.55
250.69	69.25
