1.93	68.34
3.06	21.62
3.73	57.61
4.94	22.06
7.3	47.58
9.62	16.82
10.07	16.82
12.03	21.23
13.79	21.23
15.15	21.23
18.08	51.24
19.65	56.09
22.0	56.09
23.18	66.15
24.74	35.68
27.99	20.73
30.59	51.34
33.58	51.34
34.92	51.34
36.16	46.02
39.27	10.68
41.13	10.68
44.39	25.75
45.66	25.75
48.16	25.75
49.24	50.74
51.18	50.74
52.09	50.74
53.39	8.79
56.55	8.79
58.89	8.79
59.27	47.88
62.6	44.96
62.95	47.59
63.33	47.59
65.81	47.59
67.26	53.34
67.58	53.34
69.86	25.51
72.79	25.51
74.3	54.21
77.58	54.21
79.02	54.21
82.1	2.02
82.83	2.02
84.69	11.78
86.72	11.78
88.6	11.78
89.54	17.63
90.27	17.63
92.69	17.63
94.16	15.74
95.27	32.08
95.51	46.02
96.68	26.64
99.93	58.17
102.88	58.17
106.24	58.17
107.77	21.91
109.77	71.37
110.89	71.37
112.45	71.37
113.56	7.18
116.24	2.23
119.4	2.23
120.43	2.23
121.15	40.42
121.76	5.32
124.55	33.71
127.76	39.58
130.25	39.58
130.72	31.63
133.15	0.38
135.8	61.53
136.66	61.53
136.96	61.53
139.26	33.76
139.72	33.76
142.18	55.54
142.92	55.54
145.15	41.03
148.12	41.03
149.87	21.19
151.62	21.19
153.3	48.77
155.64	48.77
157.0	48.77
157.6	36.93
158.39	36.93
160.69	36.75
161.32	36.75
163.48	14.84
166.54	14.84
168.23	14.84
171.19	8.97
172.93	48.38
173.42	48.38
176.47	58.69
178.51	3.09
178.89	3.09
181.34	3.09
182.67	19.75
184.61	19.75
187.28	19.75
189.79	51.86
190.13	51.86
193.08	51.86
194.17	13.45
195.98	17.4
196.87	17.4
199.55	17.4
199.95	26.99
202.94	24.39
204.23	38.59
206.93	38.59
209.56	38.59
210.81	50.68
212.94	56.94
214.4	56.94
216.72	33.68
220.11	33.68
221.41	58.62
221.62	4.59
222.83	54.34
226.13	49.95
229.28	49.95
232.12	25.03
233.67	25.03
235.9	25.03
239.33	38.44
241.4	38.44
242.28	38.44
243.12	23.71
243.46	23.71
243.9	65.03
247.24	69.06
250.32	69.06
