2.92	68.0
3.36	68.0
6.58	68.0
9.99	63.3
11.75	63.3
12.69	22.1
15.04	22.1
18.39	24.57
19.04	48.47
20.93	48.47
24.39	48.47
24.79	3.56
27.56	3.56
28.89	47.96
31.4	47.96
31.66	47.96
32.93	63.33
34.84	56.72
35.05	56.72
37.3	10.0
39.52	44.19
41.44	29.27
44.5	29.27
47.88	72.16
49.11	72.16
51.11	51.13
52.68	51.13
55.56	51.13
58.58	54.59
60.63	54.59
60.86	54.59
64.28	36.84
67.71	36.84
67.88	14.91
70.44	14.91
70.93	25.43
74.38	25.43
77.17	25.43
78.99	17.23
81.16	17.23
84.17	17.23
86.83	53.14
88.32	53.14
91.51	53.14
93.28	44.8
95.65	0.95
96.28	0.95
99.02	3.73
101.93	3.73
103.49	3.73
106.16	48.56
106.31	40.52
109.3	40.52
109.83	40.52
111.45	41.29
113.2	71.32
116.22	71.32
118.97	71.32
120.41	63.38
121.69	61.43
123.61	61.43
126.09	61.43
128.55	50.82
130.66	50.82
130.77	52.4
133.65	41.54
134.06	41.54
136.0	71.6
136.92	19.79
139.6	19.79
140.97	51.06
141.93	30.15
143.18	30.15
144.06	41.36
145.82	36.99
147.05	33.29
148.14	63.61
150.69	63.61
153.91	62.13
156.75	62.13
158.92	55.27
162.39	55.27
164.17	66.91
165.13	66.91
165.42	62.97
168.88	40.72
169.09	40.72
170.18	40.72
172.16	58.27
173.04	24.36
175.82	62.06
178.93	56.2
180.21	25.63
181.79	9.87
185.04	46.63
186.17	46.63
186.52	46.63
188.03	38.06
188.61	38.06
189.87	38.06
190.51	23.9
192.24	42.43
195.46	42.43
196.88	1.89
198.12	1.89
200.02	1.89
201.82	34.14
202.33	34.14
205.63	34.14
206.71	24.89
209.15	24.89
209.66	64.63
211.39	59.6
211.82	59.6
212.38	59.6
215.43	1.66
218.03	61.64
220.19	28.01
221.52	28.01
222.55	28.01
225.4	36.71
225.86	36.71
226.83	46.45
227.48	46.45
227.84	18.59
228.13	18.59
228.74	18.59
228.94	45.5
229.26	45.5
229.52	52.45
232.81	52.45
234.34	41.28
235.59	41.28
237.29	5.45
238.89	5.45
239.62	63.04
241.42	69.68
242.93	62.12
245.85	62.12
247.6	19.28
248.16	14.93
251.47	14.93
