2.44	61.96
4.47	61.96
6.85	61.96
9.6	47.23
12.55	47.23
12.68	68.57
13.59	68.57
16.67	18.7
18.71	18.7
21.49	18.7
21.79	46.26
24.45	46.26
24.78	46.26
24.92	17.3
27.19	7.75
28.95	7.75
29.45	7.75
31.71	40.85
33.53	71.51
35.16	71.51
35.3	71.51
35.83	71.11
38.12	62.34
40.17	42.83
43.4	31.5
45.52	31.5
46.85	31.5
48.85	63.78
52.07	63.78
53.19	63.78
56.59	7.31
57.69	70.69
60.14	70.69
62.8	20.24
64.01	20.24
66.75	20.24
67.42	47.47
69.28	47.47
71.45	47.47
71.78	10.2
74.75	40.92
77.15	40.92
78.3	40.92
78.8	12.52
79.38	12.52
81.47	12.52
83.65	65.75
86.52	65.75
87.45	65.75
88.28	16.75
90.9	1.4
94.3	60.41
96.83	60.41
98.22	60.41
100.25	39.29
100.99	39.29
104.25	39.29
107.75	24.11
110.32	24.11
110.93	24.11
111.27	19.26
112.87	68.64
114.94	5.91
116.36	5.91
117.37	63.21
119.61	63.21
123.09	18.46
123.51	18.46
124.4	51.91
124.59	51.91
127.91	54.21
128.63	54.21
128.75	31.77
131.01	31.77
131.74	31.77
132.79	29.4
134.8	29.4
136.2	32.71
138.16	52.39
140.7	71.24
142.23	38.76
143.53	38.76
146.57	38.76
149.81	55.21
152.44	55.21
155.37	71.27
156.28	71.27
159.41	71.27
160.23	49.96
163.57	1.57
166.91	1.57
168.53	14.19
170.32	54.81
171.76	54.81
173.66	54.81
176.7	19.35
176.82	5.64
176.96	20.17
177.62	20.68
178.19	64.1
181.36	64.1
184.67	65.39
184.8	3.93
187.17	3.93
187.99	3.93
191.47	52.43
194.08	52.43
195.21	68.26
196.27	17.19
197.71	45.54
201.06	41.39
203.4	41.39
204.43	41.39
204.83	72.93
208.24	72.93
211.49	50.44
212.2	50.44
214.63	50.44
217.3	73.2
220.08	64.88
222.85	64.88
225.77	64.88
225.91	51.8
229.27	51.8
231.52	51.8
234.45	30.2
237.19	30.2
239.67	30.2
240.67	38.22
243.0	38.22
244.2	38.22
245.28	4.27
247.0	4.27
249.08	4.27
251.16	2.69
