1.12	18.74
3.5	18.74
4.09	6.15
6.8	6.15
7.48	64.46
9.44	64.46
11.27	40.59
11.82	67.33
14.91	67.33
18.37	67.33
21.53	30.31
23.0	30.31
25.71	30.31
28.99	6.26
31.18	6.26
33.2	6.26
35.73	68.99
37.52	68.99
39.58	41.19
40.84	41.19
43.46	41.19
46.5	72.78
48.93	72.78
49.12	72.78
49.75	27.89
51.45	27.89
54.64	13.03
57.24	13.03
59.84	63.38
62.05	6.99
64.82	2.48
66.59	2.48
70.07	38.75
71.24	38.75
72.79	53.4
74.6	53.4
74.85	49.23
76.18	49.23
76.32	49.23
78.25	61.01
78.37	61.01
81.34	61.01
82.86	66.26
84.37	66.26
85.3	71.91
85.43	71.91
86.9	63.06
89.83	13.07
91.59	36.93
95.03	36.93
97.78	41.37
98.74	41.37
101.07	31.05
102.42	57.9
105.26	57.9
107.81	57.9
109.0	30.42
111.97	30.42
113.45	11.24
116.01	11.24
118.45	11.24
119.68	6.83
120.14	6.83
122.01	6.83
122.46	14.45
125.74	14.45
128.57	14.45
129.75	9.9
133.0	9.9
133.27	33.5
136.33	33.5
138.75	13.44
141.63	70.2
143.42	23.65
146.24	23.65
148.52	23.65
151.42	30.57
153.77	54.09
157.09	54.09
158.73	22.76
160.28	22.76
162.44	64.45
162.64	37.13
164.97	45.67
166.14	16.88
168.61	16.88
171.07	16.88
172.29	60.97
174.53	38.44
176.09	38.44
179.22	38.44
180.28	70.74
183.01	20.23
183.76	20.23
187.1	33.61
188.88	33.61
192.07	33.61
195.38	56.51
196.72	1.95
196.97	48.77
197.13	48.77
199.63	11.9
200.97	11.9
202.46	11.9
205.2	68.74
208.23	68.74
210.61	68.74
212.78	65.62
214.1	14.46
216.25	14.46
217.39	9.85
218.86	40.35
220.32	40.35
220.84	33.61
221.87	33.61
225.31	33.61
226.61	71.68
227.01	71.68
227.39	36.33
229.7	25.4
232.22	25.4
233.26	14.44
235.46	14.44
237.83	14.44
239.57	8.42
240.09	8.42
241.96	31.66
242.94	31.66
245.98	31.66
246.42	51.04
248.33	51.04
250.54	51.04
