2.66	46.52
3.31	46.52
3.67	46.52
4.13	18.78
6.94	72.22
7.13	72.22
9.5	28.81
11.23	67.0
14.22	67.0
16.83	3.5
17.66	3.5
20.85	3.5
23.94	37.81
24.38	70.26
27.02	70.26
30.3	66.98
31.16	66.98
32.86	66.98
33.86	32.9
36.51	32.9
37.35	12.55
38.19	12.55
41.08	44.96
43.55	44.96
45.6	44.96
46.89	27.97
49.89	31.21
53.32	31.21
56.0	54.8
56.62	54.8
56.73	54.8
59.99	71.98
62.78	71.98
63.8	45.41
67.24	45.41
67.6	32.0
69.6	32.0
72.74	32.0
73.37	31.81
75.89	31.81
77.77	73.05
80.86	73.05
84.26	69.08
84.38	69.08
86.32	69.08
86.85	12.86
87.1	12.86
89.95	40.98
92.07	40.98
92.75	40.98
96.1	35.27
97.58	48.79
99.57	48.79
100.59	48.79
102.18	37.93
102.35	37.93
103.38	48.94
106.19	48.94
109.56	12.08
110.77	12.08
113.99	12.4
116.43	53.95
117.92	53.95
121.02	9.8
121.45	9.8
121.6	70.9
124.87	70.9
126.58	70.9
129.38	72.22
130.27	72.22
131.55	72.22
133.15	28.94
133.54	28.94
135.98	28.94
138.39	44.9
141.84	71.91
144.36	71.91
147.55	71.91
148.82	67.67
150.09	67.67
150.59	67.67
152.46	45.09
155.75	59.59
159.15	59.59
162.49	14.18
164.49	14.18
165.42	14.18
167.88	14.02
171.28	14.02
174.71	14.02
175.36	64.99
177.26	64.99
178.55	64.99
178.66	28.45
182.12	3.55
184.69	3.55
185.77	9.73
188.28	9.73
190.23	67.31
192.36	67.31
195.24	67.31
197.19	0.45
200.49	64.62
203.3	64.62
205.74	34.19
209.21	34.19
209.84	51.52
211.42	72.29
214.7	42.9
217.61	42.9
218.05	55.45
220.26	48.64
220.36	71.2
221.61	71.2
224.03	71.2
224.94	42.64
225.28	42.64
227.15	46.68
227.67	46.68
229.24	46.68
229.79	29.53
230.73	3.71
231.03	3.71
233.63	52.04
233.84	52.04
234.89	6.38
236.91	36.69
238.73	36.69
240.69	47.64
242.34	58.95
244.92	58.95
245.04	58.95
247.05	0.42
247.21	0.42
249.69	47.99
252.17	23.77
