3.0	28.7
4.54	28.7
5.24	28.7
8.33	2.71
9.13	65.89
12.17	24.67
14.56	24.67
14.96	10.19
17.45	10.19
18.89	10.19
21.48	3.18
21.72	34.43
25.12	34.43
25.55	71.56
28.62	42.59
29.4	42.59
29.53	42.59
30.4	28.41
31.34	28.41
34.64	28.41
36.38	40.66
36.87	40.66
37.78	5.71
41.21	46.93
43.59	17.41
44.8	17.41
45.01	50.73
47.32	50.73
48.12	50.73
49.16	19.52
51.87	19.52
54.67	19.52
54.78	18.83
57.84	18.83
58.79	23.46
60.21	23.46
62.2	23.05
64.53	23.05
67.25	33.77
68.3	33.77
68.46	33.77
70.92	65.39
73.79	65.39
74.48	25.6
76.47	25.6
78.15	25.6
80.57	15.96
80.96	15.96
82.33	15.96
83.33	36.15
86.36	36.15
89.28	33.69
92.36	33.69
95.71	33.69
97.47	48.17
99.8	48.17
100.59	48.17
100.88	51.04
104.05	36.94
105.63	36.94
107.89	36.94
108.3	31.86
110.28	8.6
112.13	32.42
113.65	32.42
115.7	11.75
118.92	11.75
121.62	11.75
123.25	56.4
123.45	56.4
124.31	24.78
125.39	24.78
128.29	20.13
129.82	20.13
131.67	20.13
133.51	47.85
134.19	47.85
135.02	47.85
136.05	53.83
136.38	53.83
139.5	12.45
141.22	12.45
141.64	12.45
144.12	64.44
146.26	70.13
148.13	70.13
149.68	49.18
152.95	17.19
153.62	17.19
153.96	17.19
155.8	39.8
158.08	33.86
161.43	33.86
163.42	43.39
163.73	43.39
166.27	43.39
168.81	6.63
169.77	6.63
171.73	6.63
173.53	3.5
176.82	3.5
179.33	69.35
182.42	69.35
184.4	47.16
186.73	47.16
188.67	67.32
190.49	67.32
192.43	67.32
194.12	5.57
195.69	5.57
198.83	2.96
199.91	9.1
201.82	9.1
203.19	12.98
204.32	12.98
206.96	65.48
207.22	65.48
210.43	61.69
213.42	58.21
216.57	58.21
218.97	58.21
219.72	26.19
221.56	42.41
222.95	42.41
224.96	52.79
228.05	52.79
229.91	52.79
233.4	50.04
234.79	50.04
237.4	28.6
239.92	28.6
241.21	28.6
243.92	57.32
246.19	57.32
248.34	57.32
250.21	33.46
