1.93	3.32
2.09	3.32
3.49	24.14
5.26	65.32
7.65	65.32
8.51	59.9
11.09	59.9
11.75	67.25
14.31	46.86
17.71	46.86
18.69	62.25
19.66	62.25
19.96	62.25
22.41	47.92
23.41	10.96
24.0	10.96
24.47	10.96
24.64	60.04
27.85	64.6
28.49	64.6
31.58	35.6
32.15	35.6
34.28	35.6
34.83	41.89
37.03	11.88
38.15	65.1
39.0	64.61
42.23	43.84
43.44	43.84
43.54	47.38
44.8	47.38
46.27	28.0
48.37	28.0
49.18	44.65
52.67	44.65
55.33	61.99
57.84	61.99
60.32	30.66
61.06	36.07
62.66	29.6
66.15	29.6
66.91	0.92
69.86	0.92
73.21	0.92
74.01	24.76
76.83	24.76
80.24	58.91
83.59	58.91
84.47	5.64
86.95	62.58
88.39	62.58
91.19	8.17
92.08	10.87
95.3	10.87
97.8	13.13
98.07	5.13
98.19	41.2
100.96	41.2
101.16	31.61
104.23	31.61
105.19	49.91
107.84	63.16
108.66	23.47
111.28	30.16
111.45	30.16
114.06	43.03
114.74	43.03
116.27	44.33
118.95	44.33
121.04	22.54
124.15	22.54
124.53	22.54
124.72	19.11
126.88	19.11
129.61	3.89
130.65	15.8
133.34	15.8
135.1	15.8
137.42	72.7
138.48	54.9
139.71	54.9
142.27	50.69
144.44	50.69
147.57	50.69
148.35	39.78
148.56	33.66
151.68	33.66
153.76	33.66
155.62	3.92
156.15	71.71
159.14	71.71
162.06	71.71
163.69	10.34
164.49	10.34
165.26	12.75
167.11	11.17
168.58	62.45
171.97	62.45
174.64	54.74
175.28	5.0
177.3	5.0
179.66	66.59
180.92	66.59
181.75	66.59
184.73	23.56
185.89	65.36
189.01	65.36
191.49	18.69
193.95	25.19
194.13	25.19
194.58	3.42
195.89	49.96
199.29	49.96
200.19	3.45
200.55	36.54
201.95	36.54
202.81	6.49
203.71	11.08
205.87	11.08
208.38	11.08
209.45	61.69
212.15	37.19
213.78	37.19
214.95	73.88
218.18	60.58
219.25	60.58
222.01	1.62
222.99	50.68
225.72	50.68
226.78	50.68
228.0	5.57
230.64	5.57
233.22	45.32
234.21	45.32
236.13	44.36
237.71	7.83
238.79	7.83
240.82	7.83
242.94	58.41
243.23	29.36
243.72	47.26
245.01	47.26
248.46	24.81
249.22	24.81
252.41	24.81
