2.26	12.62
5.39	12.62
5.6	38.08
6.31	38.08
6.69	51.37
9.36	51.37
11.13	51.37
11.97	58.19
14.08	58.19
15.22	19.78
16.11	19.78
17.65	19.78
18.38	30.26
19.65	30.26
23.07	62.82
26.38	62.82
28.59	62.82
30.56	10.57
33.67	10.57
34.29	55.14
36.76	40.99
39.9	40.99
41.39	40.99
43.61	40.26
43.93	40.26
45.29	63.25
46.68	63.25
47.33	63.25
48.73	30.43
50.46	30.43
52.65	30.43
54.52	58.29
57.03	58.29
59.71	58.29
61.5	32.3
63.61	32.3
63.76	32.3
66.78	44.57
67.02	44.57
67.33	44.57
69.84	53.11
72.25	12.68
75.27	12.68
75.61	12.68
78.25	35.62
80.35	35.62
82.78	35.62
85.68	10.1
88.73	10.1
92.19	10.1
94.66	44.43
95.7	41.61
98.94	1.27
99.75	2.37
101.76	59.11
103.97	59.11
106.72	59.11
108.67	58.94
112.12	58.94
115.0	58.94
116.39	44.22
118.76	44.22
121.45	44.22
122.59	73.34
123.69	73.34
124.58	35.6
127.46	35.6
129.07	35.6
130.98	70.42
134.0	66.39
137.15	66.39
140.1	4.78
143.45	4.78
145.06	4.78
145.35	62.51
146.0	62.51
147.97	62.51
150.52	1.28
153.42	35.24
153.65	35.24
156.78	28.18
158.11	28.18
161.18	33.0
163.12	58.23
164.12	58.23
164.59	58.23
165.75	50.65
166.94	50.65
169.84	35.83
171.94	35.83
174.33	38.83
177.74	38.83
179.94	38.83
183.1	72.35
184.88	72.35
186.56	57.21
188.55	57.21
192.04	57.21
192.58	37.37
195.67	37.37
199.17	37.37
199.64	25.76
201.58	53.5
205.07	50.1
208.53	50.1
208.87	50.1
209.8	13.16
210.71	13.16
214.2	13.16
216.07	64.47
217.38	64.47
220.56	64.47
221.82	4.65
223.47	4.65
226.4	59.06
227.49	59.06
228.77	21.7
229.28	21.7
230.03	10.92
230.29	45.74
231.07	54.83
232.84	54.83
236.13	17.95
237.96	17.95
238.46	60.89
240.27	60.89
243.5	48.19
245.76	27.08
247.5	27.08
248.88	5.91
251.91	5.91
