3.03	3.46
5.68	3.46
7.54	29.21
10.34	29.21
13.82	29.21
16.23	22.4
17.54	22.4
20.64	22.4
22.02	3.0
23.12	3.0
23.85	3.0
24.79	10.62
25.75	10.62
26.71	10.62
30.13	62.38
32.53	62.38
34.71	62.38
35.85	41.56
37.51	41.56
38.56	34.03
41.86	69.87
44.34	55.66
44.49	55.66
44.85	20.47
46.5	20.47
48.77	64.34
49.89	64.34
50.8	64.34
53.21	64.32
55.0	64.32
58.16	64.32
61.32	36.28
64.47	36.28
67.64	36.28
68.15	23.63
68.74	23.63
71.32	23.63
72.14	59.15
72.33	10.31
73.87	10.76
75.99	10.76
78.14	10.76
78.43	13.93
81.44	13.93
84.68	57.19
86.57	57.19
87.68	40.76
88.67	44.61
91.5	44.61
91.95	44.61
94.23	64.75
94.82	64.75
97.09	36.39
97.72	9.72
99.62	49.02
100.58	45.3
103.73	45.3
105.34	45.3
105.85	41.33
108.37	4.55
109.99	4.55
111.22	4.55
111.63	19.22
114.94	19.22
115.96	58.67
116.49	58.67
118.21	13.74
119.55	66.68
121.82	66.68
122.07	67.6
122.51	67.6
124.45	47.57
126.86	47.57
129.98	47.57
133.18	47.98
133.54	47.98
135.61	47.98
136.54	51.49
139.69	16.74
143.13	16.74
146.03	16.74
147.38	0.61
150.17	0.61
151.18	45.45
152.25	45.45
155.4	5.81
158.69	5.81
161.18	35.15
163.59	35.15
164.81	35.15
165.11	31.92
165.31	31.92
165.8	46.02
166.61	17.01
167.12	17.01
168.52	55.73
171.09	55.69
171.33	55.69
173.53	55.69
176.16	19.05
179.46	56.26
181.69	56.26
182.49	56.26
183.92	63.99
185.69	56.68
186.84	56.68
188.89	56.68
190.64	6.02
191.62	6.02
194.71	6.02
197.22	29.67
199.32	68.03
201.45	68.03
204.92	52.92
205.47	24.04
206.42	24.04
207.37	27.82
208.92	27.82
210.0	15.88
212.38	15.88
215.63	60.97
218.45	60.97
221.31	12.97
224.47	12.97
227.55	12.97
228.76	12.05
229.12	12.05
231.76	12.05
235.24	17.71
235.61	17.71
237.44	73.54
237.71	73.54
239.46	73.54
242.79	66.15
244.07	66.15
244.31	66.15
245.02	67.73
246.61	67.73
247.43	67.73
250.54	13.06
