2.82	62.75
4.22	39.35
7.71	39.35
11.0	24.58
13.55	24.58
14.55	24.58
15.11	32.01
17.81	43.76
21.01	43.76
22.39	30.06
25.31	30.06
26.6	30.8
27.85	30.8
29.88	1.76
32.11	23.4
33.81	23.4
34.12	23.4
35.76	3.55
37.7	39.02
37.95	39.02
39.41	39.02
40.83	1.09
44.3	1.09
47.61	1.09
49.12	55.87
51.99	49.54
52.37	49.54
52.56	32.5
52.91	32.5
56.04	32.5
56.99	46.28
60.24	46.28
62.57	46.28
64.28	2.16
65.57	2.16
67.73	23.93
68.05	23.93
70.79	23.93
73.18	43.16
74.43	43.16
77.58	43.16
80.78	56.23
82.65	56.23
84.94	16.98
85.67	61.16
87.82	61.16
88.43	61.16
88.6	46.06
91.19	46.06
93.12	65.14
94.63	37.42
95.74	37.42
97.29	37.42
100.2	26.91
102.21	69.48
102.86	69.48
104.37	23.1
106.66	23.1
108.55	55.03
112.0	55.03
112.92	58.83
115.48	58.83
117.06	58.83
119.87	70.83
121.6	70.83
124.84	70.83
127.41	25.11
127.65	25.11
129.94	25.5
130.47	25.5
133.01	25.5
133.24	2.63
134.8	2.63
137.37	44.78
140.37	27.09
141.39	27.09
142.73	52.72
145.9	73.04
148.19	73.04
149.98	44.44
151.75	44.44
154.19	3.96
154.36	21.61
155.66	21.61
158.73	20.44
160.36	24.19
161.47	19.92
164.76	9.41
165.11	9.41
166.97	9.41
170.09	24.24
173.3	24.24
174.56	1.38
177.88	28.27
178.28	18.97
179.46	18.97
180.64	18.97
183.45	29.83
186.65	45.07
187.57	45.07
188.46	45.07
189.06	9.84
192.2	51.59
194.69	51.59
196.67	51.59
198.34	39.53
200.87	42.43
203.95	42.43
205.91	42.43
206.16	29.84
207.21	29.84
208.03	11.15
210.32	11.15
212.59	11.15
214.58	46.99
215.56	46.99
216.33	7.97
218.22	20.59
220.35	20.59
223.05	29.08
226.42	29.08
228.3	69.55
229.37	50.75
230.1	50.75
232.32	50.75
234.29	7.87
234.46	7.87
235.45	7.87
237.04	65.76
240.03	65.76
243.16	65.76
243.78	52.94
246.79	32.62
247.66	53.93
248.55	53.93
251.95	53.93
