2.8	17.57
3.32	17.57
5.25	54.6
6.47	43.81
9.96	43.81
11.51	60.52
14.23	60.52
15.19	67.08
15.5	65.78
15.72	65.78
16.31	8.91
16.49	39.47
17.28	20.67
20.18	20.67
22.7	20.67
26.03	25.08
29.32	25.08
29.52	18.54
30.41	70.09
31.94	31.25
32.63	31.25
33.54	31.25
33.8	49.8
35.74	49.8
39.14	49.8
39.5	28.89
42.56	29.04
44.45	64.25
47.85	64.25
50.95	64.25
52.05	39.46
55.01	39.46
56.33	57.24
58.3	57.24
60.79	34.87
62.54	34.87
65.94	34.87
68.67	33.79
71.94	33.79
73.75	33.79
75.82	5.6
77.83	5.6
79.02	5.6
82.22	42.47
83.22	40.17
86.25	66.07
87.09	66.07
88.58	66.07
89.38	68.3
91.51	68.3
94.42	68.3
95.46	2.52
96.36	2.52
99.14	2.52
102.19	23.57
102.84	49.39
103.12	49.39
104.13	13.1
105.82	13.1
107.05	13.1
108.27	13.06
109.83	13.06
111.34	13.06
111.72	58.43
114.35	58.43
115.48	62.57
117.56	62.22
118.54	59.82
119.6	4.47
120.33	5.14
122.56	5.14
125.77	9.28
127.72	33.31
128.01	33.31
129.07	1.04
131.7	32.25
133.87	32.25
134.69	71.18
134.84	52.16
136.15	50.91
138.52	50.91
140.81	64.42
141.89	64.42
143.52	69.17
143.65	46.7
146.54	46.7
148.06	46.7
150.64	8.75
153.82	73.25
156.46	7.09
158.23	7.09
160.71	7.09
163.46	52.64
164.51	35.7
165.48	35.7
167.46	35.7
167.6	70.53
167.87	6.04
170.53	6.04
172.95	6.04
174.89	72.18
175.97	72.18
178.89	72.18
179.51	16.72
179.91	16.72
181.47	12.23
182.8	12.23
183.66	35.4
185.33	35.4
187.91	35.4
190.05	73.15
190.59	73.15
191.14	73.15
192.46	60.26
194.86	60.26
195.33	8.83
197.63	29.23
198.9	29.23
201.25	29.23
202.15	11.04
205.28	11.04
205.63	11.04
205.83	40.62
206.24	40.62
207.71	40.62
209.15	10.41
212.48	10.41
213.9	10.41
215.97	29.12
219.22	29.12
221.51	29.12
221.99	10.7
224.55	10.7
225.16	10.7
227.71	3.51
230.24	63.97
230.84	63.97
231.95	63.97
234.37	6.89
235.4	6.89
236.24	6.89
236.83	66.45
240.31	19.88
241.47	19.88
243.88	5.15
244.75	5.15
245.51	5.15
247.75	22.29
248.1	60.99
248.9	60.99
251.86	48.72
