0.61	40.45
1.77	40.45
2.32	64.28
3.69	56.54
5.09	53.32
5.23	62.34
7.54	62.34
7.91	45.19
8.72	45.19
11.66	37.7
13.28	47.45
14.59	39.16
17.76	39.16
18.45	39.16
19.33	16.71
19.53	16.71
21.66	70.84
24.04	70.84
25.32	70.84
28.2	51.75
28.79	51.75
31.96	51.75
34.9	10.71
36.75	26.43
40.22	29.45
43.64	29.45
45.78	29.45
48.41	58.39
50.28	58.39
53.4	58.39
53.79	41.99
56.66	41.99
58.54	41.99
60.94	66.13
61.2	66.13
62.77	27.34
63.42	27.34
65.83	27.34
68.64	46.18
68.8	73.98
70.0	10.88
71.65	21.86
72.56	21.86
74.27	21.86
74.49	33.82
77.57	33.82
80.39	33.82
83.23	3.09
84.66	3.09
85.03	3.09
85.74	23.49
88.91	23.49
90.6	9.18
90.8	9.18
92.9	14.14
93.67	14.14
96.22	25.42
97.0	25.42
98.05	39.1
98.48	16.36
99.24	43.15
99.76	43.15
102.73	8.23
105.61	8.23
107.11	8.23
107.95	21.8
110.21	21.8
112.24	21.8
113.74	19.2
116.86	19.2
117.67	70.73
119.06	70.73
120.77	55.4
121.71	55.4
124.87	3.55
127.41	3.55
130.69	3.38
131.62	70.51
132.82	54.14
133.5	65.24
134.78	65.24
135.38	65.24
137.82	41.45
138.55	41.45
139.37	13.94
142.47	55.12
143.33	55.12
146.81	55.27
148.13	55.27
149.53	55.27
151.52	48.66
154.48	72.69
155.28	49.2
156.56	25.51
159.27	68.15
160.31	62.04
161.16	29.64
161.84	29.64
162.44	8.23
164.64	67.91
166.71	67.91
167.29	67.91
170.41	73.93
173.17	73.93
176.32	73.93
177.82	58.38
178.32	58.38
180.33	58.38
180.72	29.35
184.15	29.35
186.76	46.59
189.15	46.59
190.61	46.59
193.86	67.92
196.46	67.92
197.18	67.92
200.58	50.95
202.66	50.95
205.32	50.95
207.02	60.08
209.5	60.08
211.82	60.08
213.58	22.61
216.29	22.61
218.9	22.61
219.39	61.28
221.92	61.28
223.92	61.28
224.84	51.85
226.19	51.85
227.9	44.8
231.08	44.8
234.39	24.74
235.01	24.74
236.0	43.85
239.21	13.17
242.45	13.17
243.16	13.17
245.2	65.2
248.04	18.22
250.67	18.22
