3.25	18.06
4.08	18.06
7.0	18.06
7.58	12.07
10.43	12.07
13.67	12.07
14.06	22.29
14.58	22.29
15.67	22.29
17.68	68.92
20.98	29.53
23.01	29.53
26.5	29.53
27.87	28.33
28.48	28.33
28.97	28.33
32.1	39.08
33.26	39.08
36.57	28.28
38.98	28.28
41.01	57.95
42.89	31.36
46.2	26.41
48.12	26.41
50.14	26.41
51.68	47.79
51.86	47.79
53.14	47.79
55.57	14.41
56.38	14.41
59.15	29.45
62.46	29.45
62.62	42.73
63.13	47.49
64.75	47.49
67.71	47.83
71.11	47.83
72.64	47.83
75.34	28.84
76.31	28.84
77.99	50.32
78.95	50.32
80.12	50.32
81.03	72.99
82.81	72.99
84.54	72.99
86.41	7.76
88.66	7.76
89.26	41.24
90.04	41.24
90.53	66.47
92.15	55.53
93.03	55.53
95.77	62.33
96.6	62.33
100.06	62.33
100.69	28.44
102.32	28.44
105.62	36.45
106.63	14.39
108.28	37.33
108.61	17.31
110.32	59.65
113.57	59.65
114.05	40.88
116.16	31.75
117.34	28.96
119.48	28.96
120.97	28.96
124.11	65.85
124.47	65.85
126.15	65.85
127.84	36.85
128.46	36.85
131.87	36.85
132.99	9.24
135.58	9.24
138.95	18.55
139.55	18.55
142.33	33.04
143.7	33.04
146.5	33.04
149.71	38.46
152.12	38.46
153.32	8.9
154.53	8.9
157.57	44.28
159.67	44.28
161.71	44.28
161.99	8.85
162.37	8.85
164.0	34.05
165.77	34.05
168.72	34.05
171.88	9.34
175.07	9.34
177.87	44.52
180.94	62.41
183.87	62.41
184.99	62.41
185.76	41.57
187.43	41.57
188.41	41.57
189.86	22.93
190.06	22.93
193.17	22.93
193.85	7.88
196.02	32.19
197.45	32.19
197.64	68.63
198.62	68.63
200.13	68.63
200.83	65.71
204.02	24.71
205.08	24.71
208.09	51.61
209.17	51.61
211.1	51.61
211.46	72.57
212.64	72.57
214.8	72.57
217.29	2.02
219.48	2.02
219.65	40.18
221.91	40.18
222.21	40.18
225.62	28.01
228.78	28.01
230.45	14.51
233.4	14.51
233.94	14.51
237.1	72.32
239.15	37.22
239.25	36.62
241.42	28.23
243.7	28.23
245.58	28.23
248.12	15.47
251.08	15.47
