3.45	28.71
4.7	28.71
5.6	25.33
6.22	25.33
8.4	40.68
8.67	1.93
11.55	1.93
13.87	1.93
16.1	48.15
19.24	48.15
19.47	19.05
20.16	19.05
21.41	0.28
23.68	0.28
24.72	0.28
25.81	30.2
28.4	30.2
28.98	22.96
29.95	22.96
31.16	22.96
34.2	4.67
35.61	4.67
36.46	4.67
37.89	1.12
39.83	58.54
43.08	58.54
43.5	8.56
43.96	8.56
47.31	56.86
48.92	56.86
49.32	33.4
51.79	33.4
55.1	21.63
55.82	10.16
58.89	10.16
59.7	55.84
60.02	55.84
61.68	65.26
62.41	65.26
63.16	65.26
66.24	16.59
68.92	16.59
69.08	16.59
71.79	27.26
72.77	27.26
75.3	47.83
76.65	47.83
78.34	47.83
80.65	65.73
81.35	65.73
83.52	9.5
85.89	9.5
86.07	9.5
89.42	1.57
91.44	54.19
92.78	7.65
95.42	7.65
96.8	18.81
97.68	18.81
98.68	10.07
101.37	10.07
101.7	57.64
104.09	57.64
104.59	62.61
104.82	9.53
106.06	9.53
109.52	9.53
111.48	67.63
112.68	67.63
114.6	63.94
115.18	63.94
115.74	8.17
116.81	11.9
119.99	11.9
121.46	11.9
124.37	43.04
127.58	65.89
130.44	65.89
132.81	50.26
133.78	44.43
136.34	32.52
137.07	32.52
140.48	32.52
140.84	33.15
141.09	71.95
142.27	71.95
143.0	66.75
143.77	66.75
145.62	66.75
147.87	56.38
148.08	56.38
151.21	49.18
152.32	49.18
155.54	54.24
158.19	54.24
160.28	54.24
162.99	72.26
165.24	72.26
165.73	72.26
166.12	51.03
166.29	51.03
168.69	51.03
169.09	29.99
169.63	29.99
170.35	29.99
171.32	35.31
174.36	12.19
175.19	12.19
178.61	68.99
180.47	68.99
181.88	68.99
182.85	25.39
184.7	25.39
187.48	25.39
190.51	37.25
192.19	40.9
194.16	40.9
195.16	40.9
197.77	21.19
198.14	21.19
200.95	21.19
204.08	56.86
207.33	56.86
208.5	56.86
209.12	13.74
212.48	13.74
213.78	13.74
216.81	67.17
219.84	67.17
222.4	52.57
224.39	69.18
225.3	69.18
227.74	25.95
227.9	25.95
229.6	25.95
230.39	20.49
233.15	20.49
236.32	20.49
239.39	27.9
239.51	27.9
240.9	56.65
241.5	6.63
242.55	46.23
244.38	52.31
246.23	54.76
248.04	54.76
251.46	54.76
