2.29	36.56
2.88	36.56
3.43	49.4
4.87	49.4
7.87	49.4
11.32	19.92
12.39	19.92
14.48	0.39
17.81	0.39
20.69	17.89
22.89	17.89
24.51	42.88
24.8	42.88
25.35	42.88
27.64	33.43
28.68	14.31
31.8	54.34
32.76	54.34
33.24	54.34
33.49	34.54
33.82	34.54
36.71	20.99
39.32	20.99
42.65	20.99
43.26	38.91
43.72	62.43
45.1	13.23
47.22	13.23
47.92	13.23
51.26	62.56
53.82	3.72
55.65	3.72
55.82	3.72
58.12	41.24
59.24	72.84
59.56	72.84
62.01	11.55
63.51	11.55
66.94	11.55
67.38	22.53
70.29	57.76
73.12	57.76
75.05	57.76
77.7	69.78
77.81	69.78
78.1	69.78
81.24	31.2
81.42	31.2
84.14	51.61
86.52	22.5
88.18	22.5
90.08	23.78
92.03	1.4
92.6	1.4
95.62	71.05
98.18	71.05
100.82	55.1
103.26	22.1
105.17	68.48
105.79	68.48
106.97	66.7
107.51	66.7
108.0	34.37
111.11	71.59
113.3	44.38
115.9	22.48
118.51	22.48
120.96	22.48
121.48	14.21
123.65	14.21
125.5	14.21
127.41	71.26
129.14	24.89
129.36	24.89
130.48	45.9
133.78	45.9
135.66	45.9
137.13	73.04
139.1	32.24
141.97	32.24
142.94	32.24
145.28	56.96
146.79	56.96
147.71	56.96
149.82	39.79
151.36	39.79
153.4	16.67
153.71	16.67
154.13	16.67
156.23	8.37
158.24	32.0
158.55	26.16
159.92	48.47
161.17	48.47
164.6	66.83
165.43	66.83
167.55	66.83
170.55	14.34
173.06	72.58
173.57	72.58
176.83	72.58
179.05	31.36
182.27	31.36
183.47	31.36
185.62	15.98
185.74	33.0
187.51	47.47
188.03	47.47
190.95	14.15
191.93	4.32
193.08	4.32
193.75	4.32
194.26	13.43
196.25	13.43
199.69	22.97
200.52	22.97
201.4	8.72
202.23	8.72
204.12	8.72
204.31	49.67
207.5	49.67
210.91	49.67
211.27	72.89
213.85	72.89
216.14	72.89
217.48	34.36
219.94	34.36
221.4	25.54
224.82	25.54
227.83	66.65
229.62	60.26
232.71	35.05
233.84	44.26
235.09	57.75
236.71	57.75
239.36	63.16
242.18	53.48
245.33	53.48
246.75	53.48
248.07	62.38
248.69	38.62
251.89	50.98
