1.6	1.86
1.73	17.94
3.27	14.59
4.06	14.59
7.05	14.59
10.32	31.74
13.46	31.74
15.2	31.74
18.33	7.79
20.05	5.66
20.56	8.61
20.81	8.61
22.76	8.61
24.84	10.19
27.11	21.66
28.78	14.16
29.73	17.74
31.26	26.29
33.98	30.92
35.66	30.92
37.02	7.36
37.27	7.36
40.57	5.41
43.33	5.41
46.4	11.42
48.55	11.42
51.97	11.42
53.69	17.68
56.68	15.4
59.07	30.08
59.87	27.8
61.85	5.59
63.35	5.59
64.38	15.78
66.05	15.78
67.52	15.78
70.27	7.21
71.15	14.82
74.31	14.82
75.19	14.82
77.91	2.74
80.91	9.92
81.27	9.92
84.32	9.92
87.47	2.54
90.93	19.63
93.43	3.73
94.51	3.73
97.9	3.73
100.18	6.95
100.63	23.51
101.23	4.83
102.62	20.97
104.89	20.97
105.08	20.97
107.05	9.99
108.43	9.99
111.24	9.99
112.23	30.39
113.6	30.39
116.99	22.66
117.43	22.66
119.87	22.66
122.59	29.49
125.2	29.49
128.18	20.22
128.9	20.22
130.08	28.62
133.03	28.62
134.45	0.65
135.04	0.65
137.07	0.65
137.42	11.87
140.4	11.87
140.97	7.2
142.09	7.2
142.75	2.75
146.25	2.75
148.38	25.79
151.52	16.54
153.5	18.29
154.35	18.29
154.68	18.29
157.99	18.29
160.05	18.29
161.52	0.75
162.04	0.75
163.43	4.08
164.65	4.08
167.46	10.06
168.64	30.41
170.29	30.41
171.74	30.41
175.02	30.06
176.84	30.06
179.39	30.06
181.49	6.58
183.77	19.61
184.08	19.61
184.77	19.61
185.12	10.43
185.33	10.43
186.32	10.43
189.07	19.83
191.42	19.83
194.82	19.83
195.78	4.1
197.52	1.21
199.94	1.21
202.17	5.97
204.92	5.97
207.0	12.43
208.44	19.87
210.57	19.87
212.84	19.87
214.86	3.14
216.6	3.14
218.04	14.94
220.73	9.79
221.17	19.55
223.46	19.55
225.96	10.25
229.4	10.25
230.77	10.25
231.15	19.32
233.94	28.32
236.01	28.32
239.03	5.29
240.86	5.29
242.41	5.29
245.8	28.53
249.08	28.53
252.06	28.53
