1.68	17.34
2.28	17.34
2.7	5.79
2.91	5.79
3.1	7.12
3.4	7.12
6.84	1.81
9.29	1.81
12.61	23.15
14.03	23.15
17.17	9.85
17.29	9.85
20.05	16.01
21.05	16.01
23.58	5.04
24.58	3.95
27.55	3.95
29.24	21.17
30.01	3.34
32.15	3.34
34.17	1.28
35.33	1.28
38.68	1.28
41.09	8.62
42.67	8.62
44.46	8.62
45.26	14.79
45.44	14.79
46.41	14.79
47.13	16.89
50.32	16.89
53.63	16.89
56.7	17.18
58.3	17.18
60.62	17.18
63.97	29.52
65.92	29.52
68.24	29.52
71.63	13.17
73.09	13.79
74.31	13.79
76.1	13.79
79.56	16.83
80.52	17.31
81.18	17.31
81.84	17.31
83.37	29.45
85.71	29.45
86.07	26.4
88.06	6.99
88.19	8.27
90.06	8.27
91.65	8.27
92.16	21.73
94.15	10.71
96.44	10.71
96.63	10.71
98.08	8.83
100.51	8.83
100.61	4.09
103.36	4.09
104.5	4.09
107.24	23.79
107.54	23.79
107.9	23.79
108.76	13.02
112.21	13.02
112.47	13.02
115.73	6.66
117.27	6.16
119.39	6.16
122.42	1.24
125.08	1.24
125.34	17.93
126.65	17.93
128.29	15.97
131.29	23.74
133.58	11.17
136.94	19.87
140.08	19.87
143.54	20.98
144.43	20.98
145.61	20.98
146.3	25.51
148.04	25.51
150.6	25.51
152.64	7.68
155.38	2.24
157.78	2.24
161.17	12.89
163.22	21.04
166.66	20.55
170.01	20.55
170.55	31.0
171.36	16.67
171.78	16.67
175.01	16.67
176.9	31.5
177.17	31.5
180.59	4.12
181.53	4.12
184.45	19.32
187.73	19.32
189.97	30.4
191.29	22.5
194.17	29.8
195.28	29.8
198.4	29.8
200.52	18.66
201.16	24.76
202.04	24.76
203.39	24.76
204.75	25.51
206.74	25.51
207.57	25.51
209.36	19.43
210.22	19.43
211.09	11.07
213.95	11.07
216.09	11.07
218.65	18.7
222.06	18.16
224.51	6.8
227.41	6.8
228.43	6.8
231.09	14.33
231.89	14.33
232.21	14.33
233.01	11.11
233.69	11.11
236.73	11.11
238.44	23.77
240.84	22.41
241.07	22.41
241.84	22.82
242.77	22.82
245.43	22.82
246.78	28.79
248.83	28.79
252.07	28.79
