2.22	3.75
4.61	3.75
5.71	31.85
7.15	31.85
9.88	18.3
12.84	29.69
14.43	15.73
16.46	15.73
16.73	15.73
17.11	15.0
17.79	15.0
19.4	6.22
20.33	1.6
23.04	1.6
25.67	22.24
27.64	22.24
30.41	8.82
33.84	11.51
35.36	11.51
37.05	28.21
39.2	28.21
40.7	28.21
42.18	20.09
44.79	20.09
46.83	20.09
47.11	22.7
49.28	22.7
51.01	5.15
51.64	20.37
53.67	20.37
55.77	25.28
58.9	27.88
61.05	27.88
62.41	0.31
63.72	0.31
64.04	0.31
67.15	19.67
70.19	19.67
72.23	16.14
74.35	22.86
77.8	13.23
80.28	13.23
82.06	30.43
82.54	29.52
86.02	5.78
88.96	5.78
92.29	29.33
94.41	9.97
97.86	9.97
98.13	14.62
98.49	16.22
101.36	22.64
102.28	22.64
105.47	22.64
106.72	28.7
106.87	28.7
107.86	28.7
109.68	29.91
112.04	29.91
112.47	29.91
113.37	1.67
116.05	1.67
117.35	1.67
119.24	21.14
120.32	21.14
123.67	13.1
124.56	13.1
125.81	13.1
127.21	14.95
128.34	14.95
128.93	31.22
131.32	19.01
134.46	8.68
137.95	8.68
140.27	8.68
143.08	16.64
143.95	16.64
145.81	16.64
149.12	19.02
150.1	5.1
151.43	16.07
153.94	16.07
156.21	7.56
156.41	7.56
158.11	7.56
158.26	18.21
160.66	18.21
163.06	18.21
166.46	27.15
168.68	27.15
170.11	27.15
173.01	3.92
176.1	3.92
179.42	3.92
181.63	2.05
184.08	2.05
184.47	26.78
187.78	26.78
189.29	26.78
191.45	23.97
193.67	23.97
195.86	25.03
196.74	25.03
199.51	11.27
200.47	6.25
202.61	31.72
203.49	31.72
205.91	31.72
206.09	27.53
208.51	16.63
211.63	16.63
213.4	16.63
216.83	13.87
219.14	3.44
222.11	3.44
222.49	3.44
225.24	12.41
226.51	24.98
226.86	31.7
230.26	31.7
232.88	31.7
233.93	24.52
237.1	20.37
237.28	20.37
239.49	20.37
241.21	23.69
244.61	23.69
245.21	23.69
248.19	13.93
250.21	13.93
