3.25	7.9
4.08	7.9
7.0	7.9
7.58	5.32
10.43	5.32
13.67	5.32
14.06	9.72
14.58	9.72
15.67	9.72
17.68	29.81
20.98	12.84
23.01	12.84
26.5	12.84
27.87	12.32
28.48	12.32
28.97	12.32
32.1	16.95
33.26	16.95
36.57	12.3
38.98	12.3
41.01	25.09
42.89	13.63
46.2	11.5
48.12	11.5
50.14	11.5
51.68	20.71
51.86	20.71
53.14	20.71
55.57	6.32
56.38	6.32
59.15	12.8
62.46	12.8
62.62	18.53
63.13	20.58
64.75	20.58
67.71	20.72
71.11	20.72
72.64	20.72
75.34	12.54
76.31	12.54
77.99	21.8
78.95	21.8
80.12	21.8
81.03	31.56
82.81	31.56
84.54	31.56
86.41	3.46
88.66	3.46
89.26	17.88
90.04	17.88
90.53	28.75
92.15	24.04
93.03	24.04
95.77	26.97
96.6	26.97
100.06	26.97
100.69	12.37
102.32	12.37
105.62	15.82
106.63	6.32
108.28	16.2
108.61	7.57
110.32	25.81
113.57	25.81
114.05	17.73
116.16	13.79
117.34	12.59
119.48	12.59
120.97	12.59
124.11	28.49
124.47	28.49
126.15	28.49
127.84	15.99
128.46	15.99
131.87	15.99
132.99	4.09
135.58	4.09
138.95	8.11
139.55	8.11
142.33	14.35
143.7	14.35
146.5	14.35
149.71	16.69
152.12	16.69
153.32	3.95
154.53	3.95
157.57	19.19
159.67	19.19
161.71	19.19
161.99	3.93
162.37	3.93
164.0	14.79
165.77	14.79
168.72	14.79
171.88	4.14
175.07	4.14
177.87	19.3
180.94	27.01
183.87	27.01
184.99	27.01
185.76	18.02
187.43	18.02
188.41	18.02
189.86	10.0
190.06	10.0
193.17	10.0
193.85	3.51
196.02	13.98
197.45	13.98
197.64	29.69
198.62	29.69
200.13	29.69
200.83	28.43
204.02	10.76
205.08	10.76
208.09	22.35
209.17	22.35
211.1	22.35
211.46	31.38
212.64	31.38
214.8	31.38
217.29	0.98
219.48	0.98
219.65	17.43
221.91	17.43
222.21	17.43
225.62	12.18
228.78	12.18
230.45	6.37
233.4	6.37
233.94	6.37
237.1	31.28
239.15	16.15
239.25	15.89
241.42	12.28
243.7	12.28
245.58	12.28
248.12	6.78
251.08	6.78
