0.31	21.49
1.77	22.11
3.49	28.34
6.82	28.34
8.37	19.5
10.89	19.5
11.5	19.1
14.06	19.1
16.56	19.1
19.09	5.53
20.39	5.53
21.8	14.56
23.58	13.58
24.4	19.06
27.88	19.06
28.12	19.06
28.53	19.9
32.02	19.9
34.82	19.9
35.82	22.5
37.4	22.5
39.89	22.5
43.39	2.94
45.24	2.94
46.69	2.94
48.63	26.94
51.61	11.04
51.87	0.29
53.26	0.29
56.32	10.3
57.48	10.3
57.91	10.3
58.17	30.44
60.9	30.44
61.74	16.26
64.41	16.86
65.28	16.86
67.3	15.32
67.6	15.32
69.34	15.32
72.84	25.3
75.55	31.0
78.31	31.18
81.28	20.92
84.45	20.92
86.5	29.13
89.17	29.13
90.25	2.87
90.85	2.87
93.25	10.01
95.23	12.68
98.38	6.66
99.24	6.66
100.21	6.66
102.15	24.52
105.27	24.52
105.98	27.47
108.49	27.47
108.77	27.47
109.32	19.28
112.6	19.28
113.06	19.28
114.61	31.65
116.37	31.65
119.73	6.69
120.84	6.69
122.82	30.94
123.43	30.94
124.67	30.94
126.86	16.17
129.96	16.17
133.24	10.5
136.2	10.5
138.91	26.38
141.44	26.38
143.09	23.51
145.79	9.64
146.47	19.5
148.14	25.14
151.01	25.14
152.49	1.55
153.82	5.58
155.1	5.58
158.22	5.58
159.41	9.13
161.79	5.29
162.41	4.91
163.06	1.1
166.32	1.93
169.53	18.83
169.98	18.83
170.51	11.69
171.58	27.07
172.77	27.07
173.68	23.9
176.72	23.9
178.7	19.31
181.53	19.31
182.04	31.73
184.19	31.73
187.05	10.77
188.24	10.77
189.38	10.77
190.4	20.97
190.78	11.78
191.82	11.78
194.93	11.78
196.59	16.59
199.85	13.24
200.88	13.24
204.28	7.4
206.83	0.52
207.96	3.35
208.76	3.35
210.06	8.13
211.99	8.13
213.13	2.47
214.0	27.39
216.27	27.39
219.34	27.39
222.8	1.18
223.13	1.18
224.75	1.18
225.97	10.56
227.61	10.56
229.8	18.3
233.04	18.3
234.18	6.73
235.18	6.73
238.22	6.73
238.79	6.19
240.51	6.19
241.08	20.46
242.07	18.87
244.79	18.87
246.45	18.87
247.02	18.92
247.87	19.34
250.89	18.09
