2.5	17.51
5.74	17.51
8.86	17.51
11.77	3.97
12.58	3.97
15.0	3.97
15.21	19.9
16.09	18.18
17.21	12.74
17.54	5.01
17.81	5.01
20.86	3.56
22.46	2.17
22.66	2.17
24.7	12.14
26.16	12.14
27.84	12.16
28.08	14.56
28.21	14.56
29.94	18.66
31.5	18.66
32.13	18.66
33.98	13.07
35.8	26.81
38.57	8.17
40.59	21.45
43.88	21.45
45.06	22.58
47.7	22.58
51.02	3.03
51.89	3.03
52.84	2.18
53.79	2.18
54.43	2.18
55.92	0.29
56.69	21.13
59.3	21.13
60.67	8.35
61.57	25.79
64.82	25.79
67.54	25.79
69.45	1.36
72.0	5.66
72.2	5.34
73.13	5.34
73.94	14.35
74.99	14.35
77.76	22.01
79.71	22.01
82.33	22.01
83.76	12.91
86.01	12.91
89.46	3.64
91.03	3.64
91.24	3.64
94.29	30.55
94.82	30.55
96.19	7.88
96.84	7.88
99.6	22.43
101.04	22.43
102.54	3.09
105.33	3.09
106.05	3.09
108.04	3.93
108.44	1.7
109.17	1.7
110.55	1.7
111.62	28.76
112.88	4.76
113.13	4.76
116.14	4.76
118.2	24.7
119.19	24.7
122.24	24.7
123.55	10.78
123.7	10.78
124.11	3.25
126.92	5.12
127.67	5.12
129.43	18.56
131.33	18.56
132.7	21.23
133.16	21.23
134.38	5.06
136.44	5.06
137.71	1.42
139.53	1.42
141.75	1.42
144.84	0.87
146.54	0.87
146.88	0.87
149.98	21.9
151.59	21.9
152.72	21.9
155.46	25.7
156.34	24.21
158.96	24.21
159.62	24.32
160.36	24.32
161.96	8.26
162.7	7.77
165.09	7.77
168.47	17.83
170.91	17.83
171.56	29.35
174.31	31.67
177.06	23.47
179.7	20.9
181.24	27.01
181.53	27.01
184.15	31.15
184.87	31.15
185.95	31.15
189.02	22.11
191.39	22.11
191.88	22.11
194.28	13.71
194.84	20.77
195.4	9.03
195.66	9.03
198.25	9.03
198.51	26.94
198.95	26.94
200.85	19.84
202.89	19.84
204.41	19.84
206.07	7.9
208.67	7.9
211.37	7.9
212.3	4.52
215.44	27.4
217.43	2.8
219.88	9.81
220.19	9.81
223.26	15.42
224.42	15.42
225.9	15.42
226.55	18.61
227.47	18.61
229.96	26.03
231.22	26.03
233.09	26.03
235.8	19.04
239.19	19.04
242.15	19.04
243.23	13.14
245.66	13.14
247.25	13.14
247.43	0.65
248.84	30.39
249.05	30.39
249.62	30.39
252.32	25.83
