1.4	26.34
2.09	26.34
3.36	26.34
5.84	9.88
6.26	16.49
8.26	16.49
9.5	16.49
11.97	29.81
13.12	27.01
15.04	27.01
15.57	27.01
15.96	3.97
19.32	3.97
22.38	28.28
22.64	28.28
25.82	28.28
26.06	15.03
28.44	0.96
30.12	7.45
30.49	16.81
33.07	16.81
34.96	26.74
38.09	26.74
38.77	26.74
40.27	12.24
40.46	12.24
43.27	12.24
43.61	22.49
45.41	22.49
47.95	20.11
48.69	25.9
51.59	25.9
51.91	25.9
54.5	2.03
54.86	2.03
56.34	2.03
59.22	28.73
60.71	28.73
62.42	29.52
65.39	29.52
65.91	29.52
69.33	7.85
70.67	7.85
73.62	7.85
75.92	4.74
76.55	18.51
78.3	26.08
79.0	26.08
82.33	18.1
84.55	1.42
86.13	30.22
87.49	18.67
90.35	18.67
92.75	18.67
94.61	2.22
96.86	2.22
97.29	2.2
100.1	2.2
101.7	2.2
103.78	26.18
104.27	26.18
105.14	15.89
108.04	15.89
110.13	15.89
112.91	30.18
115.14	7.73
117.62	7.73
120.77	24.88
121.84	24.88
123.33	24.88
125.67	18.4
126.62	11.88
128.3	11.88
128.64	11.88
131.4	5.77
134.63	5.77
135.84	11.0
138.69	11.0
139.48	24.44
141.41	24.44
143.47	24.44
146.6	25.06
146.83	20.76
148.98	20.76
152.38	20.76
153.6	21.36
154.19	16.52
156.09	16.52
157.87	16.52
160.19	27.63
160.46	14.98
163.2	14.98
166.36	14.98
167.45	14.03
167.83	14.03
170.23	14.03
172.67	19.89
175.03	19.89
175.19	19.89
177.15	18.99
177.61	18.99
178.01	18.99
181.19	21.21
182.05	21.21
184.65	21.21
185.32	5.56
188.3	10.0
189.52	10.0
192.61	14.01
195.79	14.01
196.16	26.87
198.46	26.87
200.16	26.87
201.66	8.69
201.77	8.69
202.24	12.36
203.57	7.7
205.12	7.7
205.26	7.7
206.47	9.96
208.23	9.96
209.29	5.21
212.6	12.67
213.4	23.02
215.03	23.02
215.76	15.42
217.07	15.42
218.55	23.59
218.7	23.59
222.17	23.59
224.94	30.24
227.07	30.24
230.23	30.24
232.11	31.87
233.86	31.87
236.04	24.4
236.39	17.38
238.73	14.99
239.76	14.99
242.51	14.99
245.5	8.24
246.9	8.24
249.65	8.24
253.12	29.44
