2.24	22.31
5.25	22.31
6.23	5.9
8.09	5.9
10.0	5.9
10.85	17.55
13.14	17.55
16.0	17.55
16.12	18.97
18.27	13.29
20.69	13.29
22.43	18.51
25.24	18.51
28.37	2.34
28.49	15.87
31.53	15.87
33.14	5.06
36.45	5.06
37.26	5.06
39.14	22.08
42.22	4.54
42.54	0.66
43.93	0.66
44.8	4.32
47.22	4.32
49.54	27.39
49.66	27.39
52.08	11.21
52.6	11.21
54.22	5.87
54.96	5.87
56.76	5.87
57.23	23.72
60.01	23.72
62.73	23.72
65.09	6.83
65.49	6.83
65.72	6.83
68.98	27.74
71.56	27.74
74.12	25.32
76.01	25.32
79.38	25.32
81.69	31.95
84.99	31.95
85.71	31.95
87.12	15.69
90.52	15.69
91.04	15.69
91.88	23.31
92.52	23.31
95.26	14.74
98.22	7.5
100.04	31.97
101.45	14.37
103.04	14.37
103.51	19.51
105.28	19.51
108.28	19.51
111.51	26.05
114.47	26.05
116.63	28.55
117.8	28.55
119.17	28.55
121.42	7.59
123.31	7.59
125.04	24.3
128.31	24.3
128.57	24.3
130.38	6.06
131.55	6.06
135.02	1.98
138.27	1.98
140.06	2.35
140.44	2.35
143.24	2.35
144.83	6.27
148.12	6.27
151.54	6.27
151.68	14.02
154.72	14.02
154.82	14.02
156.92	20.85
157.99	20.85
160.1	2.73
161.96	2.73
164.35	2.73
166.36	28.07
166.49	28.07
166.93	28.07
169.44	10.81
170.76	10.81
173.38	10.81
176.11	31.84
177.89	31.84
179.22	31.84
180.11	7.84
182.75	7.84
185.31	7.84
186.3	26.7
187.94	26.7
188.55	8.73
190.05	8.73
193.49	8.73
194.17	2.13
196.92	2.13
199.01	0.22
199.86	0.22
200.68	14.83
201.59	14.83
202.4	14.44
204.62	14.44
206.41	14.44
206.65	12.71
209.62	19.93
212.77	19.93
215.68	19.93
216.96	1.6
219.59	14.06
221.81	14.06
224.98	29.95
227.04	27.64
228.54	27.64
228.87	27.64
232.36	2.78
233.25	31.94
234.81	31.94
236.48	12.91
239.56	21.63
242.9	21.63
244.47	22.2
247.23	22.2
250.39	15.89
