0.93	16.38
1.92	16.38
4.91	16.38
7.39	3.29
10.56	3.29
11.19	1.28
13.26	14.47
14.18	14.47
15.15	23.49
18.13	23.49
19.83	1.11
21.54	1.11
23.59	1.11
24.97	9.46
27.96	9.46
30.43	9.46
32.02	22.35
34.23	30.1
35.77	30.1
35.87	30.1
38.08	13.04
38.42	13.04
39.28	13.04
40.53	14.48
43.05	23.05
43.52	24.81
45.37	24.81
48.04	4.37
50.37	27.1
51.14	0.64
53.24	30.63
53.71	30.63
54.24	30.63
57.59	29.78
58.86	27.79
59.04	27.79
59.82	3.1
63.01	29.41
66.04	26.32
69.43	26.32
71.73	26.32
74.08	26.21
77.1	26.21
77.43	26.21
80.44	19.13
82.68	23.29
84.0	23.29
85.12	23.29
86.74	19.96
87.64	19.96
90.83	28.66
93.2	15.58
93.8	12.6
96.56	12.6
98.17	12.6
100.64	17.14
102.36	13.49
103.26	13.49
105.39	13.49
107.83	21.42
111.12	21.42
114.38	27.5
115.96	27.5
118.75	22.02
121.07	22.02
121.52	22.02
121.66	15.98
124.03	15.98
127.0	15.98
128.9	1.9
130.09	12.28
131.72	27.94
133.31	27.94
135.86	29.94
139.24	3.38
139.76	3.38
141.52	17.98
143.83	20.56
146.87	20.56
147.48	1.57
147.82	1.57
150.62	28.26
151.58	7.33
152.6	22.16
155.53	26.16
157.26	11.78
158.79	11.78
160.03	11.78
161.17	25.19
163.17	25.19
164.77	22.54
167.18	22.54
168.05	5.84
170.25	0.55
173.1	0.55
174.07	21.69
175.6	21.69
176.54	21.69
177.58	24.06
178.79	18.95
181.88	18.95
182.95	20.35
183.21	24.15
184.41	24.15
187.59	5.82
190.87	5.82
192.93	5.82
195.68	29.39
196.98	9.55
199.02	25.67
199.54	19.46
201.09	15.95
201.46	15.95
202.18	15.69
204.43	24.0
207.49	24.0
209.98	24.0
213.25	10.21
214.67	10.21
217.94	10.21
221.21	2.0
224.24	25.5
227.62	25.5
230.24	25.5
230.96	11.29
232.7	11.29
234.61	11.29
235.25	24.42
237.78	24.42
238.53	24.42
238.98	2.82
240.28	2.82
242.29	2.82
243.46	24.81
245.82	14.61
247.93	14.61
248.69	1.54
251.8	8.45
