0.98	11.06
3.84	11.06
4.9	30.94
8.37	30.94
9.29	26.99
9.72	26.99
12.84	26.99
14.58	6.38
17.62	6.27
20.61	6.27
23.47	14.1
25.58	14.1
28.41	14.1
29.56	13.77
31.82	13.77
34.79	13.77
37.32	7.01
39.12	7.01
39.93	7.01
40.26	26.23
41.31	16.65
44.34	16.65
47.29	8.47
48.43	8.47
50.54	10.37
52.74	5.26
54.74	5.26
57.34	5.26
58.88	4.28
62.12	4.28
62.65	31.47
64.76	1.5
66.4	1.5
67.22	1.5
68.54	25.2
70.2	25.2
72.65	25.2
75.8	29.71
76.56	29.71
78.23	29.71
80.11	14.85
82.21	14.85
85.33	14.85
88.41	19.99
89.66	23.58
92.29	23.58
95.53	3.98
95.78	3.98
98.85	3.98
101.38	15.03
102.81	15.03
105.57	15.03
107.59	31.25
110.09	31.25
112.4	13.79
115.6	13.79
117.09	13.79
119.68	5.18
123.13	5.18
125.81	19.08
129.04	5.35
131.92	6.63
135.4	17.37
138.61	17.37
140.28	17.37
142.7	25.17
146.01	19.55
146.45	19.55
148.46	13.47
149.74	13.47
151.94	20.87
154.86	20.87
155.68	13.8
156.8	13.8
159.45	13.8
161.4	31.12
163.34	8.75
163.77	8.75
166.19	17.93
168.68	17.93
171.97	6.39
175.29	6.39
177.31	6.39
179.85	1.51
180.34	1.51
182.47	10.51
182.88	10.51
185.65	27.33
189.02	5.12
191.85	28.48
192.41	27.12
194.48	27.12
195.36	27.12
196.73	2.79
198.34	30.7
199.99	14.97
202.61	14.97
203.42	30.27
205.9	30.27
207.68	4.44
209.7	4.44
213.2	4.44
215.13	20.32
217.32	20.32
218.58	17.74
220.48	19.47
221.45	19.47
223.34	25.85
224.99	18.26
226.73	5.72
229.72	5.72
232.67	0.58
236.03	0.58
236.4	28.08
236.98	28.08
239.23	2.17
239.87	2.17
241.66	2.17
242.59	16.98
242.72	16.98
242.96	16.98
243.23	10.69
243.58	10.69
244.72	26.67
244.82	26.67
246.54	26.67
249.66	26.18
253.15	21.62
