2.86	20.12
5.0	20.12
5.82	11.79
6.75	11.79
9.65	22.91
11.75	14.91
14.13	14.91
17.58	14.91
20.55	19.53
22.44	5.77
24.75	11.2
25.57	17.22
29.04	17.22
29.44	17.22
30.31	8.36
30.7	3.66
31.21	9.95
33.66	9.95
34.45	9.95
37.54	18.31
39.79	18.31
40.16	6.44
41.23	6.44
44.68	6.44
47.25	8.85
49.09	9.2
51.02	9.2
52.6	9.2
53.1	2.94
53.79	11.77
55.35	11.77
55.78	11.77
56.05	10.53
57.66	14.71
60.77	31.17
63.21	31.17
65.73	13.76
68.78	13.76
71.34	13.76
72.82	0.62
74.27	0.62
75.43	0.62
77.6	31.47
78.09	16.32
81.29	16.32
83.2	16.32
84.38	29.76
85.87	4.4
88.75	5.29
91.87	22.6
93.96	22.6
95.75	22.6
97.95	31.67
99.66	25.53
100.83	25.53
103.98	1.34
104.57	15.74
105.48	22.98
107.15	22.98
109.45	22.98
112.35	25.7
113.69	25.36
114.59	21.87
116.53	21.87
119.73	21.87
120.82	14.65
124.17	14.75
127.57	7.07
129.67	7.07
129.92	1.18
132.0	12.96
133.84	19.02
137.21	26.41
139.1	2.3
139.66	2.3
142.3	2.3
142.9	22.88
145.71	27.67
146.13	8.65
148.01	11.21
149.66	24.72
151.5	24.72
154.17	24.72
157.49	10.46
158.36	10.46
159.5	10.46
160.92	2.39
163.98	2.39
167.04	2.39
167.3	26.37
169.61	26.37
171.94	28.2
174.79	28.2
176.49	25.24
179.52	28.88
181.75	28.88
184.22	23.33
184.9	23.33
187.42	12.42
188.76	12.42
190.65	10.32
193.14	13.92
195.23	13.92
196.71	2.84
198.78	16.23
199.87	17.46
203.36	17.46
203.91	17.46
204.84	24.16
207.85	24.16
208.7	29.84
211.01	29.84
211.77	24.2
215.13	24.2
218.38	24.2
220.31	13.8
220.45	13.8
221.85	13.8
223.72	2.89
226.47	5.97
229.15	5.97
230.18	5.97
233.53	31.3
235.72	31.3
237.48	10.26
240.89	1.05
242.28	1.05
243.11	1.05
246.01	9.02
248.91	9.02
252.22	2.15
