3.46	10.43
4.3	6.31
6.32	6.31
9.36	6.31
10.01	28.13
11.13	25.22
11.35	25.22
13.04	16.58
14.22	16.58
14.96	0.91
18.03	7.85
19.53	7.85
20.97	16.9
22.51	16.9
23.9	19.09
25.14	19.09
27.88	26.72
28.28	26.72
30.66	31.01
32.04	31.01
35.06	28.34
38.08	19.45
41.41	19.45
42.97	11.65
43.8	11.65
46.18	11.65
48.94	17.73
51.44	9.76
51.9	31.15
53.36	21.4
56.35	21.4
58.39	21.4
59.14	22.85
59.38	22.85
62.83	22.85
63.74	21.28
65.03	21.28
65.41	21.28
65.86	0.82
69.14	20.58
70.41	20.58
71.82	20.58
74.26	30.21
74.38	30.21
77.22	30.21
79.12	20.17
81.18	25.9
83.32	25.9
84.91	27.77
88.1	27.77
90.74	13.76
92.84	13.76
94.85	9.11
96.86	9.11
97.78	25.8
101.01	25.8
103.54	25.8
106.09	17.44
108.8	17.44
112.26	17.44
114.54	21.07
115.01	5.84
115.64	16.56
118.18	16.56
119.15	9.0
120.89	9.0
122.98	9.0
126.01	22.89
128.69	24.93
129.2	24.93
131.39	1.97
131.52	19.43
132.21	19.43
133.03	19.43
133.27	23.62
135.71	18.34
138.37	6.92
139.84	4.39
141.25	4.39
144.35	4.39
146.33	11.52
146.69	11.52
149.42	11.52
150.85	7.99
153.31	7.99
154.23	11.18
156.42	11.18
159.09	11.18
161.24	1.44
163.12	1.52
164.47	1.52
166.0	1.52
168.27	17.58
171.66	17.58
172.65	21.55
174.01	21.55
176.46	21.55
179.03	1.75
179.48	30.62
180.62	2.61
183.54	2.61
184.93	0.42
186.02	0.42
188.36	0.42
190.56	17.45
193.06	11.67
194.21	31.09
195.93	31.09
196.87	15.72
198.32	17.19
200.6	17.19
202.89	17.19
205.25	6.01
208.66	6.01
211.34	23.67
213.83	23.67
215.35	13.09
218.8	13.09
221.94	13.09
223.69	6.16
224.69	6.16
227.22	11.93
229.59	11.93
230.17	28.3
230.59	28.3
231.11	28.3
231.94	17.33
235.42	17.33
235.59	29.39
237.24	29.39
239.41	29.39
241.53	31.12
242.09	31.12
243.53	31.12
243.75	28.32
247.23	28.32
250.38	8.09
