3.05	19.58
5.7	6.26
7.21	6.26
10.45	6.26
10.87	22.63
14.05	22.63
15.57	22.63
16.81	26.34
19.91	26.34
20.87	26.34
23.42	27.06
25.99	31.42
28.12	31.42
30.41	20.64
30.92	20.64
32.88	20.64
35.5	14.59
38.95	14.59
39.97	1.86
42.91	1.86
45.43	1.86
47.53	28.84
48.21	28.84
50.84	19.31
53.97	19.31
55.28	19.31
57.86	26.05
59.16	26.05
61.97	26.05
64.63	11.87
66.14	11.87
67.29	11.87
70.48	15.04
71.32	22.77
73.84	25.03
76.42	25.03
77.92	25.03
80.44	2.73
81.83	2.73
84.37	2.73
85.38	25.16
87.31	2.98
89.87	2.98
91.88	16.32
94.54	16.32
96.5	16.32
97.69	18.5
100.88	0.21
102.07	12.07
104.95	22.53
106.55	9.08
109.69	28.99
111.07	28.99
111.84	23.4
114.02	23.4
117.39	11.43
120.54	11.83
122.25	11.83
125.54	21.62
125.82	21.62
128.09	21.62
131.32	31.62
134.14	31.62
137.2	31.62
138.55	18.06
141.48	18.06
142.62	18.06
144.96	26.11
146.84	26.11
149.67	26.11
151.26	23.12
151.4	23.12
151.98	16.48
153.08	17.33
153.64	17.33
153.96	7.73
157.32	7.73
160.33	7.73
160.61	13.9
162.78	13.9
166.18	13.9
167.85	17.99
168.18	17.99
171.0	17.99
173.06	13.09
173.63	13.09
174.3	13.09
177.54	2.71
180.53	2.71
183.29	4.68
185.25	8.8
186.99	8.8
187.65	15.27
190.55	15.27
192.81	15.27
196.27	24.22
196.58	24.22
199.86	1.35
203.05	1.35
205.05	7.21
207.43	23.29
209.24	23.29
210.15	17.47
210.47	17.47
210.75	17.47
212.91	15.01
214.54	15.01
216.53	15.01
217.47	12.74
218.39	31.65
221.37	31.65
222.06	31.65
224.67	16.2
227.4	16.2
227.93	30.57
228.19	30.57
231.41	30.57
233.02	13.28
235.5	13.28
236.98	22.62
237.65	7.21
240.55	15.03
243.46	27.88
244.19	15.02
246.94	4.32
247.06	4.32
249.96	4.32
250.75	28.6
