1.03	3.08
4.41	3.08
4.9	24.05
6.27	24.05
8.56	23.95
11.06	23.95
12.66	23.95
12.89	9.98
14.27	9.98
16.51	2.97
17.38	2.97
20.35	29.69
21.99	29.69
24.06	29.69
24.57	8.19
27.47	21.2
27.81	28.44
29.01	28.44
31.68	7.65
32.22	7.65
34.23	7.65
34.67	3.69
37.14	3.69
39.16	3.69
42.18	25.7
43.33	25.7
46.44	25.7
46.69	10.07
48.32	10.07
50.03	10.07
50.32	23.43
51.56	23.43
52.33	23.43
52.5	21.83
52.86	24.26
53.98	21.83
56.68	21.83
57.11	3.84
59.73	3.84
62.08	22.12
65.2	22.12
67.24	10.16
69.07	10.16
71.12	10.16
71.39	6.91
74.33	6.91
74.75	6.91
75.65	8.4
76.44	8.4
79.62	8.4
80.74	23.86
82.77	23.86
84.39	8.01
85.37	8.01
86.63	24.48
89.38	20.13
89.7	20.13
91.69	20.13
92.55	0.39
93.93	0.39
95.39	0.39
95.86	31.83
98.26	31.83
98.36	4.1
98.52	4.1
100.24	4.1
102.54	18.8
104.37	22.07
107.78	22.07
109.98	22.07
111.69	18.54
113.12	18.54
114.06	19.03
116.64	31.42
119.98	21.82
120.2	21.82
120.93	25.02
121.72	25.02
124.55	25.02
126.92	11.5
129.42	11.5
132.81	11.5
135.35	3.01
137.82	23.76
138.09	23.76
140.75	23.76
143.85	7.59
146.3	7.59
147.81	7.59
150.0	6.2
151.43	6.2
153.27	24.68
154.07	29.55
156.62	29.55
158.07	29.55
159.51	15.13
160.87	15.13
163.66	15.13
164.39	21.5
167.27	21.5
170.73	9.02
173.4	11.43
176.22	27.9
176.7	27.9
176.93	7.17
179.42	1.5
180.37	1.5
181.58	25.83
184.9	25.83
185.57	25.83
186.28	2.79
189.19	2.79
189.55	25.42
190.38	6.61
192.05	6.61
195.19	6.61
195.8	7.91
198.99	7.91
199.44	1.5
202.09	1.5
203.87	11.29
205.77	6.66
207.38	6.66
209.07	14.75
209.37	14.75
212.01	14.75
212.75	21.12
213.1	21.12
214.29	17.21
215.87	17.21
216.33	17.21
218.63	16.22
222.12	16.22
223.86	22.33
224.81	22.33
225.18	22.33
227.62	20.35
230.56	20.35
232.94	20.35
234.77	4.68
235.04	17.72
236.85	24.22
238.05	24.22
239.01	24.22
239.13	17.97
241.55	17.97
241.91	17.97
244.08	21.56
246.08	21.56
248.29	21.56
251.33	31.16
