3.07	30.23
3.44	30.23
6.25	3.85
9.11	3.81
10.46	3.81
11.39	3.81
13.36	27.75
14.13	27.75
16.85	13.18
17.8	13.18
18.19	13.18
20.31	31.76
23.12	7.91
24.04	17.84
25.23	25.83
26.56	2.22
26.68	2.22
29.83	2.22
32.94	9.4
35.56	9.4
38.29	9.4
41.55	15.24
43.41	15.24
44.37	15.24
46.05	1.0
48.91	14.36
51.21	14.36
51.42	26.41
53.43	31.66
56.61	31.66
57.75	31.66
60.11	17.98
62.95	17.98
65.51	11.95
68.0	11.95
68.82	11.95
70.62	17.31
71.11	27.12
74.37	30.47
76.36	30.47
79.45	15.94
82.69	20.67
83.72	20.67
84.89	20.67
87.05	25.6
87.27	17.3
90.68	30.1
91.24	30.1
92.38	14.36
94.03	14.36
95.32	13.9
97.12	13.9
99.58	9.03
100.08	9.03
102.94	9.33
104.26	9.33
107.33	21.63
107.59	21.63
108.02	21.63
111.5	1.95
113.81	1.95
115.09	1.95
116.76	6.81
119.69	18.17
121.51	18.17
123.88	18.17
125.71	1.83
126.44	1.83
127.91	1.83
131.24	27.85
131.44	27.85
134.77	27.79
136.26	27.79
138.69	25.27
138.83	25.27
140.55	8.62
143.05	8.62
146.19	21.05
147.33	5.84
150.56	5.84
151.36	26.76
154.48	26.76
156.07	26.76
156.4	25.12
157.09	25.12
158.71	23.38
161.43	14.93
164.59	2.11
164.94	21.69
165.53	21.69
167.25	21.69
168.46	31.38
171.44	19.58
172.83	19.58
175.67	7.75
176.14	15.26
179.01	15.26
179.84	15.26
182.66	22.19
185.7	13.93
187.88	13.93
188.65	0.42
192.05	0.42
193.7	0.42
194.23	15.12
195.49	15.12
197.43	15.12
200.24	3.81
202.71	21.29
204.62	21.29
206.73	21.29
207.28	29.44
210.06	29.44
213.04	29.44
214.03	18.02
215.25	18.02
218.46	12.06
221.15	12.06
221.7	12.06
224.4	3.99
224.82	3.99
227.4	19.14
230.75	19.14
232.94	7.33
233.99	7.33
237.4	7.33
238.94	15.54
240.31	15.54
240.78	25.81
241.18	20.82
244.12	20.82
245.19	19.01
246.42	19.67
249.28	19.67
251.08	6.59
