3.33	2.81
3.45	2.81
3.95	2.81
6.46	10.4
7.75	10.4
9.99	10.4
11.17	31.72
13.83	31.72
16.88	31.72
19.74	6.76
22.36	28.09
23.84	2.01
26.27	2.01
29.23	24.71
32.49	24.26
35.08	24.26
36.79	3.92
38.79	3.92
41.46	28.5
42.27	28.5
45.4	21.62
47.4	8.3
48.19	8.3
49.4	16.73
52.43	16.73
53.62	26.77
55.43	26.77
58.08	7.67
59.01	7.67
60.11	31.93
62.61	2.49
63.8	2.49
65.68	2.49
66.91	8.02
70.38	8.02
72.9	5.61
73.04	5.61
74.5	22.06
77.75	22.06
80.02	22.06
81.93	25.15
82.2	25.15
84.49	18.94
84.79	18.94
88.21	29.3
88.4	29.3
90.31	29.3
91.93	20.18
92.38	15.55
93.68	15.55
95.64	15.55
98.65	23.99
101.65	15.22
101.95	15.22
104.21	15.22
106.66	2.63
108.45	2.63
109.62	2.63
112.24	29.17
115.41	29.17
115.8	29.17
119.0	21.39
122.2	21.39
124.13	6.93
125.98	6.93
127.81	6.93
130.18	2.42
132.26	2.42
133.18	15.83
136.22	15.83
137.1	15.83
138.47	23.09
140.38	23.09
140.63	23.09
143.63	9.4
146.56	8.76
147.58	21.18
147.7	3.08
149.9	17.96
150.91	15.61
152.57	15.61
153.08	23.43
155.0	23.43
156.19	7.08
158.96	7.08
160.16	7.08
161.91	4.78
163.44	6.51
166.26	6.51
167.27	28.17
168.23	3.44
168.92	3.44
169.63	25.5
171.86	25.5
175.17	25.5
176.4	16.13
179.67	21.86
183.16	21.86
185.14	21.86
187.24	13.77
188.43	13.77
189.63	13.77
190.41	29.19
193.06	25.44
195.88	25.44
198.73	25.93
199.22	25.93
201.05	25.91
201.59	0.7
201.82	0.7
202.61	0.7
203.88	9.98
206.98	9.98
208.98	9.98
211.19	10.62
211.63	10.62
214.64	10.62
216.2	18.19
218.32	18.19
221.7	18.19
224.26	31.43
224.67	19.77
225.23	19.77
227.05	2.29
227.98	2.29
228.61	2.29
229.04	10.39
229.5	10.39
231.92	10.39
235.18	15.99
237.88	15.99
238.8	15.99
240.99	14.63
242.65	14.63
244.13	5.64
245.33	5.64
245.7	6.49
249.09	6.49
252.14	6.49
