1.38	31.29
2.33	31.29
5.32	31.29
8.26	1.29
11.31	1.58
13.29	24.09
14.21	24.09
17.62	24.09
18.06	3.1
18.97	5.65
19.36	5.65
22.24	11.92
24.25	11.92
24.91	8.91
25.98	8.91
26.75	8.91
28.19	8.91
29.51	27.54
29.94	4.99
30.39	4.99
30.67	7.46
33.08	7.46
33.95	15.53
34.41	15.53
37.74	28.7
40.49	19.33
41.55	19.33
44.19	11.36
44.71	11.36
45.1	11.36
46.28	8.03
46.76	2.63
47.24	2.63
48.65	1.14
50.21	1.14
50.47	17.09
52.09	25.41
55.38	25.41
56.61	20.11
56.9	20.11
57.32	20.11
58.36	23.97
60.61	23.97
63.22	5.81
66.27	22.85
68.15	22.85
69.77	5.01
71.24	5.01
73.03	5.01
76.04	5.33
77.94	5.33
78.19	5.33
78.3	31.26
81.12	31.26
82.25	31.26
83.74	6.01
84.64	15.37
85.37	15.37
85.61	22.98
87.09	22.98
89.53	22.98
92.38	3.09
94.7	3.09
95.82	3.09
97.86	3.05
99.62	3.05
102.88	3.05
103.95	6.72
105.18	8.19
105.47	8.19
108.78	8.5
110.27	8.5
111.45	12.18
114.07	3.85
117.2	3.85
117.84	2.77
121.26	2.77
123.07	2.77
126.01	3.99
127.49	3.99
127.84	3.99
129.61	18.89
131.07	18.89
131.78	17.41
134.72	17.41
134.92	24.92
135.25	24.92
138.03	24.92
141.44	24.02
144.89	24.02
148.31	0.46
151.73	0.46
152.99	0.46
154.4	22.19
154.89	22.19
156.5	22.43
156.97	22.43
157.61	14.5
158.03	6.85
161.37	6.85
164.85	6.85
166.97	24.35
169.29	24.35
169.62	24.35
169.85	12.66
171.14	8.0
173.2	8.0
175.24	8.0
177.7	23.78
179.13	23.78
182.17	20.63
183.53	20.63
185.06	20.63
186.77	17.64
189.2	17.64
191.47	17.64
193.01	28.08
195.12	28.08
196.98	4.04
199.9	4.04
200.69	4.04
201.15	3.73
204.54	3.73
204.98	3.73
207.94	30.85
210.09	16.74
212.81	16.64
212.92	16.64
215.01	16.64
218.1	13.84
219.47	13.84
222.69	26.26
223.48	26.26
226.13	9.12
228.81	13.05
230.31	13.05
230.69	28.65
231.72	17.95
233.92	17.95
235.11	17.95
235.22	0.76
238.64	0.76
238.75	0.76
240.76	25.78
242.6	10.4
243.32	21.76
244.61	21.76
246.15	28.88
248.32	28.09
251.68	28.09
