1.26	27.6
3.02	20.55
5.47	20.55
7.64	20.55
10.86	10.06
11.62	17.48
14.04	17.48
14.36	6.64
14.78	6.64
15.49	27.57
16.51	21.52
18.81	18.69
20.79	18.69
21.02	24.97
23.55	24.97
24.81	24.97
26.64	30.04
30.05	30.04
30.58	30.04
32.94	19.6
35.45	19.6
38.59	30.55
39.87	24.25
41.01	7.7
42.93	7.7
43.87	9.35
46.18	9.35
48.31	10.27
50.29	5.23
51.53	12.03
51.97	20.39
53.56	20.39
55.99	20.39
57.97	16.81
58.6	16.81
59.57	12.82
60.8	12.82
62.26	22.25
65.51	22.25
68.1	4.12
70.39	4.12
70.75	2.91
71.11	2.91
73.31	2.91
75.15	5.02
76.49	20.51
78.78	10.13
79.61	10.13
81.86	10.13
83.99	23.84
84.12	12.5
85.57	12.5
86.31	12.5
87.46	23.92
87.75	23.33
89.63	16.99
92.23	16.99
94.5	11.89
97.11	11.89
99.17	11.89
100.48	4.75
101.74	4.75
104.21	4.75
104.46	13.06
107.74	29.95
111.21	29.95
112.94	27.05
113.22	8.77
114.9	8.77
117.97	16.64
118.95	16.64
119.19	2.12
121.8	2.12
121.98	21.24
123.92	16.71
125.25	23.78
126.74	23.78
127.66	23.78
130.63	19.24
132.99	19.24
136.03	19.24
137.54	17.92
141.01	17.92
142.48	17.92
144.71	0.2
146.68	0.2
149.31	5.6
151.17	5.6
154.42	5.6
155.34	0.52
157.59	10.28
158.65	9.62
160.44	9.62
162.59	25.65
165.46	19.34
168.11	19.34
170.22	19.34
173.64	22.31
176.77	22.31
178.21	22.31
180.99	31.02
183.94	31.02
186.7	2.98
189.83	1.72
191.5	6.93
194.19	6.93
195.28	16.88
196.62	16.88
198.31	16.88
199.46	14.35
200.07	14.35
200.44	24.22
200.81	24.22
201.02	18.79
204.3	28.81
207.22	28.81
208.37	28.81
211.17	23.41
214.59	23.41
216.48	7.91
218.53	23.77
221.11	23.77
223.12	23.77
225.66	6.63
226.78	20.22
228.15	20.22
229.29	14.2
232.65	26.82
233.85	27.86
235.29	27.86
236.87	27.86
240.3	28.81
242.4	28.81
243.03	1.94
245.91	1.94
247.34	1.94
247.87	5.93
248.14	2.02
251.21	2.02
