2.82	27.15
4.22	17.07
7.71	17.07
11.0	10.71
13.55	10.71
14.55	10.71
15.11	13.9
17.81	18.97
21.01	18.97
22.39	13.06
25.31	13.06
26.6	13.39
27.85	13.39
29.88	0.87
32.11	10.2
33.81	10.2
34.12	10.2
35.76	1.64
37.7	16.93
37.95	16.93
39.41	16.93
40.83	0.58
44.3	0.58
47.61	0.58
49.12	24.19
51.99	21.46
52.37	21.46
52.56	14.12
52.91	14.12
56.04	14.12
56.99	20.05
60.24	20.05
62.57	20.05
64.28	1.05
65.57	1.05
67.73	10.43
68.05	10.43
70.79	10.43
73.18	18.71
74.43	18.71
77.58	18.71
80.78	24.34
82.65	24.34
84.94	7.43
85.67	26.47
87.82	26.47
88.43	26.47
88.6	19.96
91.19	19.96
93.12	28.18
94.63	16.24
95.74	16.24
97.29	16.24
100.2	11.71
102.21	30.05
102.86	30.05
104.37	10.07
106.66	10.07
108.55	23.82
112.0	23.82
112.92	25.46
115.48	25.46
117.06	25.46
119.87	30.63
121.6	30.63
124.84	30.63
127.41	10.93
127.65	10.93
129.94	11.1
130.47	11.1
133.01	11.1
133.24	1.25
134.8	1.25
137.37	19.41
140.37	11.79
141.39	11.79
142.73	22.83
145.9	31.59
148.19	31.59
149.98	19.26
151.75	19.26
154.19	1.82
154.36	9.43
155.66	9.43
158.73	8.92
160.36	10.54
161.47	8.7
164.76	4.17
165.11	4.17
166.97	4.17
170.09	10.56
173.3	10.56
174.56	0.71
177.88	12.29
178.28	8.29
179.46	8.29
180.64	8.29
183.45	12.97
186.65	19.53
187.57	19.53
188.46	19.53
189.06	4.35
192.2	22.34
194.69	22.34
196.67	22.34
198.34	17.15
200.87	18.4
203.95	18.4
205.91	18.4
206.16	12.97
207.21	12.97
208.03	4.92
210.32	4.92
212.59	4.92
214.58	20.36
215.56	20.36
216.33	3.55
218.22	8.99
220.35	8.99
223.05	12.64
226.42	12.64
228.3	30.08
229.37	21.98
230.1	21.98
232.32	21.98
234.29	3.51
234.46	3.51
235.45	3.51
237.04	28.45
240.03	28.45
243.16	28.45
243.78	22.92
246.79	14.17
247.66	23.35
248.55	23.35
251.95	23.35
