1.92	11.44
4.36	11.44
4.57	11.52
4.73	11.52
8.1	8.15
8.43	7.24
11.36	27.56
11.72	27.56
13.78	22.69
15.92	22.69
19.25	31.89
21.23	24.88
24.16	12.81
25.83	1.28
28.54	1.28
31.77	24.17
33.22	24.17
36.67	24.17
37.17	27.65
40.36	2.67
43.59	26.06
45.56	11.06
47.73	12.12
50.86	12.12
51.59	9.04
52.01	9.04
52.97	8.49
55.96	8.49
56.89	20.43
59.95	10.91
62.99	31.16
63.44	31.16
64.69	7.07
66.05	17.45
68.37	17.45
71.71	17.45
72.47	19.08
75.27	19.08
76.46	19.08
78.03	5.62
78.25	5.62
78.44	5.62
80.49	8.43
83.95	8.43
85.76	5.4
86.33	5.4
88.05	9.97
90.42	19.3
92.98	19.3
94.78	19.3
95.37	10.93
96.62	10.93
97.08	10.93
98.58	15.19
101.26	15.19
101.48	20.03
104.65	20.03
105.69	20.03
108.95	13.08
109.72	13.08
110.25	23.78
111.52	23.78
114.2	23.78
114.76	15.28
117.41	15.28
117.59	15.28
117.95	20.43
119.01	20.43
120.18	23.09
120.85	23.09
121.95	23.09
122.7	22.17
123.3	22.17
124.69	22.17
126.47	4.83
128.02	4.83
129.91	4.83
131.43	27.99
132.45	27.99
134.37	10.42
137.66	10.42
137.8	24.34
138.79	24.34
141.12	24.34
144.09	9.84
145.99	9.84
146.98	9.84
148.88	28.57
150.08	28.57
152.03	28.57
154.73	12.95
155.71	12.95
157.81	31.55
160.96	9.12
163.79	9.12
166.7	9.12
168.58	8.63
169.89	8.63
170.05	15.6
172.46	15.6
174.59	15.6
177.17	25.94
180.43	25.94
182.48	25.94
183.63	26.98
185.31	26.98
188.24	26.98
190.1	2.37
191.59	11.26
191.82	11.26
193.86	10.29
197.06	10.29
197.2	28.79
200.08	28.79
201.63	0.92
203.83	0.92
204.11	0.92
204.6	13.05
206.83	13.05
208.9	12.25
212.06	12.25
214.13	12.25
215.25	3.32
217.51	3.32
217.65	3.32
219.69	15.13
220.12	15.13
221.75	15.13
222.95	28.07
226.18	28.07
227.86	28.07
229.15	10.37
232.63	10.37
233.85	10.37
236.09	21.51
236.59	21.51
237.25	21.51
238.58	6.59
240.27	6.59
243.08	17.25
246.32	14.54
248.03	14.54
248.99	14.54
251.27	23.13
