1.21	17.77
3.77	7.88
6.78	7.88
7.42	7.88
9.91	15.94
12.77	15.94
16.12	15.94
17.69	31.08
20.77	12.27
21.69	12.27
22.39	25.3
22.86	25.3
26.1	27.99
27.91	23.35
30.16	14.6
32.88	8.52
35.05	8.52
37.64	8.52
39.13	4.27
40.57	2.25
42.33	17.03
43.35	17.03
43.96	14.89
44.79	25.3
46.4	25.3
49.7	25.3
53.11	29.94
55.84	29.94
56.77	15.08
59.52	7.52
61.26	1.82
62.96	5.24
63.41	1.74
65.53	1.74
68.95	1.74
71.19	8.49
74.53	8.49
77.07	9.15
78.88	9.15
82.17	9.15
83.78	19.82
86.54	19.82
88.92	14.88
91.5	14.88
93.58	14.88
93.85	14.51
97.2	14.51
98.81	14.51
101.24	11.46
103.79	11.46
105.95	11.46
108.39	10.52
109.79	10.52
110.82	10.52
110.96	3.13
111.8	3.13
112.57	3.13
114.21	14.86
117.11	19.5
120.57	19.5
122.59	5.4
123.65	5.4
124.88	31.64
126.6	19.31
127.98	27.7
130.6	10.27
132.15	10.27
132.65	10.27
135.37	31.25
137.07	6.95
140.31	6.95
141.8	6.95
144.71	2.45
147.93	15.08
149.18	21.08
149.45	21.08
151.35	11.56
151.89	28.47
154.47	28.47
155.69	28.47
156.65	10.29
159.06	10.29
159.84	14.13
160.25	0.85
161.34	24.51
163.9	24.51
164.02	1.3
167.13	1.3
168.86	2.93
171.27	24.19
173.37	24.19
174.43	29.01
177.27	29.01
177.47	29.01
179.01	22.02
181.45	14.93
182.38	10.92
183.59	10.92
184.42	16.15
185.56	3.73
186.44	12.71
187.09	12.71
190.3	27.49
192.44	27.49
195.15	27.49
197.95	2.65
199.16	2.65
201.25	2.65
203.11	11.38
205.59	11.38
206.82	3.49
207.2	3.49
210.27	24.14
212.48	9.29
214.31	9.29
215.95	9.29
218.16	10.34
218.73	26.89
220.0	26.89
221.95	26.89
224.94	13.71
227.52	13.71
229.95	13.71
231.42	19.78
232.62	19.78
235.86	31.67
236.92	31.67
237.73	31.67
239.59	19.69
240.19	19.69
241.65	12.3
245.07	30.18
245.26	1.29
246.37	20.79
248.61	21.92
249.0	21.92
251.68	21.92
