3.0	12.48
4.54	12.48
5.24	12.48
8.33	1.28
9.13	28.51
12.17	10.74
14.56	10.74
14.96	4.51
17.45	4.51
18.89	4.51
21.48	1.48
21.72	14.95
25.12	14.95
25.55	30.95
28.62	18.47
29.4	18.47
29.53	18.47
30.4	12.36
31.34	12.36
34.64	12.36
36.38	17.64
36.87	17.64
37.78	2.57
41.21	20.34
43.59	7.61
44.8	7.61
45.01	21.97
47.32	21.97
48.12	21.97
49.16	8.52
51.87	8.52
54.67	8.52
54.78	8.23
57.84	8.23
58.79	10.22
60.21	10.22
62.2	10.05
64.53	10.05
67.25	14.67
68.3	14.67
68.46	14.67
70.92	28.29
73.79	28.29
74.48	11.15
76.47	11.15
78.15	11.15
80.57	6.99
80.96	6.99
82.33	6.99
83.33	15.69
86.36	15.69
89.28	14.63
92.36	14.63
95.71	14.63
97.47	20.87
99.8	20.87
100.59	20.87
100.88	22.1
104.05	16.03
105.63	16.03
107.89	16.03
108.3	13.84
110.28	3.82
112.13	14.09
113.65	14.09
115.7	5.18
118.92	5.18
121.62	5.18
123.25	24.42
123.45	24.42
124.31	10.79
125.39	10.79
128.29	8.79
129.82	8.79
131.67	8.79
133.51	20.73
134.19	20.73
135.02	20.73
136.05	23.31
136.38	23.31
139.5	5.48
141.22	5.48
141.64	5.48
144.12	27.88
146.26	30.33
148.13	30.33
149.68	21.3
152.95	7.52
153.62	7.52
153.96	7.52
155.8	17.26
158.08	14.7
161.43	14.7
163.42	18.81
163.73	18.81
166.27	18.81
168.81	2.97
169.77	2.97
171.73	2.97
173.53	1.62
176.82	1.62
179.33	30.0
182.42	30.0
184.4	20.43
186.73	20.43
188.67	29.12
190.49	29.12
192.43	29.12
194.12	2.52
195.69	2.52
198.83	1.39
199.91	4.04
201.82	4.04
203.19	5.7
204.32	5.7
206.96	28.33
207.22	28.33
210.43	26.69
213.42	25.2
216.57	25.2
218.97	25.2
219.72	11.4
221.56	18.39
222.95	18.39
224.96	22.86
228.05	22.86
229.91	22.86
233.4	21.68
234.79	21.68
237.4	12.44
239.92	12.44
241.21	12.44
243.92	24.81
246.19	24.81
248.34	24.81
250.21	14.53
