1.52	7.91
2.73	7.91
6.11	31.62
6.92	21.03
7.77	21.03
10.96	21.03
12.18	1.09
15.54	1.09
18.01	4.53
19.67	4.53
22.9	4.53
26.0	25.17
26.55	25.17
29.77	25.17
32.49	6.99
34.59	6.99
37.17	6.99
37.56	29.44
40.64	29.44
42.09	29.44
43.28	2.67
44.9	30.19
47.27	22.74
48.4	22.74
50.82	4.9
53.77	4.9
55.3	4.9
58.64	16.44
59.66	24.25
62.84	11.95
65.35	31.36
66.97	31.36
68.24	25.12
69.24	25.12
70.67	25.12
72.76	31.23
73.25	31.23
74.14	31.23
74.55	28.72
77.11	28.72
79.04	21.93
80.65	15.33
83.62	15.33
85.3	15.33
86.13	10.72
89.52	10.72
90.27	26.48
92.21	11.68
93.25	22.67
93.53	22.67
94.03	22.67
94.28	21.22
96.96	21.22
99.14	21.22
100.43	16.28
103.82	16.28
106.11	16.28
107.2	25.63
107.49	25.63
108.61	28.58
109.63	28.58
110.02	24.14
110.96	12.52
112.99	28.22
114.99	31.96
117.72	31.96
118.58	31.96
118.77	10.76
120.31	10.76
122.85	15.49
123.37	15.49
123.67	14.18
125.43	14.18
126.16	14.18
126.46	20.47
126.68	20.47
128.1	20.7
128.9	20.7
129.39	20.7
131.93	22.19
132.91	22.19
134.94	22.19
137.7	21.78
139.18	21.78
139.51	21.78
140.09	22.51
141.35	22.51
141.9	22.51
145.34	24.13
146.89	24.13
147.31	19.96
148.53	5.53
149.55	5.53
149.77	5.53
152.89	27.45
155.68	27.45
158.45	27.45
160.63	0.88
161.06	24.68
162.57	4.86
165.58	4.86
165.88	4.86
166.59	16.94
167.12	16.94
170.06	16.94
171.44	0.51
172.65	0.51
172.86	0.51
175.61	10.16
177.76	7.27
179.32	7.27
182.67	7.27
184.9	18.17
185.92	25.63
189.06	25.63
190.71	25.63
193.81	10.91
195.6	23.13
197.24	13.69
199.58	31.44
200.52	31.44
201.04	20.9
202.55	20.9
205.99	20.9
207.67	4.31
211.13	4.31
213.34	4.31
215.92	19.13
219.1	17.1
220.09	15.21
223.37	15.21
223.61	15.21
224.07	6.59
226.7	6.59
230.09	6.59
232.7	22.22
233.18	20.81
236.59	20.81
236.85	20.81
238.37	30.03
241.6	30.03
244.28	30.03
245.37	10.32
246.24	10.32
248.27	10.32
249.41	16.24
251.41	16.24
