0.99	0.45
3.29	0.45
4.52	30.42
5.07	30.42
7.77	30.42
8.16	27.17
8.59	27.17
10.17	27.17
11.23	31.74
12.97	31.74
13.87	31.74
14.98	17.74
16.85	18.47
17.67	18.47
19.47	19.91
21.73	8.58
21.97	8.58
23.26	8.58
24.5	9.7
26.46	25.2
26.7	25.2
28.48	25.2
31.94	18.91
33.91	18.91
35.98	18.91
38.82	16.62
40.47	16.62
43.15	16.62
45.52	16.2
45.89	16.2
49.17	16.2
50.11	19.07
50.84	19.07
52.4	4.65
53.58	4.65
53.96	4.65
55.87	28.35
57.56	28.35
57.74	27.78
58.45	27.78
60.47	22.15
61.12	22.15
64.46	22.15
64.93	7.37
68.29	21.14
68.47	28.67
69.16	28.67
69.55	28.67
70.02	19.56
72.97	19.56
73.25	1.29
75.95	1.29
79.17	1.29
81.7	14.55
84.75	14.55
85.56	14.55
86.7	5.85
88.95	5.85
89.25	21.88
90.48	8.42
92.34	8.42
94.42	30.0
96.59	30.0
98.6	30.0
99.89	5.98
103.28	5.98
105.17	4.52
108.15	4.52
108.71	4.52
110.62	7.27
111.63	2.34
112.41	2.34
114.67	8.15
118.14	8.15
119.72	8.15
122.27	18.79
124.46	18.79
127.48	18.79
129.79	15.43
130.77	15.43
131.21	17.95
132.89	27.45
135.07	27.45
135.36	23.66
138.24	23.66
140.67	23.66
141.27	23.83
143.33	23.83
146.25	23.83
147.15	24.29
148.3	24.29
149.82	31.53
152.51	31.53
153.29	31.53
155.25	10.72
158.51	29.88
158.98	22.95
159.12	14.51
159.23	15.84
162.62	15.84
164.98	28.91
166.74	5.09
169.2	5.09
172.4	5.09
174.02	3.48
175.83	3.48
178.8	3.48
179.75	19.01
180.04	13.58
181.34	21.32
183.43	22.62
185.64	22.62
188.59	22.66
189.91	30.68
192.35	30.68
194.71	22.01
198.16	4.52
198.6	4.52
201.55	27.02
203.32	23.14
205.48	23.14
206.13	23.14
206.27	28.26
208.91	28.26
210.0	28.26
213.34	14.58
213.8	14.58
216.88	16.84
220.12	16.84
223.03	2.13
224.35	2.13
226.07	2.13
228.37	24.62
228.9	24.62
229.17	24.62
230.31	19.42
232.61	19.42
234.5	19.42
237.89	10.23
238.3	10.23
240.32	10.23
241.16	0.33
241.6	0.33
242.41	4.45
244.59	4.45
247.27	4.45
248.45	30.33
250.65	0.56
