1.31	4.3
3.39	11.62
6.88	11.62
7.99	11.62
10.16	1.94
12.7	1.94
15.72	1.94
17.89	14.7
20.75	14.7
21.82	16.6
24.69	16.6
26.84	16.6
29.51	25.15
30.31	25.15
33.01	25.15
33.67	8.63
35.07	8.63
38.02	8.63
39.58	18.14
42.83	18.14
43.96	18.14
47.27	2.41
50.46	2.41
52.27	26.71
55.2	20.02
55.36	20.02
56.01	20.02
59.29	26.81
61.78	26.39
62.55	26.39
62.82	29.92
65.27	29.92
66.28	29.92
68.99	17.62
69.1	19.12
71.88	19.12
72.15	16.82
73.62	16.82
74.8	12.45
77.31	3.38
77.59	3.38
78.11	3.38
81.2	17.79
82.09	17.79
83.43	17.58
86.3	17.58
86.68	21.98
88.55	21.98
88.79	20.29
91.7	6.77
94.55	6.77
95.61	23.19
97.6	23.19
100.76	4.62
101.62	4.62
103.0	4.62
103.76	5.61
106.73	5.61
108.19	5.61
108.83	8.2
109.83	8.2
112.05	11.32
114.85	11.32
115.86	11.59
117.91	11.59
120.31	31.31
120.46	9.65
122.86	9.65
123.95	9.65
126.63	17.03
128.83	17.03
131.84	9.56
134.81	19.98
137.21	20.6
138.67	20.6
141.26	20.6
143.46	15.6
145.48	13.58
146.67	13.58
147.2	13.75
147.3	13.75
149.86	13.75
150.25	8.62
153.57	10.32
155.57	10.32
156.34	10.32
158.2	13.95
159.33	13.95
160.66	13.95
162.61	30.27
165.21	29.09
165.57	29.09
165.83	29.09
167.08	3.19
170.26	3.05
172.21	3.05
175.68	3.05
177.44	24.52
179.84	24.52
179.95	24.52
180.81	31.34
182.94	31.34
183.18	25.06
184.44	25.06
187.55	22.0
189.65	22.0
191.19	22.0
193.26	29.27
195.4	19.39
195.64	19.39
196.39	19.39
199.39	29.63
201.09	29.63
201.96	29.63
204.1	29.75
206.36	29.75
208.29	29.75
208.43	10.22
211.29	10.22
212.12	10.22
214.05	22.59
215.7	22.59
218.35	31.19
220.39	31.19
220.61	2.89
223.99	9.42
227.02	9.42
227.28	9.42
227.93	6.73
230.04	6.73
231.83	26.98
233.22	26.98
233.38	26.98
236.49	18.98
236.89	29.26
240.09	29.26
241.84	29.26
243.88	21.35
244.91	21.35
247.32	24.27
250.7	24.27
