0.84	4.15
3.14	1.03
3.92	1.03
5.87	17.25
7.65	17.25
10.6	17.25
12.46	14.63
13.55	14.63
14.33	16.11
15.27	16.11
17.17	16.11
18.16	14.85
20.02	14.85
20.31	7.92
20.47	28.63
23.53	28.63
24.35	19.97
25.19	19.97
25.64	24.46
28.15	24.46
28.7	24.46
31.54	28.25
33.47	28.25
35.14	28.25
37.07	2.35
37.73	22.56
38.24	22.56
39.35	22.56
41.13	15.74
44.46	30.92
45.92	30.92
47.5	30.92
48.02	7.69
51.19	11.86
54.56	11.86
54.77	11.86
58.11	12.46
59.45	12.46
59.77	12.46
61.31	28.62
63.15	13.99
66.41	13.99
67.55	18.3
68.43	14.59
71.54	14.59
73.22	14.59
75.07	27.67
77.65	9.78
78.2	9.78
80.71	9.78
83.18	24.21
83.77	20.79
84.77	20.79
86.29	20.79
88.29	0.65
90.17	18.91
92.87	31.52
95.99	31.52
99.26	28.01
100.72	28.01
100.83	18.91
102.31	18.91
104.79	18.91
105.19	4.58
106.54	4.58
107.98	4.58
108.34	5.2
109.35	5.91
111.75	5.91
113.44	18.32
115.95	18.32
118.02	18.32
120.21	11.86
122.68	11.86
123.07	11.86
124.51	19.1
125.28	13.99
126.66	13.99
126.96	13.99
127.61	16.31
127.75	22.28
130.94	27.21
132.36	4.6
134.22	4.6
135.49	24.24
138.86	4.82
139.09	4.82
140.87	7.67
141.54	7.67
144.25	7.67
147.09	2.99
148.28	2.99
149.77	12.73
150.21	12.73
150.65	12.73
151.37	2.95
152.76	2.95
155.49	2.95
158.36	22.34
161.77	22.34
164.53	19.79
167.73	19.79
168.01	24.75
170.57	24.75
171.98	21.79
173.03	21.79
174.67	21.79
175.11	14.71
176.89	14.71
177.47	30.8
178.43	30.8
181.92	28.08
183.9	28.08
184.6	28.08
185.5	15.47
185.88	15.47
188.5	15.47
190.41	13.95
193.32	13.95
193.81	27.49
195.43	17.23
197.68	17.23
201.13	0.82
202.72	0.82
203.48	0.82
204.03	9.59
206.73	9.59
207.36	29.97
209.62	29.97
210.72	29.97
214.11	10.04
214.82	13.02
216.9	13.02
217.48	20.73
219.87	20.73
221.93	12.74
224.33	12.74
227.4	12.74
229.67	26.61
230.26	26.16
230.71	7.47
232.04	14.22
234.28	4.08
237.21	4.08
239.44	3.46
240.52	3.46
243.75	22.18
244.63	22.18
246.53	12.02
249.74	3.75
250.67	4.14
