0.48	28.2
2.15	28.2
5.52	5.44
7.4	20.42
9.17	22.66
10.04	22.66
10.61	22.66
11.44	25.75
13.49	16.33
16.74	16.33
18.46	16.33
19.79	3.86
21.41	3.86
24.07	29.89
24.99	29.89
28.37	29.89
31.75	5.38
35.18	5.38
38.63	5.38
38.74	29.96
41.18	3.63
42.77	3.63
42.96	3.63
45.54	28.59
47.92	28.59
50.36	29.0
51.82	29.0
55.19	16.96
56.18	16.96
58.76	16.96
61.18	17.0
61.52	17.0
64.83	17.0
67.23	13.93
70.61	13.93
72.07	13.93
73.54	11.84
75.73	5.23
76.53	5.23
78.54	28.59
80.08	19.27
82.98	19.27
85.33	19.27
86.19	23.97
88.21	21.73
91.65	21.73
94.4	2.1
96.28	2.1
97.24	16.19
97.95	20.27
100.92	13.93
101.31	13.93
101.65	13.93
104.62	9.49
107.43	18.73
109.79	18.73
111.18	2.19
113.79	16.05
114.89	16.05
115.17	16.05
115.54	12.13
116.16	0.38
117.73	2.89
118.41	2.89
121.82	2.89
124.44	25.56
127.59	8.66
129.8	8.66
130.11	8.66
133.51	29.83
135.48	29.83
138.0	5.53
140.61	0.57
142.96	0.57
145.83	11.31
148.88	11.31
150.71	7.89
151.89	7.89
155.04	7.89
157.08	9.72
159.23	9.72
162.34	9.72
165.41	31.49
168.61	26.32
170.27	26.32
171.8	26.32
174.61	13.3
176.14	22.38
178.16	22.38
180.23	22.38
182.75	2.22
185.35	2.22
188.77	21.92
190.16	22.06
190.96	4.39
191.35	17.43
191.55	16.2
192.66	16.2
194.99	25.72
196.06	25.72
198.37	9.9
199.06	9.9
201.34	29.69
204.22	29.69
207.35	29.69
207.84	15.15
210.14	15.15
213.21	31.4
213.53	31.4
215.06	31.4
217.53	17.73
219.63	17.73
219.78	12.47
220.58	16.31
221.8	16.31
224.61	16.31
226.84	3.85
230.13	3.85
231.04	3.85
232.51	6.19
235.75	6.19
235.96	6.19
237.36	27.28
238.8	16.74
242.18	3.47
242.51	3.47
243.8	3.47
244.07	12.31
244.25	10.68
246.56	11.88
249.87	14.96
252.89	18.33
