0.66	14.88
1.98	14.88
2.97	19.96
3.19	19.96
6.67	11.14
7.26	11.14
9.57	19.04
10.54	26.48
12.34	26.48
13.64	26.48
14.03	6.27
15.38	7.49
15.78	7.49
16.98	27.83
18.63	7.66
21.14	7.66
23.06	11.15
23.3	11.15
25.55	21.7
28.09	21.7
28.54	17.65
30.95	17.65
31.5	25.28
32.31	8.44
32.45	8.44
33.3	24.37
36.69	24.37
40.12	10.25
42.1	21.35
42.36	21.35
44.12	21.86
45.17	21.86
47.21	28.35
49.94	31.6
51.39	3.82
54.08	3.82
57.55	3.82
57.69	17.19
57.94	17.19
60.58	29.66
62.63	29.66
65.87	9.33
68.72	1.58
71.18	23.37
73.67	23.37
74.14	23.37
77.04	9.7
78.6	9.7
81.61	12.18
84.46	12.18
86.63	12.18
87.62	20.62
88.69	20.62
92.09	20.62
92.96	20.5
93.53	20.5
94.02	15.26
94.34	15.26
97.26	15.26
98.5	7.77
100.97	7.77
102.81	7.77
106.23	23.89
106.44	23.89
109.93	1.67
113.41	7.23
115.93	27.05
116.69	29.99
120.08	29.99
123.04	29.99
125.96	22.36
126.46	22.36
127.29	22.36
128.16	27.81
128.68	27.81
129.41	27.81
130.04	1.44
132.2	1.44
134.99	24.49
136.55	24.49
138.58	15.98
139.21	15.98
141.35	22.31
144.61	22.31
144.85	20.19
145.77	20.19
146.27	12.87
148.56	12.87
149.01	12.87
151.59	28.91
153.65	18.72
156.25	18.72
158.43	18.72
160.88	14.94
161.08	1.96
162.36	17.75
164.88	25.33
165.35	25.33
166.86	15.85
167.34	15.85
170.04	15.85
170.83	3.66
171.04	3.66
172.5	31.96
174.3	10.17
176.27	10.17
179.48	27.55
182.3	3.47
184.33	3.47
185.01	27.4
187.81	27.4
190.04	27.4
193.48	5.49
194.19	27.83
197.23	27.83
200.32	27.83
202.58	21.62
206.02	21.62
206.78	23.93
207.35	8.21
208.79	11.9
211.57	11.9
214.79	27.67
218.04	19.73
218.64	17.76
219.13	3.3
219.77	3.3
223.08	0.35
226.1	10.17
227.6	10.17
229.84	10.17
230.9	26.32
233.44	26.32
234.47	6.81
236.74	20.53
238.79	22.18
240.57	13.34
242.48	13.34
244.29	13.34
244.66	21.45
244.93	21.45
247.23	28.24
247.55	28.24
247.96	28.24
249.55	3.76
251.5	31.83
