1.08	3.8
1.98	23.27
5.32	23.27
6.42	28.71
8.7	28.71
8.91	28.71
9.7	31.35
11.69	10.09
12.28	4.5
14.16	4.5
15.4	15.44
18.66	15.44
20.2	15.44
22.74	28.25
25.24	28.25
26.34	26.17
26.95	26.17
27.6	19.4
28.15	19.4
28.76	19.4
29.22	18.24
29.62	10.51
31.63	10.51
33.25	10.51
35.31	7.17
36.83	7.17
39.03	9.66
39.31	9.66
40.45	29.29
41.96	29.29
42.45	4.14
43.46	4.14
44.4	4.07
46.62	2.83
47.15	2.83
48.69	23.56
51.69	8.31
52.75	11.18
54.79	11.18
56.67	11.18
57.54	6.29
58.94	29.68
62.4	12.04
64.0	13.04
65.83	13.04
68.72	13.04
70.67	0.63
73.05	10.31
73.26	10.31
75.35	10.35
78.77	27.4
81.23	27.4
83.89	27.4
86.66	12.54
89.9	12.54
93.33	12.36
93.57	12.36
95.31	22.37
97.93	22.37
100.15	22.37
103.26	31.19
105.32	31.19
106.94	31.19
110.39	14.84
113.33	14.84
114.03	28.72
116.0	28.72
118.54	28.72
119.19	27.09
120.75	9.17
124.1	30.62
126.45	30.62
129.84	19.68
133.23	30.74
133.76	5.98
136.41	5.98
139.57	1.16
142.45	1.16
144.28	25.67
147.02	17.18
147.83	17.18
151.08	30.22
153.51	30.22
156.01	30.22
159.08	13.13
162.28	13.13
164.96	13.13
166.36	28.16
168.74	7.41
171.18	17.49
173.39	17.49
174.07	17.49
177.2	1.11
180.19	1.11
180.95	21.32
182.34	21.32
183.78	21.32
184.3	25.76
184.91	25.76
186.24	5.88
188.26	5.88
190.08	5.88
192.17	2.16
193.93	2.16
196.92	2.16
199.8	28.0
201.69	28.0
203.89	28.0
204.55	31.29
207.43	18.45
208.06	18.45
208.29	4.24
211.01	4.24
213.4	4.24
215.68	5.7
218.03	4.94
218.34	4.94
221.69	31.29
222.72	10.41
224.99	10.41
225.89	14.27
228.02	5.41
231.44	5.41
234.25	24.09
236.73	24.09
239.29	24.09
241.17	27.74
241.87	27.74
244.89	27.08
247.29	5.82
249.77	5.82
251.96	5.82
