2.65	7.83
4.38	0.33
5.31	5.86
5.57	5.86
7.57	11.91
9.19	29.95
10.65	29.95
13.39	14.64
15.24	14.64
15.71	5.39
17.22	5.39
18.02	9.09
21.48	9.09
22.89	6.73
24.1	11.53
24.94	11.53
28.28	11.53
30.85	1.07
32.57	31.7
33.33	6.23
34.04	6.23
34.15	16.56
36.67	16.56
39.28	31.26
41.63	8.53
44.38	8.53
44.83	8.53
48.12	27.03
50.47	27.03
53.97	13.82
56.84	13.82
60.12	27.94
60.93	27.94
61.75	9.7
64.85	9.7
66.4	10.46
69.75	31.91
73.03	31.91
75.2	31.91
77.45	4.34
79.51	24.47
82.54	24.47
85.19	10.13
87.96	10.13
88.87	16.57
90.5	16.57
92.53	25.27
93.06	25.27
95.88	3.56
96.63	3.56
99.02	31.64
101.66	31.64
104.35	31.64
104.65	13.18
107.66	6.79
110.99	29.38
112.98	29.38
116.46	29.38
118.97	28.19
121.99	4.0
123.94	4.0
124.76	4.77
125.43	4.77
128.29	4.77
131.49	15.41
133.59	15.41
134.1	15.04
136.02	31.83
137.22	31.83
140.59	30.34
142.2	30.34
142.88	30.34
143.15	3.59
144.85	3.45
145.02	3.45
146.09	3.39
146.29	3.39
147.74	3.39
151.24	8.12
154.34	8.12
155.67	1.07
158.14	1.07
158.62	17.72
161.13	9.1
161.5	9.1
164.68	9.1
167.36	27.7
168.84	27.7
171.56	27.7
172.93	8.95
174.8	8.95
176.8	9.25
178.45	9.25
179.62	12.03
182.29	12.03
183.16	12.03
186.54	11.04
186.74	2.08
188.83	15.4
190.61	25.14
193.37	25.14
196.23	5.77
198.64	5.77
199.94	15.4
202.28	15.4
202.87	15.4
203.97	7.46
206.44	7.46
209.08	23.16
210.3	23.16
213.27	23.66
213.9	4.0
214.98	4.0
215.2	9.15
216.45	9.15
216.87	9.15
219.42	23.53
221.95	23.53
222.99	23.53
226.45	30.45
227.51	2.71
229.11	2.71
231.87	2.71
232.3	7.72
234.55	7.72
235.04	7.72
237.3	7.44
240.02	7.44
242.78	7.44
246.19	6.41
246.35	6.41
248.29	6.41
250.46	15.22
