3.45	12.48
4.7	12.48
5.6	11.03
6.22	11.03
8.4	17.64
8.67	0.95
11.55	0.95
13.87	0.95
16.1	20.86
19.24	20.86
19.47	8.32
20.16	8.32
21.41	0.23
23.68	0.23
24.72	0.23
25.81	13.13
28.4	13.13
28.98	10.01
29.95	10.01
31.16	10.01
34.2	2.13
35.61	2.13
36.46	2.13
37.89	0.6
39.83	25.34
43.08	25.34
43.5	3.8
43.96	3.8
47.31	24.61
48.92	24.61
49.32	14.51
51.79	14.51
55.1	9.43
55.82	4.49
58.89	4.49
59.7	24.18
60.02	24.18
61.68	28.24
62.41	28.24
63.16	28.24
66.24	7.26
68.92	7.26
69.08	7.26
71.79	11.86
72.77	11.86
75.3	20.72
76.65	20.72
78.34	20.72
80.65	28.44
81.35	28.44
83.52	4.21
85.89	4.21
86.07	4.21
89.42	0.79
91.44	23.47
92.78	3.41
95.42	3.41
96.8	8.22
97.68	8.22
98.68	4.45
101.37	4.45
101.7	24.95
104.09	24.95
104.59	27.09
104.82	4.22
106.06	4.22
109.52	4.22
111.48	29.26
112.68	29.26
114.6	27.67
115.18	27.67
115.74	3.64
116.81	5.24
119.99	5.24
121.46	5.24
124.37	18.66
127.58	28.5
130.44	28.5
132.81	21.77
133.78	19.26
136.34	14.12
137.07	14.12
140.48	14.12
140.84	14.4
141.09	31.12
142.27	31.12
143.0	28.88
143.77	28.88
145.62	28.88
147.87	24.41
148.08	24.41
151.21	21.31
152.32	21.31
155.54	23.49
158.19	23.49
160.28	23.49
162.99	31.25
165.24	31.25
165.73	31.25
166.12	22.1
166.29	22.1
168.69	22.1
169.09	13.04
169.63	13.04
170.35	13.04
171.32	15.33
174.36	5.37
175.19	5.37
178.61	29.84
180.47	29.84
181.88	29.84
182.85	11.05
184.7	11.05
187.48	11.05
190.51	16.16
192.19	17.74
194.16	17.74
195.16	17.74
197.77	9.24
198.14	9.24
200.95	9.24
204.08	24.61
207.33	24.61
208.5	24.61
209.12	6.03
212.48	6.03
213.78	6.03
216.81	29.06
219.84	29.06
222.4	22.77
224.39	29.92
225.3	29.92
227.74	11.3
227.9	11.3
229.6	11.3
230.39	8.94
233.15	8.94
236.32	8.94
239.39	12.14
239.51	12.14
240.9	24.53
241.5	2.97
242.55	20.03
244.38	22.65
246.23	23.71
248.04	23.71
251.46	23.71
