2.67	14.1
4.0	21.54
5.78	21.54
6.59	18.33
9.88	1.83
10.59	1.83
12.05	1.83
14.62	15.91
14.97	15.91
18.0	15.91
20.63	17.09
23.62	17.09
25.15	18.26
25.79	12.33
26.27	12.33
26.52	29.56
27.22	29.56
29.51	29.56
30.35	8.41
32.71	23.03
34.67	23.03
35.16	23.03
37.73	3.92
39.58	8.13
41.84	21.66
44.33	21.66
45.35	21.66
45.59	4.77
45.99	31.7
48.96	31.7
50.29	31.7
52.51	26.03
54.72	26.03
57.58	9.1
59.41	9.1
61.47	9.1
63.24	21.34
65.37	21.34
66.09	21.34
67.92	28.05
70.9	28.05
72.24	28.05
74.74	22.69
76.79	20.8
77.56	20.8
79.83	20.8
82.52	5.49
84.54	22.18
86.94	29.66
87.22	8.62
89.12	0.73
92.04	6.33
94.22	6.33
97.36	4.32
100.34	4.32
103.37	4.32
105.16	27.93
108.33	27.93
110.85	11.25
111.63	5.67
112.74	5.67
114.69	5.67
117.79	21.64
119.45	13.68
122.92	10.37
125.01	10.37
128.17	18.98
129.03	18.98
132.11	18.98
135.38	13.26
137.35	13.26
138.28	13.26
139.03	24.29
139.98	24.29
141.57	24.29
143.14	17.19
146.35	17.19
148.68	7.94
151.65	7.94
154.28	7.94
154.47	15.92
155.48	28.3
156.2	28.3
156.39	9.12
157.5	9.12
158.28	9.12
158.78	25.95
160.66	28.65
160.93	17.74
163.24	26.12
165.36	27.95
165.77	27.95
168.28	8.38
168.9	8.38
171.24	8.38
172.41	11.36
175.45	26.6
178.41	26.6
179.31	26.6
182.53	26.75
186.03	26.75
186.89	26.75
187.77	9.0
190.38	9.0
191.84	9.0
194.78	1.98
198.08	1.98
199.64	1.0
201.24	19.53
201.59	31.0
204.04	15.98
204.52	15.98
207.97	3.08
210.18	3.08
210.89	1.18
212.7	1.18
213.66	1.18
217.1	12.13
218.87	12.13
221.42	24.04
222.46	22.79
223.56	22.79
224.58	28.73
226.63	28.73
228.04	28.73
229.71	11.78
230.9	15.19
231.74	15.25
232.26	15.25
235.65	15.25
239.01	22.08
242.0	22.08
245.28	1.76
246.99	1.76
247.82	29.97
247.99	29.97
251.36	15.45
