3.42	4.53
5.19	4.53
8.54	4.53
11.28	24.25
13.46	24.25
15.06	24.25
15.88	28.92
18.49	28.92
20.14	28.92
22.09	14.99
22.71	14.99
22.96	14.99
24.11	28.47
24.67	28.47
27.31	7.16
29.22	1.99
30.59	1.99
33.85	1.99
34.1	25.38
35.57	25.38
37.89	26.76
40.63	26.76
40.79	26.33
41.52	26.33
42.71	26.33
43.07	25.81
44.75	22.01
45.27	10.0
48.09	10.0
51.12	10.0
54.1	29.85
55.27	29.85
56.27	29.85
57.67	11.72
59.26	11.72
60.71	11.72
63.46	28.02
65.15	28.02
68.52	28.02
69.67	7.14
71.85	7.14
72.14	32.0
73.56	13.08
73.71	17.06
74.14	17.06
76.54	26.91
79.39	26.91
81.6	26.91
84.51	10.26
84.91	25.61
85.37	25.61
85.47	26.49
88.97	7.18
89.31	7.18
89.72	12.11
92.08	7.43
94.36	1.99
97.39	1.99
99.61	22.73
101.78	22.73
102.44	22.73
102.77	5.22
103.8	5.22
106.65	26.24
107.99	26.24
109.29	10.43
110.18	10.43
111.95	8.0
115.07	2.86
116.36	2.86
118.14	2.86
119.39	31.97
120.06	31.97
122.52	31.97
124.98	30.79
125.34	30.79
128.69	23.62
130.41	23.62
132.22	17.01
132.89	17.01
134.81	7.57
136.65	1.82
137.72	16.32
137.9	13.72
138.88	13.72
140.32	13.72
143.02	26.27
145.31	8.01
146.26	8.01
147.05	11.48
148.39	11.48
151.66	27.07
152.21	27.07
154.74	30.42
156.73	18.89
157.93	18.89
159.98	18.89
161.98	19.85
162.95	19.85
165.33	25.02
166.86	25.02
169.73	25.02
172.03	10.31
174.06	14.1
176.58	21.9
179.33	27.74
182.15	27.74
184.67	27.74
185.79	11.03
189.24	18.52
191.28	18.52
194.28	29.1
197.64	12.22
198.85	28.7
200.96	7.7
202.57	25.18
204.16	25.18
205.98	12.72
208.69	25.85
211.98	25.85
213.46	25.85
215.34	9.35
217.15	20.75
218.35	20.75
221.71	26.23
224.63	12.06
225.72	12.06
226.82	13.67
228.88	13.67
230.34	7.0
233.2	7.0
236.35	3.21
238.42	3.51
239.88	3.51
240.91	19.68
243.93	19.68
246.79	19.68
248.0	28.09
249.63	15.57
252.89	15.57
