2.74	11.24
5.86	11.24
7.28	11.24
9.91	29.15
10.27	29.15
11.2	29.15
11.82	19.95
14.1	19.95
17.59	26.65
21.07	10.25
22.17	10.25
23.49	18.87
24.93	9.85
26.95	9.85
28.41	8.33
30.6	8.33
32.38	31.83
35.19	31.83
36.03	31.83
36.17	5.85
39.32	23.36
41.11	18.2
43.69	23.92
45.06	23.92
46.83	15.09
48.66	15.09
49.83	11.74
53.19	11.74
53.89	26.56
55.24	26.56
57.94	2.77
58.61	2.77
59.71	18.65
62.43	18.65
65.58	18.65
67.02	11.3
68.19	11.3
70.81	0.94
73.34	6.06
74.05	6.06
75.43	6.06
78.1	9.65
78.25	9.65
81.42	9.65
83.97	24.4
84.62	24.4
85.42	20.23
86.8	20.23
89.02	31.37
89.49	31.37
90.31	20.2
93.65	20.2
95.61	20.2
96.35	21.87
97.36	21.87
100.27	21.87
102.0	12.6
104.14	12.6
107.0	12.6
108.77	17.89
109.79	6.1
112.26	6.1
113.89	7.48
114.21	7.48
115.91	6.5
118.67	28.17
120.71	28.17
121.87	8.22
123.91	30.96
127.33	30.96
129.15	30.96
130.03	30.04
131.95	30.04
132.11	9.52
133.33	9.52
134.98	22.24
136.99	14.03
138.68	14.03
139.1	16.78
140.46	16.78
142.58	16.78
142.87	0.72
144.14	0.72
145.25	10.64
146.19	20.46
149.38	20.46
152.03	20.46
154.61	28.06
156.27	28.06
159.74	6.09
163.0	21.63
165.91	5.32
169.04	5.32
172.35	5.32
175.39	10.67
177.77	10.67
180.26	31.84
183.09	18.15
184.87	18.15
186.57	18.45
189.49	28.21
190.03	28.21
190.35	28.21
193.08	20.62
194.44	13.44
195.66	23.94
196.58	10.69
199.88	10.69
202.53	10.69
205.68	22.31
207.0	22.31
209.05	22.31
212.39	24.17
214.52	24.17
217.52	16.65
220.88	28.21
223.01	28.21
225.43	27.63
226.53	27.63
226.72	2.37
229.62	16.02
229.88	16.02
232.51	23.74
235.26	23.74
236.2	23.74
238.71	11.19
239.51	8.83
242.68	8.83
243.27	8.83
245.81	2.61
246.03	2.61
247.34	24.62
248.54	16.34
250.3	15.59
