2.07	8.04
5.42	8.04
8.48	23.18
10.47	23.18
13.52	16.42
13.75	16.42
14.76	26.96
15.52	21.14
16.48	21.14
19.9	18.03
21.07	23.26
22.09	23.26
24.59	4.83
26.93	8.9
28.71	8.9
29.07	8.9
31.49	12.6
34.11	12.6
36.16	30.19
38.06	26.97
39.56	10.15
40.68	15.88
41.19	15.88
43.23	15.88
46.32	11.09
48.05	19.11
50.55	19.11
52.12	20.61
55.21	20.61
57.48	19.04
60.58	19.04
61.41	31.65
63.85	18.65
65.37	31.77
67.77	31.77
69.96	31.77
71.79	11.44
71.89	13.69
75.15	13.69
77.74	30.63
80.67	30.63
82.28	30.63
84.34	30.92
85.12	30.92
87.54	30.92
90.71	11.0
93.48	24.83
94.55	24.83
96.58	21.66
98.02	27.04
98.59	27.04
98.73	27.04
100.71	17.26
101.06	17.26
102.16	9.95
104.07	9.95
105.23	15.79
108.46	15.79
108.94	21.87
111.29	3.65
111.67	17.36
113.13	17.36
113.63	17.36
114.55	21.95
115.34	21.95
116.8	26.58
118.12	15.48
120.48	15.48
121.54	15.48
122.77	10.75
123.12	10.75
125.04	27.08
126.24	27.08
127.61	2.22
129.18	2.22
132.53	3.51
135.62	13.94
138.63	13.94
141.5	13.94
142.64	18.06
145.48	18.06
148.5	18.06
149.38	5.12
151.65	5.12
152.1	30.99
155.03	30.99
155.43	8.79
158.29	3.91
160.52	3.91
163.7	3.91
167.18	29.08
168.99	29.08
169.95	8.73
173.43	8.73
176.09	11.84
176.35	24.09
179.77	26.79
180.64	26.79
180.78	21.27
181.08	21.27
181.19	21.27
184.56	31.42
186.49	24.29
189.66	24.29
192.17	24.29
192.93	8.06
194.04	19.59
194.98	19.59
195.49	19.59
198.93	6.16
200.57	22.48
201.58	22.48
204.24	4.07
206.84	4.07
209.16	14.2
209.59	14.2
210.04	15.84
210.33	15.84
211.57	21.66
214.89	21.66
218.19	29.55
220.02	29.55
222.03	29.55
222.35	10.49
225.45	10.49
227.33	12.98
229.13	12.98
231.97	12.98
235.26	11.15
238.02	14.29
241.23	14.29
241.55	29.07
242.02	29.07
243.37	10.18
245.96	10.18
248.14	10.18
249.19	20.38
250.67	22.35
