2.06	29.81
2.53	29.81
3.01	29.81
4.2	26.49
4.43	26.49
4.77	26.49
5.91	25.6
8.62	0.83
8.9	0.83
10.36	0.83
12.46	19.2
13.42	19.2
14.23	17.22
16.65	17.22
17.57	17.22
20.35	18.46
23.71	18.46
24.75	18.46
27.23	17.92
29.85	17.92
32.02	17.92
35.43	14.72
37.7	14.72
39.68	29.96
43.11	22.1
43.81	22.1
44.17	22.1
45.91	20.19
47.9	20.19
49.71	20.19
52.08	22.72
54.82	22.72
57.02	11.42
57.47	11.42
59.11	31.42
60.21	31.42
62.88	31.42
65.46	23.27
65.77	23.27
67.98	23.27
71.02	26.89
72.42	26.89
74.79	21.99
76.38	21.99
78.92	12.02
81.55	12.02
83.66	24.33
85.12	24.33
85.81	9.14
87.24	9.14
90.38	9.14
91.24	0.26
94.1	0.26
95.62	0.26
96.14	9.94
99.44	9.94
99.7	9.94
101.55	17.91
103.86	17.91
106.36	17.91
106.73	30.86
107.17	30.86
108.96	0.76
110.77	0.76
111.79	18.5
114.85	18.5
115.22	23.56
115.51	23.56
115.9	23.56
116.89	15.99
117.55	15.99
119.37	15.99
121.11	11.94
123.08	11.94
126.13	17.59
127.42	17.59
127.63	21.26
130.12	26.85
131.54	17.79
132.22	15.15
132.39	16.23
132.51	2.36
133.81	2.36
136.45	19.72
139.83	19.72
140.97	17.14
141.55	17.14
144.97	4.55
145.17	4.55
148.36	9.9
149.42	9.9
150.12	27.42
153.34	27.42
156.69	27.42
157.24	18.04
157.72	18.04
160.09	18.04
161.12	23.82
163.19	28.69
163.86	28.69
167.31	28.69
170.78	24.17
171.07	24.17
172.7	24.17
173.26	2.99
174.43	2.99
175.47	2.99
176.1	4.37
177.23	29.48
179.33	29.48
182.78	29.48
185.96	19.5
187.47	1.4
189.43	18.68
190.28	18.68
191.48	18.68
192.37	14.54
194.76	14.54
197.8	14.54
199.07	29.57
200.49	29.57
201.3	19.97
204.33	19.97
206.89	16.35
210.04	16.35
210.33	16.35
213.29	19.27
214.65	19.27
216.97	4.74
217.96	20.94
220.84	20.94
222.05	2.58
222.18	10.72
224.05	10.72
225.4	15.8
225.63	15.8
227.71	1.19
229.27	4.68
230.39	4.68
233.89	4.68
234.98	10.55
235.8	10.55
237.61	15.36
238.41	15.36
239.75	25.57
243.14	25.57
245.16	25.57
246.76	11.87
247.34	11.87
247.45	11.87
247.91	17.95
250.63	9.69
