3.27	0.82
4.46	0.82
6.61	18.18
6.83	18.18
7.23	8.48
9.99	8.48
13.21	8.41
14.86	8.41
16.78	8.41
17.14	17.31
17.71	17.31
19.05	2.32
21.74	2.32
22.33	2.32
23.69	7.76
25.45	7.76
27.28	19.22
29.42	19.22
32.3	31.73
33.37	10.48
36.45	10.48
39.42	29.17
40.22	29.17
41.76	29.17
45.23	9.48
45.48	27.02
48.66	8.46
48.78	11.79
50.32	11.79
53.58	15.53
56.4	21.98
59.48	21.98
61.42	21.98
64.58	22.79
67.14	22.79
68.16	9.85
70.93	6.11
74.31	6.11
77.58	6.11
78.03	9.45
79.85	9.45
80.77	9.45
81.64	18.65
84.15	8.21
86.19	8.21
87.39	8.21
89.28	5.76
89.56	12.63
90.7	28.46
93.11	28.46
94.35	28.46
97.56	6.12
97.86	15.79
99.66	6.15
101.31	6.15
103.34	11.88
105.64	11.88
106.83	11.88
109.31	27.09
111.48	27.09
112.3	12.56
112.92	12.56
115.25	25.05
118.25	29.15
119.61	29.15
120.23	23.14
121.59	23.14
123.01	5.87
125.15	19.52
127.68	19.52
128.71	19.52
129.15	4.99
129.66	4.99
131.92	4.99
132.94	15.42
135.79	15.42
137.04	15.42
138.84	26.6
140.51	16.73
142.72	16.73
145.79	31.14
146.85	31.14
149.66	23.0
150.26	23.0
151.7	23.0
154.47	23.27
154.68	8.04
155.63	8.04
158.34	8.04
161.24	15.15
161.99	15.15
162.9	15.15
165.37	18.57
165.72	14.79
167.43	14.79
169.56	14.79
171.84	5.54
172.4	5.54
173.08	5.54
174.68	10.18
177.18	18.23
177.89	18.23
179.64	1.0
181.59	1.0
183.02	1.0
184.75	22.16
186.16	22.16
187.53	22.16
187.98	27.23
191.32	27.93
191.84	27.93
194.4	10.32
196.72	10.32
200.04	22.57
201.49	22.57
204.91	25.6
206.3	25.6
207.17	13.0
209.11	13.0
212.31	23.01
213.56	23.01
216.06	23.01
218.77	10.86
219.0	10.86
219.94	10.86
222.09	28.98
223.24	28.98
224.88	19.3
225.95	19.3
228.16	24.26
228.86	24.26
229.02	24.26
230.76	14.36
232.71	25.96
233.86	25.96
235.63	3.09
238.19	3.09
240.81	28.23
242.76	28.23
243.22	18.41
245.72	12.53
246.87	12.53
248.88	21.94
251.14	21.94
