1.89	17.8
2.2	17.8
4.72	17.8
5.95	29.27
6.66	29.27
6.84	29.27
9.71	17.29
10.12	17.29
11.8	17.29
14.33	20.83
16.06	20.83
16.79	5.69
20.15	5.69
22.4	5.69
24.47	16.16
27.05	16.16
27.97	16.16
28.63	26.69
30.5	26.69
33.65	26.69
34.0	22.03
35.38	22.03
37.76	22.03
40.76	30.48
41.18	31.8
41.84	13.74
42.31	13.74
45.33	29.12
46.82	29.12
49.6	29.12
50.72	32.0
52.22	32.0
53.57	11.47
56.8	11.47
60.29	11.47
62.74	13.22
65.95	10.47
67.9	10.47
71.13	31.99
72.3	31.99
74.94	31.99
75.54	20.78
75.78	20.78
78.87	31.47
81.79	31.47
83.84	13.64
84.82	13.64
85.51	19.67
86.01	2.77
86.46	24.86
87.67	24.86
90.51	7.93
92.3	7.93
93.95	24.83
95.34	25.03
96.2	29.12
96.99	24.72
98.36	24.72
100.67	24.72
101.07	12.05
103.34	16.24
104.46	16.24
106.51	14.28
108.97	3.75
109.55	7.7
111.0	27.2
112.82	27.2
113.15	31.05
114.95	31.05
115.5	26.17
116.68	26.17
119.79	15.32
121.87	15.32
125.35	15.32
125.76	31.1
127.62	31.1
129.26	31.1
129.89	12.64
132.84	12.64
135.47	12.64
137.92	13.93
140.16	13.93
141.4	14.68
144.68	24.86
145.28	24.86
145.88	1.13
147.62	27.91
148.42	27.91
150.55	27.91
153.61	30.21
156.31	15.63
157.05	19.5
158.84	19.5
158.97	20.54
161.5	26.15
162.69	26.15
165.93	26.15
167.8	23.78
169.68	23.78
170.63	26.6
171.62	26.6
172.38	26.6
173.71	0.84
176.36	0.84
178.77	21.79
180.19	21.79
180.39	21.79
182.63	21.72
183.12	21.72
185.6	6.13
186.24	6.13
188.06	4.87
190.15	4.87
193.09	1.46
193.7	0.46
196.87	0.46
198.69	0.46
201.26	19.46
201.79	19.46
203.26	30.01
206.18	30.01
206.72	19.43
208.13	19.43
209.0	19.43
210.76	31.9
212.88	31.86
213.6	9.6
214.58	9.6
216.03	9.6
218.32	3.43
219.05	4.14
221.69	15.38
222.86	15.38
224.74	15.38
225.4	12.23
227.63	12.23
230.15	3.74
231.55	20.81
233.4	26.19
235.14	26.19
235.76	19.06
238.09	13.81
239.78	8.3
240.48	11.53
243.83	27.12
246.56	5.39
248.63	30.87
251.57	30.87
