2.44	19.47
4.18	19.47
7.35	16.74
10.65	30.8
13.96	30.8
15.76	27.89
16.8	14.83
17.48	14.83
20.29	14.83
23.52	24.4
26.81	11.25
29.44	11.25
32.59	11.25
33.8	22.53
36.56	0.48
36.77	29.02
40.04	29.02
42.6	13.45
45.19	13.45
45.87	31.63
47.94	13.85
51.01	9.4
52.41	9.4
55.18	20.17
57.27	20.17
59.82	20.17
62.37	17.84
62.65	25.84
65.33	25.84
68.01	1.2
69.97	1.2
70.91	26.43
72.18	26.43
74.51	26.43
77.24	10.73
77.46	26.29
78.07	26.29
80.5	5.75
83.16	5.75
84.83	5.75
85.77	20.58
87.68	21.57
88.12	27.31
88.32	27.31
90.7	21.19
93.0	21.19
94.27	21.19
96.96	16.36
99.79	16.36
100.31	4.53
100.81	4.53
101.89	4.53
102.47	0.9
105.46	3.12
106.49	3.12
108.31	17.22
108.45	17.22
110.59	7.87
113.0	7.87
113.88	7.87
115.42	13.34
116.54	21.83
119.39	28.67
121.48	28.67
121.65	28.67
123.7	5.74
125.45	5.74
127.72	8.67
130.32	8.67
132.76	6.96
135.67	6.96
138.1	16.13
139.58	16.13
142.68	16.13
143.68	28.37
146.17	28.37
149.6	28.37
151.86	29.5
155.03	4.44
158.08	8.3
160.88	8.3
164.32	12.07
165.73	12.07
166.35	7.0
169.13	7.0
172.16	7.0
173.36	0.96
173.76	9.55
174.51	9.55
176.02	22.84
179.49	22.84
180.77	22.84
183.43	1.65
184.23	1.65
187.38	1.65
190.12	15.32
191.97	15.32
195.14	20.65
196.87	20.65
197.07	20.65
198.72	28.06
200.63	0.68
201.64	0.68
204.75	8.51
205.34	8.51
205.55	22.75
207.12	22.75
209.32	22.75
210.01	12.27
212.41	7.78
215.82	7.78
219.04	7.78
220.42	19.43
223.16	24.79
224.96	2.86
226.59	2.86
229.63	2.86
230.42	4.16
231.77	4.16
232.58	4.16
234.81	2.55
237.47	2.55
240.08	17.96
242.01	17.96
243.87	21.66
244.86	21.66
245.54	21.66
246.3	2.76
246.45	21.59
247.18	21.59
248.73	7.08
249.94	14.12
251.67	14.12
