0.39	24.22
2.92	1.85
5.03	1.85
7.81	1.85
8.48	7.07
9.41	7.07
12.36	7.07
15.25	6.95
15.61	6.95
16.77	6.95
19.6	1.55
20.19	0.86
20.7	0.86
21.53	0.86
24.24	31.89
27.32	31.89
30.58	31.89
32.47	22.8
33.93	22.8
36.38	31.91
38.53	31.91
39.18	31.91
41.53	23.99
42.06	23.99
44.37	23.82
46.15	23.82
48.24	25.97
50.38	28.8
52.35	26.84
54.03	26.84
57.19	26.84
58.87	10.98
61.12	2.76
63.89	2.76
66.22	2.76
66.62	6.89
67.01	6.89
67.84	6.89
68.7	19.92
69.86	2.84
70.07	2.84
72.8	2.84
73.69	2.9
75.91	1.11
79.01	1.11
79.95	6.21
82.3	6.21
85.74	6.21
88.08	15.55
90.95	15.55
92.61	15.55
94.36	5.96
96.34	5.96
97.85	5.96
101.04	25.23
104.23	25.23
107.72	22.42
109.22	22.42
110.25	31.39
111.03	31.39
112.28	25.31
115.74	25.31
116.2	7.49
118.08	8.65
121.14	8.65
123.61	8.65
126.56	7.94
127.01	7.94
128.59	7.94
131.19	11.72
132.74	11.72
134.16	11.72
134.71	17.3
136.34	16.03
137.49	16.03
140.0	16.03
140.68	27.07
141.61	20.79
143.26	20.79
146.3	7.85
146.69	7.85
147.63	24.53
148.29	17.74
149.63	17.74
151.09	17.74
151.52	30.67
153.12	30.67
156.54	21.24
157.05	21.24
159.27	21.24
162.11	28.99
164.82	28.99
165.76	15.88
168.94	24.21
172.08	24.21
172.78	18.87
174.81	18.87
177.88	18.87
179.25	7.02
181.09	7.02
182.76	7.02
183.5	20.36
184.25	20.31
185.32	14.5
186.89	6.08
189.47	6.08
189.75	31.45
190.44	31.45
191.15	7.54
193.8	7.54
195.69	7.54
198.88	8.27
199.48	9.69
201.48	15.77
202.63	21.84
202.8	6.52
204.93	6.52
206.62	6.52
206.72	1.32
208.58	1.32
211.14	1.32
214.35	31.44
215.8	20.17
216.31	20.17
217.59	16.51
220.02	16.51
222.65	16.51
223.11	29.46
226.52	29.46
229.8	14.09
230.67	28.08
234.13	28.08
235.84	28.08
236.36	29.07
239.13	29.07
242.62	25.84
243.66	20.48
244.02	20.48
244.83	20.48
246.39	10.45
247.28	10.45
248.08	10.45
249.09	28.85
252.54	28.85
