1.75	24.34
2.52	26.07
5.46	26.07
6.67	4.36
8.81	13.76
9.92	13.76
10.63	30.42
11.08	30.42
11.28	24.21
13.67	12.23
17.01	12.23
18.05	15.87
19.72	15.87
21.18	14.03
21.69	14.03
22.63	14.03
24.44	2.18
25.56	2.18
28.21	2.18
31.44	19.41
32.5	9.91
34.12	22.75
35.76	22.75
39.15	22.75
42.48	22.84
42.82	22.84
43.35	22.84
44.66	2.28
45.76	2.28
49.21	2.28
49.58	5.39
50.47	0.38
51.43	0.38
54.03	0.38
54.91	27.69
56.3	12.66
56.71	24.7
58.7	31.34
60.31	31.34
62.19	12.8
64.26	12.8
66.33	15.49
66.61	15.49
67.38	15.49
67.78	2.38
68.21	2.38
70.11	2.38
71.61	8.2
74.51	22.92
76.31	22.92
77.05	6.59
78.51	6.59
78.86	6.59
80.41	23.12
80.69	23.12
83.42	29.5
84.39	16.47
86.72	16.47
89.85	22.16
91.13	22.16
91.28	25.39
92.23	25.39
94.15	25.39
94.68	28.49
96.11	28.49
97.36	28.49
98.01	1.99
101.04	18.43
101.65	9.99
102.15	9.99
103.23	9.99
105.9	9.83
106.51	9.83
110.0	31.04
112.78	31.04
114.34	31.04
117.49	29.88
120.54	29.88
121.03	0.72
121.91	18.82
124.71	18.82
125.7	2.67
127.04	2.67
128.23	16.35
131.41	16.35
131.59	12.54
133.1	30.9
136.05	30.9
136.31	30.9
136.7	16.18
139.79	7.04
141.51	7.04
142.47	7.04
145.55	18.9
147.92	18.9
148.02	18.9
150.99	0.61
151.96	0.61
153.53	0.61
156.68	17.22
158.68	17.22
161.9	17.22
164.52	28.45
164.95	28.45
168.44	28.45
169.11	10.46
169.29	31.77
172.45	10.0
173.37	30.98
174.66	30.98
177.48	30.98
180.92	0.95
183.22	0.95
185.4	0.95
188.66	8.73
191.17	16.25
191.82	16.25
194.64	16.25
196.17	0.44
197.59	0.44
199.84	17.8
201.54	17.8
202.59	17.8
205.32	6.72
207.67	6.72
208.43	20.08
211.4	25.24
213.86	25.24
216.79	28.36
219.88	28.36
221.3	16.67
221.63	30.39
223.05	30.39
223.2	31.69
223.48	31.69
226.35	21.76
227.96	21.76
229.36	21.76
230.63	7.78
232.23	7.78
234.1	24.38
234.86	24.38
236.33	24.38
237.64	6.69
239.55	6.69
240.97	6.69
241.94	24.85
243.91	13.01
247.2	13.01
248.34	26.88
251.69	26.88
