1.71	10.79
2.17	10.79
4.95	16.19
7.08	16.19
8.05	16.19
10.26	1.87
11.44	1.87
14.91	1.87
15.36	8.58
16.62	8.58
17.03	8.58
19.44	3.81
20.71	3.81
23.42	27.31
23.66	27.31
26.83	27.31
28.69	30.84
31.15	30.84
32.94	30.84
34.53	16.14
35.11	4.9
36.65	4.9
37.32	5.81
39.98	5.81
40.26	5.81
41.91	15.3
44.7	15.3
47.65	15.3
50.5	7.47
53.89	7.47
55.75	7.47
58.68	9.01
62.03	9.01
63.09	9.01
65.95	15.08
67.96	15.08
71.14	15.08
74.43	29.19
76.47	29.19
77.46	6.94
80.18	2.08
82.59	2.08
85.84	18.17
87.92	14.12
91.29	14.12
94.6	20.89
96.51	20.89
97.2	20.89
97.8	8.04
100.11	8.04
101.27	8.04
101.39	3.1
104.75	3.1
106.91	3.1
110.24	11.91
110.55	11.91
113.45	9.85
115.73	9.85
119.18	9.85
119.29	16.8
120.58	16.8
123.53	17.43
125.32	17.43
127.18	4.55
128.7	23.96
128.98	23.96
130.63	14.73
133.34	14.73
134.85	28.75
135.62	13.47
138.54	13.47
141.66	30.03
143.62	15.94
147.09	15.94
148.66	15.94
151.63	28.07
154.32	28.07
155.18	24.65
157.66	24.65
158.87	9.75
159.68	9.75
161.45	9.75
163.78	18.81
165.78	18.81
168.65	26.81
171.19	26.81
171.87	26.81
172.27	6.73
173.91	6.73
176.2	6.73
179.68	4.17
181.79	4.17
183.72	24.28
186.7	28.66
190.12	31.5
192.78	31.5
196.27	31.5
197.84	20.74
199.4	12.14
201.52	12.14
201.85	18.46
203.4	18.46
206.24	23.16
208.04	23.16
210.42	27.99
212.15	27.99
213.54	9.49
214.44	9.49
214.74	9.49
217.19	26.57
220.36	26.57
223.56	26.57
224.45	24.24
225.81	24.24
227.58	27.47
228.89	2.77
230.7	2.77
232.92	27.8
233.68	27.8
235.55	5.37
239.02	5.37
242.35	5.37
244.4	24.31
245.75	14.02
249.03	7.54
252.07	7.54
