2.03	28.44
5.22	28.44
7.35	3.1
10.68	3.1
11.81	3.1
15.08	22.3
16.67	22.3
17.62	22.3
20.69	3.36
21.95	3.36
23.6	31.79
24.88	31.79
27.52	20.28
29.83	20.28
32.32	17.72
32.89	0.28
36.17	0.28
38.28	10.73
40.42	10.73
42.77	10.73
44.25	24.19
46.58	24.19
48.86	22.17
49.75	14.69
51.57	14.69
54.43	14.69
54.81	6.77
55.87	6.77
59.04	25.37
61.15	25.37
62.58	8.73
63.37	8.73
65.2	8.73
67.66	29.1
68.32	29.1
68.51	29.1
70.33	27.44
71.76	4.19
75.04	4.19
78.12	25.61
81.29	25.61
84.18	26.51
86.41	26.51
87.7	26.51
91.03	23.08
93.07	18.25
96.05	18.25
96.65	5.78
99.2	5.78
100.68	28.57
102.44	17.16
105.52	17.16
107.97	17.16
108.37	27.89
109.79	27.89
111.1	27.89
114.47	19.77
115.11	9.46
116.76	5.13
117.33	5.13
120.08	5.13
121.78	11.48
122.74	11.48
123.4	11.48
126.47	8.82
129.75	8.82
133.18	8.82
134.92	7.38
136.09	7.38
137.3	7.38
139.47	14.1
142.04	27.84
143.1	27.84
146.2	27.84
148.14	18.14
148.55	18.14
151.44	2.46
154.25	2.46
155.07	30.04
157.37	30.04
160.64	20.28
162.84	20.28
164.54	9.03
166.42	9.03
169.19	9.03
172.62	6.3
173.87	6.3
176.82	6.3
177.83	31.07
179.88	31.07
182.26	28.76
184.48	20.83
186.65	20.83
186.87	20.83
188.01	1.22
190.73	28.75
191.75	0.7
192.42	0.7
194.96	0.7
197.76	9.88
199.7	9.88
202.6	9.88
204.26	13.77
207.46	7.82
208.81	7.82
211.79	7.82
215.06	21.92
215.78	21.92
216.14	27.3
217.63	27.3
218.17	27.3
218.8	27.52
222.18	30.78
225.32	30.78
228.8	28.93
231.17	28.93
233.38	22.07
234.87	2.18
237.7	2.18
238.83	2.18
240.38	24.45
241.42	24.45
242.9	22.77
243.71	22.77
245.84	1.87
247.68	1.87
250.97	1.87
