0.95	30.55
4.26	30.55
7.06	30.55
9.24	10.36
12.73	10.36
14.88	10.36
18.11	22.65
20.4	24.91
22.22	24.91
25.7	24.91
26.86	30.18
27.31	19.28
30.15	19.28
30.73	3.31
32.87	3.31
36.07	3.31
38.43	12.78
40.72	6.0
43.83	6.0
45.71	6.0
46.02	21.73
46.65	21.73
49.22	22.67
50.33	22.67
53.37	17.75
56.21	25.35
58.13	25.35
59.91	5.55
60.21	28.82
62.29	12.04
64.21	31.73
66.09	31.73
67.43	31.73
70.4	2.67
72.72	2.67
75.37	2.67
76.74	16.24
79.93	3.29
80.19	3.29
83.6	3.29
86.87	6.8
89.94	6.8
92.69	19.92
94.28	19.92
94.62	19.92
97.48	27.26
98.09	27.26
100.95	27.26
103.8	8.12
104.04	8.12
104.24	8.12
107.11	14.61
107.25	14.61
108.47	14.61
109.46	27.72
111.91	26.22
112.54	26.8
114.81	26.8
115.34	26.8
115.84	15.49
116.37	15.49
119.68	15.49
123.0	6.85
125.07	6.85
126.62	6.85
127.14	5.51
127.36	5.51
129.31	13.32
129.54	13.32
132.47	27.52
134.47	27.52
135.38	4.84
137.48	4.84
140.44	4.84
143.33	13.82
143.64	1.35
144.87	1.35
147.27	11.47
149.05	11.91
151.03	11.91
153.86	11.91
154.21	13.96
157.26	13.96
160.41	13.96
160.95	6.11
162.33	6.11
163.4	6.11
166.71	7.24
168.9	7.24
169.48	7.24
169.79	28.3
172.36	28.3
173.3	28.3
176.33	13.87
176.82	13.87
179.07	13.87
179.86	7.91
182.35	29.09
185.15	29.09
187.81	3.56
189.51	11.96
189.96	11.96
192.62	11.96
195.72	21.34
198.57	26.71
200.55	3.38
201.4	14.67
201.86	14.67
204.33	12.87
204.46	12.87
207.19	12.87
210.57	16.92
212.64	22.03
215.06	15.92
216.42	15.92
219.36	27.74
221.7	18.18
223.71	18.18
225.13	17.91
226.1	17.91
229.23	17.91
229.99	18.82
231.55	18.82
234.08	13.09
236.82	13.09
238.02	14.22
240.76	14.22
243.61	21.9
246.73	21.9
248.7	18.76
251.45	31.15
