0.93	8.69
3.77	8.69
5.98	18.92
8.73	28.6
9.24	28.6
11.26	28.6
13.68	2.39
14.76	24.23
17.09	24.23
19.24	24.23
19.37	10.51
19.81	10.51
21.02	10.51
23.97	30.02
27.08	12.86
30.23	12.86
33.35	21.62
35.8	21.62
38.25	21.62
41.57	17.59
44.27	17.59
44.57	17.59
45.58	6.55
45.86	6.55
49.25	6.13
49.36	6.13
51.96	8.54
54.29	8.54
56.52	1.46
59.47	7.26
59.6	7.26
61.9	4.31
64.3	4.31
67.31	28.39
68.53	28.39
70.93	28.39
71.1	12.18
71.92	12.18
74.35	20.27
75.82	20.27
76.97	28.47
79.67	28.47
80.42	9.58
81.53	9.58
81.78	9.58
83.69	25.81
86.67	25.81
89.8	13.07
90.48	15.55
91.99	20.13
93.5	20.13
94.55	20.13
94.9	6.57
96.36	6.57
99.67	31.38
100.22	31.38
103.71	31.38
105.33	3.68
107.11	3.68
109.78	3.68
110.48	18.12
113.37	30.06
115.26	30.06
115.65	30.06
119.11	1.08
119.35	1.08
120.26	23.0
122.33	27.22
122.68	27.22
123.67	27.22
126.99	16.66
127.97	16.66
130.32	0.76
132.25	11.85
134.88	11.85
136.75	11.85
138.0	25.86
138.12	25.86
139.2	20.62
142.07	31.39
144.33	31.39
147.28	1.17
149.71	1.17
149.86	1.17
150.43	25.44
153.61	23.65
155.79	23.65
157.88	23.65
159.76	15.72
159.93	28.85
163.4	28.85
166.65	28.85
167.1	31.95
170.32	31.95
171.66	31.95
173.23	13.91
176.41	13.91
178.22	13.99
181.44	27.49
182.21	27.49
185.65	27.49
186.5	22.71
189.69	22.71
190.12	4.14
190.42	4.14
193.6	4.14
195.8	14.12
196.07	24.46
199.19	24.46
201.6	12.23
204.51	12.23
205.21	12.23
206.88	15.09
209.29	21.33
212.32	12.34
214.58	12.34
215.56	20.52
216.99	20.52
218.23	10.94
221.64	1.02
224.26	3.17
226.82	22.19
229.5	22.19
232.81	13.33
235.47	13.33
237.09	25.45
239.58	25.45
241.41	25.45
244.36	22.51
247.25	22.51
247.36	20.23
250.43	20.23
