2.55	23.4
4.15	23.4
5.75	23.4
7.78	19.0
9.12	19.0
10.46	19.0
11.39	6.25
11.82	6.25
13.42	6.25
15.97	21.75
17.3	21.75
18.3	21.75
19.41	3.33
22.48	3.33
23.5	3.33
23.66	26.69
25.95	26.69
28.28	5.97
31.0	5.97
32.92	24.49
34.85	8.12
35.37	26.41
36.47	26.41
39.59	26.41
41.78	2.45
43.97	2.45
47.4	23.02
47.99	23.02
49.59	23.02
49.9	16.46
52.16	4.17
54.71	4.17
55.15	4.17
58.5	22.65
59.11	22.65
61.39	29.41
63.09	29.41
66.31	13.22
66.53	13.22
68.09	14.7
69.08	26.27
72.22	26.97
73.0	26.97
74.79	13.7
75.58	13.7
76.73	13.7
79.91	30.89
83.19	30.89
84.27	30.89
85.41	0.73
87.34	0.73
87.77	0.73
89.12	6.22
90.67	6.22
93.94	6.22
94.14	3.03
96.09	18.72
96.98	25.91
99.01	10.73
99.88	9.42
100.3	11.96
102.14	17.29
102.73	17.29
104.66	20.12
105.6	15.1
108.12	7.32
109.85	7.32
112.02	7.32
112.49	1.64
112.62	27.32
115.68	27.32
117.77	9.84
120.08	18.45
122.77	18.45
123.63	18.45
124.21	18.48
127.02	18.48
129.9	18.48
131.42	3.63
131.95	3.63
134.86	9.34
137.73	9.34
138.38	13.13
141.54	13.13
143.15	17.25
145.43	17.25
148.78	17.25
150.18	12.25
153.58	24.29
155.2	13.23
155.81	14.31
156.61	14.31
159.17	14.31
161.71	24.34
161.96	24.34
163.65	24.34
165.02	14.25
165.33	16.88
165.75	16.88
166.96	16.88
168.56	29.83
171.23	29.83
173.54	29.83
176.79	24.95
177.88	23.23
178.01	23.23
181.01	23.23
184.02	27.49
184.93	18.84
187.77	18.84
189.5	17.42
192.25	17.42
192.62	17.42
194.8	19.16
197.91	6.54
199.08	6.54
199.31	6.54
201.06	11.87
201.69	11.87
204.55	11.91
205.17	11.91
208.63	23.03
208.86	23.03
209.45	25.21
211.86	25.21
213.48	13.02
213.93	29.29
216.39	29.29
219.27	8.69
219.63	8.69
222.62	17.19
225.43	17.19
226.53	17.19
227.08	0.58
227.41	19.93
229.82	27.78
230.87	27.78
231.38	2.01
234.66	2.01
235.59	2.01
236.43	10.24
239.69	10.24
239.8	9.43
240.12	9.43
241.14	9.43
242.97	10.64
245.58	10.64
247.92	9.28
249.63	9.28
250.4	9.28
