1.03	0.5
4.09	0.5
5.46	19.95
6.03	19.95
8.16	19.95
8.39	22.45
9.05	25.64
9.31	25.64
10.26	25.64
13.17	7.87
16.66	7.63
19.51	14.59
19.62	14.59
20.51	14.59
21.21	9.8
23.39	9.8
25.32	29.83
26.71	8.31
27.2	3.36
28.28	3.36
29.59	21.72
29.96	21.72
31.77	21.72
34.15	0.76
37.39	26.89
39.61	26.89
39.99	26.89
42.33	11.96
44.11	7.82
46.7	7.82
48.24	2.95
49.23	2.95
50.15	3.46
53.16	20.52
55.93	20.52
56.38	20.52
59.58	20.94
60.7	21.0
61.35	21.0
64.0	21.0
66.23	24.19
67.77	24.19
68.57	31.18
71.53	26.68
73.1	29.55
76.14	29.55
79.26	21.68
82.65	21.68
85.46	10.55
87.09	2.84
90.13	25.44
92.59	25.44
94.29	23.55
97.46	23.55
100.26	23.55
102.46	2.05
105.96	2.05
108.18	29.33
111.43	29.33
111.91	22.09
113.32	22.09
115.65	12.34
118.11	12.34
120.26	12.34
122.36	15.74
123.47	8.72
125.11	8.72
127.26	10.59
129.24	30.27
132.36	4.03
132.86	9.66
135.22	9.66
137.3	28.01
140.68	28.01
142.0	28.01
144.86	5.34
147.32	5.34
150.56	29.56
150.98	29.56
153.98	7.63
154.09	7.63
155.51	17.57
157.42	23.05
160.12	23.05
162.82	23.05
163.94	12.94
165.17	12.94
167.78	5.16
169.04	24.03
170.96	24.03
171.56	24.03
172.2	17.56
174.47	31.11
177.53	31.11
180.12	16.98
183.37	16.98
186.62	7.9
189.29	8.34
192.39	8.34
193.12	8.34
194.13	22.51
196.5	26.3
198.28	21.26
200.69	21.26
201.81	13.65
204.22	13.65
205.84	8.23
208.09	8.23
208.49	8.23
210.68	17.47
211.27	17.47
211.55	27.76
213.73	3.69
216.5	3.69
218.14	26.14
220.72	26.14
221.61	26.14
222.16	1.19
224.8	1.15
225.21	1.15
226.04	1.15
229.41	20.49
230.44	20.49
232.03	20.49
232.5	5.31
235.97	28.91
237.04	11.93
240.2	19.08
243.53	19.08
246.17	19.08
246.59	9.28
247.11	28.71
247.71	28.71
251.05	28.71
