3.36	0.36
4.63	0.36
6.61	0.94
9.01	0.94
9.95	0.46
12.58	0.8
13.74	0.8
15.41	0.8
15.91	0.8
17.13	0.93
18.12	0.58
18.83	0.58
19.31	0.27
21.03	0.27
23.77	0.64
25.59	0.42
26.24	0.69
27.23	0.31
30.64	0.31
31.39	0.7
33.21	0.7
34.14	0.82
36.41	0.63
37.04	0.63
38.26	0.63
39.77	0.37
40.38	0.87
42.98	0.87
43.81	0.34
46.77	0.34
48.38	0.34
51.81	0.42
54.52	0.42
54.98	0.42
58.04	0.88
60.7	0.88
61.09	0.73
63.82	0.73
64.09	0.73
67.17	0.83
69.15	0.84
72.53	0.45
74.46	0.45
75.58	0.45
77.39	0.89
77.59	0.89
79.96	0.89
81.71	0.88
81.98	0.88
82.86	0.88
84.46	0.88
85.88	0.6
86.86	0.6
89.0	0.6
92.05	0.3
94.59	0.3
97.32	0.3
100.73	0.73
102.39	0.73
104.93	0.73
108.33	0.24
111.04	0.88
111.46	0.63
114.57	0.63
117.23	0.39
119.02	0.36
120.72	0.36
122.94	0.81
126.32	0.93
129.66	0.93
130.29	0.44
131.26	0.9
133.25	0.39
136.69	0.39
138.85	0.39
141.6	0.66
142.58	0.66
145.78	0.51
147.96	0.22
148.99	0.92
150.42	0.92
152.36	0.88
153.98	0.88
154.35	0.88
155.08	0.31
156.68	0.31
158.88	0.77
160.77	0.77
163.92	0.87
167.13	0.41
169.96	0.41
172.91	0.41
175.2	0.65
177.12	0.43
180.45	0.51
181.56	0.51
182.09	0.51
183.66	0.45
186.2	0.42
189.38	0.42
190.73	0.42
192.8	1.0
193.94	1.0
196.49	1.0
199.22	0.73
199.5	0.73
201.11	0.73
201.25	0.53
201.88	0.53
201.99	0.53
205.15	0.89
208.32	0.89
208.77	0.89
211.83	0.26
213.22	0.36
213.45	0.89
216.8	0.89
219.89	0.89
222.23	0.72
225.66	0.72
227.55	0.72
229.69	0.34
230.69	0.34
232.63	0.34
235.3	0.46
237.4	0.9
237.92	0.9
241.34	0.85
244.45	0.65
246.55	0.65
248.74	0.65
252.15	0.7
