2.5	0.64
5.74	0.64
8.86	0.64
11.77	0.29
12.58	0.29
15.0	0.29
15.21	0.7
16.09	0.65
17.21	0.52
17.54	0.32
17.81	0.32
20.86	0.28
22.46	0.25
22.66	0.25
24.7	0.5
26.16	0.5
27.84	0.5
28.08	0.56
28.21	0.56
29.94	0.66
31.5	0.66
32.13	0.66
33.98	0.52
35.8	0.87
38.57	0.4
40.59	0.73
43.88	0.73
45.06	0.76
47.7	0.76
51.02	0.27
51.89	0.27
52.84	0.25
53.79	0.25
54.43	0.25
55.92	0.2
56.69	0.73
59.3	0.73
60.67	0.4
61.57	0.84
64.82	0.84
67.54	0.84
69.45	0.23
72.0	0.34
72.2	0.33
73.13	0.33
73.94	0.56
74.99	0.56
77.76	0.75
79.71	0.75
82.33	0.75
83.76	0.52
86.01	0.52
89.46	0.29
91.03	0.29
91.24	0.29
94.29	0.96
94.82	0.96
96.19	0.39
96.84	0.39
99.6	0.76
101.04	0.76
102.54	0.27
105.33	0.27
106.05	0.27
108.04	0.29
108.44	0.24
109.17	0.24
110.55	0.24
111.62	0.92
112.88	0.31
113.13	0.31
116.14	0.31
118.2	0.82
119.19	0.82
122.24	0.82
123.55	0.47
123.7	0.47
124.11	0.28
126.92	0.32
127.67	0.32
129.43	0.66
131.33	0.66
132.7	0.73
133.16	0.73
134.38	0.32
136.44	0.32
137.71	0.23
139.53	0.23
141.75	0.23
144.84	0.22
146.54	0.22
146.88	0.22
149.98	0.75
151.59	0.75
152.72	0.75
155.46	0.84
156.34	0.8
158.96	0.8
159.62	0.81
160.36	0.81
161.96	0.4
162.7	0.39
165.09	0.39
168.47	0.64
170.91	0.64
171.56	0.93
174.31	0.99
177.06	0.79
179.7	0.72
181.24	0.87
181.53	0.87
184.15	0.98
184.87	0.98
185.95	0.98
189.02	0.75
191.39	0.75
191.88	0.75
194.28	0.54
194.84	0.72
195.4	0.42
195.66	0.42
198.25	0.42
198.51	0.87
198.95	0.87
200.85	0.69
202.89	0.69
204.41	0.69
206.07	0.39
208.67	0.39
211.37	0.39
212.3	0.31
215.44	0.88
217.43	0.27
219.88	0.44
220.19	0.44
223.26	0.58
224.42	0.58
225.9	0.58
226.55	0.66
227.47	0.66
229.96	0.85
231.22	0.85
233.09	0.85
235.8	0.67
239.19	0.67
242.15	0.67
243.23	0.53
245.66	0.53
247.25	0.53
247.43	0.21
248.84	0.96
249.05	0.96
249.62	0.96
252.32	0.84
