0.41	0.38
0.98	0.38
1.5	0.38
4.03	0.61
4.23	0.78
5.08	0.78
7.82	0.78
9.23	0.6
12.4	0.6
14.41	0.6
15.81	0.64
18.58	0.64
20.82	0.64
24.31	0.21
24.71	0.21
25.43	0.93
26.61	0.61
30.02	0.61
32.29	0.53
33.72	0.74
34.08	0.91
34.46	0.91
37.56	0.91
39.73	0.74
40.04	0.74
40.81	0.74
41.6	0.73
43.03	0.76
44.22	0.76
47.25	0.5
49.02	0.5
51.15	0.5
54.38	0.96
55.51	0.56
57.38	0.56
59.28	0.7
62.66	0.7
62.78	0.2
66.03	0.2
66.66	0.2
66.84	0.63
68.53	0.63
68.89	0.92
70.02	0.99
71.24	0.99
74.13	0.99
75.97	0.45
79.31	0.45
82.52	0.45
82.7	0.92
83.21	0.92
86.2	0.54
89.11	0.35
91.72	0.35
92.15	0.35
92.49	0.29
93.04	0.29
95.56	0.29
95.91	0.97
96.22	0.35
99.08	0.35
99.53	0.5
101.39	0.5
103.01	0.5
105.94	0.62
106.37	0.62
109.42	0.31
110.82	0.31
113.97	0.77
115.7	0.77
118.6	0.52
120.55	0.52
123.46	0.52
126.78	0.8
128.48	0.25
130.93	0.25
132.66	0.46
134.56	0.46
134.89	0.46
137.52	0.44
138.41	0.44
141.1	0.59
142.42	0.59
143.32	0.96
145.04	0.96
145.97	0.36
149.11	0.5
151.03	0.5
153.41	0.5
154.48	0.91
157.61	0.91
159.27	0.91
160.76	0.29
163.81	0.84
164.53	0.84
166.72	0.84
167.73	0.45
170.79	0.45
173.15	0.45
173.55	0.62
175.85	0.62
177.66	0.61
177.85	0.61
180.81	0.57
182.44	0.57
182.91	0.47
183.6	0.98
185.35	0.98
188.75	0.98
190.75	0.41
194.13	0.41
196.77	0.86
198.31	0.86
199.89	0.86
202.13	0.2
203.79	0.2
204.33	0.2
205.91	0.46
207.75	0.46
207.91	0.87
211.03	0.59
214.06	0.59
216.52	0.96
218.2	0.96
219.81	0.96
222.58	0.89
225.12	0.89
226.2	0.89
227.17	0.86
228.34	0.38
230.57	0.38
231.59	0.72
233.67	0.72
234.76	0.66
237.61	0.66
240.24	0.62
241.31	0.69
244.17	0.69
245.03	0.69
246.43	0.52
249.69	0.57
252.09	0.57
