0.43	0.31
3.28	0.31
5.22	0.31
8.07	0.59
8.67	0.59
11.36	0.58
14.14	0.67
15.1	0.67
18.35	0.5
21.76	0.5
23.54	0.61
24.65	0.21
27.69	0.56
27.98	0.56
29.82	0.56
32.16	0.25
34.51	0.85
35.84	0.52
36.71	0.52
37.62	0.52
39.12	0.55
41.75	0.55
42.81	0.84
44.46	0.51
47.04	0.51
49.94	0.51
51.4	0.45
51.66	0.45
52.29	0.84
53.17	0.84
56.15	0.78
56.3	0.82
56.52	0.91
58.17	0.91
59.31	0.39
60.84	0.39
64.11	0.6
66.13	0.84
68.4	0.84
69.37	0.84
72.81	0.44
75.46	0.44
76.73	0.47
78.75	0.47
79.67	0.47
80.9	0.93
82.31	0.93
83.43	0.3
86.13	0.89
87.93	0.89
90.99	0.89
93.22	0.73
94.09	0.73
95.34	0.73
96.65	0.82
98.82	0.82
100.85	0.82
102.64	0.48
103.75	0.46
105.44	0.26
106.43	0.93
109.63	0.93
111.09	0.33
113.57	0.33
113.77	0.33
114.79	0.67
118.24	0.67
118.63	0.67
121.49	0.75
124.93	0.75
125.63	0.57
128.29	0.57
130.52	0.57
133.69	0.59
133.96	0.59
134.32	0.59
136.87	0.48
140.03	0.48
140.14	0.48
142.56	0.36
143.81	0.36
146.45	0.36
149.14	0.36
149.75	0.36
152.08	0.36
155.57	0.34
158.12	0.55
161.25	0.35
161.83	0.35
161.95	0.35
162.58	0.63
164.26	0.63
166.22	0.63
168.15	0.89
168.39	0.81
170.26	0.81
171.63	0.81
171.78	0.65
173.91	0.65
177.24	0.65
178.72	0.38
179.25	0.38
180.62	0.7
182.88	0.7
184.43	0.94
186.27	0.94
186.43	0.25
189.52	0.42
191.32	0.42
191.89	0.93
193.78	0.93
195.03	0.29
197.95	0.29
201.24	0.29
201.41	0.25
201.58	0.25
203.89	0.25
206.35	0.27
208.63	0.2
211.54	0.2
211.76	0.6
213.56	0.6
215.95	0.6
218.56	0.67
219.97	0.67
220.74	0.48
222.29	0.48
225.68	0.29
226.53	0.29
227.67	0.29
229.77	0.38
230.96	0.38
231.6	0.38
234.68	0.38
237.11	1.0
238.59	0.2
240.66	0.2
243.68	0.2
247.12	0.95
249.52	0.95
252.89	0.95
