0.69	0.79
3.65	0.79
6.87	0.65
8.88	0.65
9.37	0.65
11.39	0.45
11.77	0.45
12.71	0.45
13.01	0.38
14.7	0.9
16.0	0.81
18.45	0.46
20.04	0.46
21.94	0.46
22.33	0.39
24.71	0.67
25.02	0.81
28.27	0.81
29.01	0.58
29.4	0.44
32.7	0.44
32.85	0.44
35.39	0.89
37.27	0.89
38.16	0.89
39.71	0.29
42.47	0.34
43.26	0.34
45.71	0.62
48.84	0.62
49.21	0.32
50.87	0.32
54.33	0.39
54.95	0.39
58.4	0.74
59.1	0.74
60.78	0.74
61.44	0.34
63.8	0.3
66.9	0.3
67.56	0.3
70.21	0.96
72.32	0.96
75.33	0.96
77.28	0.96
78.79	0.96
79.05	0.95
80.94	0.95
83.28	0.95
84.72	0.88
86.86	0.88
87.18	0.88
87.32	0.38
90.67	0.38
93.46	0.38
94.1	0.93
96.51	0.93
96.79	0.93
97.54	0.81
100.0	0.81
102.59	0.81
105.62	0.48
107.97	0.7
109.38	0.67
109.71	0.96
112.31	0.29
113.39	0.52
115.04	0.52
118.43	0.52
118.85	0.49
122.3	0.71
123.42	0.71
125.99	0.89
127.15	0.89
127.4	0.89
129.3	0.53
132.63	0.37
135.5	0.95
136.59	0.35
137.7	0.35
139.9	0.35
140.28	0.75
143.62	0.75
146.26	0.52
148.37	0.52
150.3	0.6
153.01	0.6
155.13	0.47
157.09	0.47
157.5	0.24
158.68	0.42
159.98	0.83
162.28	0.83
162.78	0.83
164.92	0.32
167.15	0.32
168.3	0.33
170.3	0.33
171.82	0.33
173.63	1.0
176.46	1.0
177.65	0.37
180.54	0.37
180.93	0.37
183.77	0.66
185.19	0.66
186.44	0.38
188.87	0.38
191.5	0.38
192.05	0.98
192.88	0.41
195.86	0.41
197.73	0.5
197.97	0.5
200.7	0.84
201.23	0.84
202.87	0.8
203.83	0.8
203.95	0.8
206.99	0.65
208.68	0.25
210.3	0.25
211.01	0.25
213.54	0.37
214.9	0.51
217.02	0.51
217.21	0.51
217.55	0.64
220.59	0.64
220.96	0.64
223.98	0.96
227.06	0.96
228.19	0.96
229.23	0.47
229.58	0.94
231.98	0.94
232.36	0.94
233.24	0.77
235.63	0.77
237.9	0.77
238.16	0.37
240.91	0.37
241.84	0.86
243.97	0.86
245.71	0.46
248.51	0.46
250.39	0.25
