2.56	0.57
4.48	0.34
5.27	0.34
7.08	0.62
7.35	0.62
10.46	0.62
10.88	0.25
14.2	0.25
17.35	0.25
20.75	0.49
22.58	0.87
22.71	0.98
26.07	0.43
27.11	0.43
28.8	0.31
31.13	0.31
34.28	0.83
35.35	0.83
36.46	0.83
38.79	0.87
39.61	0.87
40.6	0.67
43.87	0.67
47.02	0.67
47.71	0.47
49.28	0.72
50.84	0.72
54.02	0.72
55.08	0.79
57.04	0.79
59.52	0.75
59.74	0.22
60.35	0.78
63.11	0.78
66.27	0.78
68.45	0.75
69.9	0.75
72.69	0.3
75.73	0.42
78.74	0.42
79.22	0.42
81.29	0.68
82.95	0.43
85.9	0.43
87.69	0.43
89.71	0.59
90.5	0.59
91.25	0.26
92.47	0.87
95.04	0.42
97.12	0.6
98.02	0.6
98.73	0.6
99.66	0.5
101.51	0.5
104.56	0.5
106.13	0.38
108.46	0.38
110.46	0.38
112.38	0.49
113.99	0.71
116.27	0.71
119.22	0.71
120.78	0.61
121.63	0.71
124.11	0.71
127.42	0.78
128.13	0.78
131.36	0.78
133.83	0.82
135.39	0.86
138.42	0.86
140.4	0.86
142.27	0.57
145.25	0.57
148.32	0.57
149.83	0.52
151.92	0.7
152.81	0.62
154.12	0.54
156.44	0.54
156.94	0.38
157.31	0.38
158.98	0.34
160.02	0.6
161.58	0.6
164.16	0.63
167.6	0.42
170.41	0.42
170.8	0.42
174.19	0.22
175.97	0.22
177.35	0.62
180.55	0.62
183.33	0.62
184.42	0.91
185.18	0.91
188.19	0.91
190.0	0.7
191.04	0.7
192.91	0.7
194.92	0.78
197.11	0.78
200.55	0.9
202.19	0.42
204.52	0.8
204.86	0.8
207.71	0.44
209.02	0.44
211.49	0.44
211.61	0.21
213.7	0.21
214.49	0.21
215.16	0.37
217.69	0.37
218.41	0.37
219.78	0.86
220.07	0.22
221.8	0.22
222.77	0.22
224.35	0.74
227.2	0.74
228.76	0.65
230.89	0.65
232.66	0.29
236.12	0.29
236.9	0.3
240.39	0.76
241.76	0.51
242.19	0.5
245.3	0.5
246.45	0.5
249.58	0.6
250.69	0.95
