0.79	63.34
1.29	63.34
2.22	63.34
4.89	135.1
7.66	135.1
10.06	135.1
13.3	179.71
14.11	56.09
14.36	56.09
17.6	56.09
19.41	156.33
21.51	19.38
21.95	19.38
23.49	19.38
24.09	160.2
24.97	160.2
27.25	172.18
29.8	96.25
31.29	231.32
32.9	231.32
34.53	240.31
35.59	240.31
37.64	240.31
40.85	182.09
41.13	22.81
43.92	22.81
46.63	87.82
46.81	87.82
47.1	238.32
49.18	238.32
50.65	151.99
51.9	151.99
53.73	151.99
54.48	135.02
57.81	135.02
60.83	135.02
63.18	194.45
63.6	11.36
66.99	10.25
69.98	10.25
73.41	10.25
75.19	15.78
78.6	15.78
79.22	47.51
80.36	47.51
83.57	47.51
85.38	162.09
87.64	162.09
90.26	114.84
90.38	7.79
91.93	7.79
93.14	7.79
95.2	31.43
97.74	160.98
99.48	160.98
99.74	160.98
99.9	258.44
102.12	77.09
104.07	77.09
106.65	77.09
108.79	258.8
110.62	216.11
112.92	216.11
115.95	216.11
116.91	220.33
119.57	32.53
122.73	32.53
124.43	112.06
125.72	112.06
128.3	204.03
130.9	204.03
131.45	204.03
133.63	52.89
136.76	52.89
139.89	52.89
140.59	180.28
141.59	157.29
143.97	74.49
144.93	74.49
147.18	188.63
149.59	225.24
151.33	225.24
154.43	217.1
155.81	144.78
159.06	203.43
160.08	38.5
162.23	38.5
163.36	38.5
166.27	234.34
167.68	234.34
171.18	228.84
173.36	228.84
174.53	228.84
176.11	153.56
179.52	153.56
182.82	65.71
185.5	65.71
187.3	28.29
188.94	28.29
191.23	28.29
194.45	125.35
194.74	125.35
195.11	97.4
197.19	97.4
199.71	137.11
200.65	137.11
203.11	137.11
204.51	162.41
204.94	136.92
206.84	136.92
207.44	166.84
210.61	18.43
212.15	18.43
212.75	189.05
213.62	106.89
214.71	106.89
217.84	106.89
221.07	248.56
223.58	248.56
224.96	248.56
228.28	230.92
228.7	197.17
229.42	197.17
232.28	197.17
234.02	157.49
235.78	245.55
237.09	245.55
237.31	245.55
239.7	51.56
241.94	51.56
243.27	228.13
244.17	228.13
244.48	130.14
245.53	237.39
247.38	237.39
248.91	161.83
252.17	21.8
