2.22	29.29
4.61	29.29
5.71	259.73
7.15	259.73
9.88	148.61
12.84	242.1
14.43	127.61
16.46	127.61
16.73	127.61
17.11	121.55
17.79	121.55
19.4	49.54
20.33	11.65
23.04	11.65
25.67	180.92
27.64	180.92
30.41	70.91
33.84	92.95
35.36	92.95
37.05	229.93
39.2	229.93
40.7	229.93
42.18	163.31
44.79	163.31
46.83	163.31
47.11	184.74
49.28	184.74
51.01	40.76
51.64	165.62
53.67	165.62
55.77	205.89
58.9	227.22
61.05	227.22
62.41	1.09
63.72	1.09
64.04	1.09
67.15	159.88
70.19	159.88
72.23	130.91
74.35	186.04
77.8	107.05
80.28	107.05
82.06	248.09
82.54	240.66
86.02	45.93
88.96	45.93
92.29	239.14
94.41	80.29
97.86	80.29
98.13	118.49
98.49	131.59
101.36	184.26
102.28	184.26
105.47	184.26
106.72	233.97
106.87	233.97
107.86	233.97
109.68	243.88
112.04	243.88
112.47	243.88
113.37	12.25
116.05	12.25
117.35	12.25
119.24	171.92
120.32	171.92
123.67	106.03
124.56	106.03
125.81	106.03
127.21	121.2
128.34	121.2
128.93	254.6
131.32	154.48
134.46	69.78
137.95	69.78
140.27	69.78
143.08	135.03
143.95	135.03
145.81	135.03
149.12	154.54
150.1	40.41
151.43	130.37
153.94	130.37
156.21	60.52
156.41	60.52
158.11	60.52
158.26	147.94
160.66	147.94
163.06	147.94
166.46	221.24
168.68	221.24
170.11	221.24
173.01	30.7
176.1	30.7
179.42	30.7
181.63	15.41
184.08	15.41
184.47	218.18
187.78	218.18
189.29	218.18
191.45	195.11
193.67	195.11
195.86	203.81
196.74	203.81
199.51	90.97
200.47	49.81
202.61	258.74
203.49	258.74
205.91	258.74
206.09	224.31
208.51	134.97
211.63	134.97
213.4	134.97
216.83	112.31
219.14	26.76
222.11	26.76
222.49	26.76
225.24	100.3
226.51	203.43
226.86	258.53
230.26	258.53
232.88	258.53
233.93	199.62
237.1	165.62
237.28	165.62
239.49	165.62
241.21	192.82
244.61	192.82
245.21	192.82
248.19	112.81
250.21	112.81
