1.81	209.76
4.72	56.66
5.83	56.66
9.19	164.28
11.37	58.14
11.9	58.14
15.18	58.14
17.49	159.19
19.55	159.19
22.95	159.19
24.28	134.74
25.86	86.28
29.23	86.28
31.43	226.64
34.12	226.64
37.09	226.64
37.77	240.05
41.26	118.17
42.15	205.72
42.5	103.91
43.95	103.91
45.0	103.97
47.63	11.58
49.13	11.58
49.47	11.58
50.57	251.88
52.59	218.7
53.93	218.7
55.29	218.7
58.34	55.32
58.72	238.32
61.26	238.32
63.43	238.32
64.47	208.98
65.96	208.98
68.11	208.98
70.0	155.0
70.28	155.0
71.57	155.0
72.5	205.69
72.84	205.69
73.99	205.69
77.36	152.93
80.04	152.93
83.16	152.93
83.4	143.27
85.7	244.68
86.42	84.86
87.47	52.75
90.01	215.76
90.57	215.76
91.29	215.76
94.01	255.13
94.31	132.94
95.85	132.94
96.72	132.94
99.01	126.45
101.92	126.45
103.79	173.48
106.79	131.14
109.41	131.14
109.75	131.14
112.77	33.44
113.09	33.44
114.75	159.98
116.71	159.98
116.9	159.98
119.05	196.59
121.69	31.88
124.79	31.88
125.12	56.03
125.95	56.03
127.61	56.03
131.06	106.23
132.28	61.75
135.76	61.75
137.23	61.75
140.7	50.13
142.06	5.84
142.7	5.84
145.84	5.84
148.51	175.15
149.47	175.15
150.19	175.15
153.29	131.49
155.93	131.49
158.64	205.9
160.71	80.84
161.19	80.84
163.73	80.84
163.85	68.41
166.73	25.24
168.74	25.24
171.63	25.24
174.53	101.52
174.97	101.52
175.83	101.52
177.21	256.03
180.27	256.03
182.3	256.03
183.37	212.66
185.25	212.22
186.52	64.23
189.95	64.23
190.16	64.23
191.64	214.61
192.02	214.61
193.19	214.61
196.2	91.37
196.91	48.58
198.05	48.58
198.17	77.96
201.58	77.96
201.94	77.96
203.83	78.85
205.56	155.52
206.64	84.05
210.07	166.85
211.79	166.85
214.47	166.85
216.6	22.04
216.86	22.04
219.72	211.39
221.77	211.39
224.3	211.39
226.17	84.36
228.33	84.36
230.33	84.36
230.95	256.58
234.1	256.58
235.84	256.58
238.16	130.99
241.16	170.5
244.31	170.5
246.99	170.5
250.01	59.1
