0.61	7.68
3.17	145.5
4.22	145.5
5.68	145.5
9.08	108.63
10.87	108.63
12.28	75.5
14.87	59.16
15.91	175.94
18.56	175.94
19.9	260.45
21.93	11.56
23.27	245.17
24.05	245.17
27.34	247.69
28.39	247.69
28.7	247.69
29.04	156.28
30.91	156.28
32.36	156.28
34.89	26.41
35.37	26.41
36.61	26.41
38.66	209.14
40.89	209.14
43.19	209.14
43.75	39.97
45.38	39.97
46.89	39.97
48.96	140.35
49.13	198.0
50.6	198.0
51.01	256.88
52.64	256.88
54.79	88.45
55.83	189.9
57.78	189.9
59.29	34.05
60.06	238.5
62.99	238.5
65.49	238.5
66.19	215.2
67.76	215.2
70.83	215.2
73.82	257.96
76.48	89.1
77.62	89.1
80.04	169.54
80.56	169.54
81.89	169.54
84.41	231.28
87.44	231.28
89.16	208.97
92.51	208.97
93.02	219.06
96.03	56.81
97.29	56.81
100.76	56.81
101.29	240.93
103.93	240.93
104.41	222.61
107.26	222.61
109.26	254.42
109.39	254.42
111.47	254.42
112.54	230.34
112.95	198.13
113.56	198.13
116.59	94.54
119.33	94.54
120.35	94.54
120.78	46.2
121.98	46.2
124.5	46.2
125.6	81.55
128.88	81.55
128.99	150.68
131.63	150.68
132.42	164.66
132.84	164.66
135.29	164.66
138.01	60.84
140.8	173.1
142.44	193.75
144.43	102.86
145.12	102.86
148.29	102.86
149.25	122.64
149.72	122.64
152.33	122.64
155.61	249.28
159.09	249.28
161.89	83.12
165.05	83.12
168.24	160.02
170.06	160.02
170.68	10.95
173.65	204.69
173.81	204.69
176.74	204.69
178.49	29.64
181.11	29.64
181.35	170.46
181.71	170.46
182.12	170.46
183.37	153.98
185.03	156.45
185.41	156.45
186.4	156.45
186.65	66.33
187.99	65.17
188.27	65.17
191.73	65.17
194.78	192.3
196.4	192.3
199.26	192.3
202.39	111.48
204.42	111.48
207.86	100.04
210.72	100.04
213.73	100.04
216.9	119.71
219.86	119.71
220.62	65.92
223.96	65.92
225.49	65.92
227.93	57.74
229.39	12.0
230.88	134.71
232.55	134.71
234.87	71.17
236.68	71.17
238.52	35.22
239.23	35.22
239.93	6.38
240.19	81.48
242.23	81.48
244.63	134.4
247.42	134.4
249.99	89.22
250.59	89.22
