3.0	100.92
4.54	100.92
5.24	100.92
8.33	9.06
9.13	232.34
12.17	86.66
14.56	86.66
14.96	35.52
17.45	35.52
18.89	35.52
21.48	10.74
21.72	121.16
25.12	121.16
25.55	252.36
28.62	150.01
29.4	150.01
29.53	150.01
30.4	99.89
31.34	99.89
34.64	99.89
36.38	143.19
36.87	143.19
37.78	19.67
41.21	165.34
43.59	61.01
44.8	61.01
45.01	178.76
47.32	178.76
48.12	178.76
49.16	68.46
51.87	68.46
54.67	68.46
54.78	66.02
57.84	66.02
58.79	82.39
60.21	82.39
62.2	80.94
64.53	80.94
67.25	118.83
68.3	118.83
68.46	118.83
70.92	230.57
73.79	230.57
74.48	89.96
76.47	89.96
78.15	89.96
80.57	55.9
80.96	55.9
82.33	55.9
83.33	127.25
86.36	127.25
89.28	118.55
92.36	118.55
95.71	118.55
97.47	169.72
99.8	169.72
100.59	169.72
100.88	179.85
104.05	130.03
105.63	130.03
107.89	130.03
108.3	112.08
110.28	29.88
112.13	114.08
113.65	114.08
115.7	41.01
118.92	41.01
121.62	41.01
123.25	198.82
123.45	198.82
124.31	87.08
125.39	87.08
128.29	70.65
129.82	70.65
131.67	70.65
133.51	168.58
134.19	168.58
135.02	168.58
136.05	189.73
136.38	189.73
139.5	43.5
141.22	43.5
141.64	43.5
144.12	227.23
146.26	247.32
148.13	247.32
149.68	173.28
152.95	60.24
153.62	60.24
153.96	60.24
155.8	140.13
158.08	119.15
161.43	119.15
163.42	152.82
163.73	152.82
166.27	152.82
168.81	22.91
169.77	22.91
171.73	22.91
173.53	11.87
176.82	11.87
179.33	244.58
182.42	244.58
184.4	166.14
186.73	166.14
188.67	237.39
190.49	237.39
192.43	237.39
194.12	19.19
195.69	19.19
198.83	9.95
199.91	31.66
201.82	31.66
203.19	45.35
204.32	45.35
206.96	230.87
207.22	230.87
210.43	217.49
213.42	205.2
216.57	205.2
218.97	205.2
219.72	92.03
221.56	149.37
222.95	149.37
224.96	186.04
228.05	186.04
229.91	186.04
233.4	176.35
234.79	176.35
237.4	100.54
239.92	100.54
241.21	100.54
243.92	202.04
246.19	202.04
248.34	202.04
250.21	117.75
