2.39	36.56
2.76	36.56
3.6	36.56
5.36	210.52
6.93	210.52
9.01	82.28
10.85	118.59
12.02	140.73
15.39	140.73
18.11	9.78
19.15	9.78
21.78	19.06
22.22	171.58
22.73	38.88
23.24	38.88
26.04	90.77
28.46	90.77
29.09	35.33
31.64	35.33
31.91	35.33
33.04	121.41
35.91	79.25
36.49	79.25
37.69	79.25
41.11	209.25
42.31	209.25
44.38	70.38
46.88	74.73
47.47	42.93
50.48	57.8
52.14	254.09
54.33	254.09
54.65	117.81
56.13	92.01
57.93	92.01
58.18	92.01
60.4	252.26
63.62	252.26
65.8	252.26
67.27	119.29
69.41	119.29
72.0	115.54
73.75	115.54
76.38	112.52
78.3	112.52
79.86	112.52
81.32	32.87
84.34	32.87
85.35	137.61
88.06	59.51
90.7	17.55
93.96	93.91
95.78	22.29
96.88	22.29
97.61	8.94
99.58	110.75
99.7	110.75
100.99	110.75
103.08	11.4
104.96	224.42
106.5	224.42
107.95	125.89
110.99	143.24
113.5	143.24
113.86	143.24
115.64	114.04
117.12	217.69
118.15	217.69
119.28	155.95
122.06	155.95
122.73	155.95
123.03	124.67
126.21	124.67
128.53	209.16
129.55	209.16
130.12	6.07
131.53	235.37
133.13	236.75
133.69	236.75
136.61	171.0
138.13	171.0
139.73	170.94
140.87	170.94
143.39	118.95
145.82	118.95
148.34	118.95
151.09	150.43
151.67	150.43
153.77	40.11
156.89	40.11
160.03	40.11
163.11	65.39
165.24	65.39
165.58	82.27
168.25	22.51
171.68	77.54
173.99	77.54
177.15	141.12
179.48	258.43
181.56	19.03
184.36	111.68
187.48	111.68
190.24	111.68
191.29	196.37
191.87	196.37
194.79	108.16
196.05	108.16
196.37	108.16
198.02	13.08
199.88	13.08
202.3	13.08
205.73	158.09
209.21	158.09
210.05	158.09
210.18	144.96
212.26	115.89
215.31	115.89
218.78	144.64
221.18	144.64
222.97	144.64
224.53	224.82
226.48	224.82
228.28	140.47
230.33	10.05
232.57	10.05
233.62	10.05
233.82	136.32
236.81	191.77
239.96	191.77
242.25	191.77
242.39	77.66
243.44	77.66
244.22	185.79
246.61	185.79
249.56	214.96
252.7	214.96
