2.56	121.04
4.48	45.04
5.27	45.04
7.08	137.13
7.35	137.13
10.46	137.13
10.88	16.91
14.2	16.91
17.35	16.91
20.75	94.77
22.58	220.18
22.71	255.79
26.07	76.11
27.11	76.11
28.8	37.55
31.13	37.55
34.28	205.73
35.35	205.73
36.46	205.73
38.79	218.11
39.61	218.11
40.6	154.47
43.87	154.47
47.02	154.47
47.71	88.15
49.28	171.12
50.84	171.12
54.02	171.12
55.08	193.3
57.04	193.3
59.52	179.93
59.74	5.76
60.35	187.74
63.11	187.74
66.27	187.74
68.45	178.78
69.9	178.78
72.69	34.09
75.73	72.52
78.74	72.52
79.22	72.52
81.29	157.92
82.95	75.97
85.9	75.97
87.69	75.97
89.71	126.23
90.5	126.23
91.25	19.81
92.47	218.1
95.04	71.13
97.12	131.88
98.02	131.88
98.73	131.88
99.66	98.36
101.51	98.36
104.56	98.36
106.13	57.35
108.46	57.35
110.46	57.35
112.38	95.87
113.99	165.86
116.27	165.86
119.22	165.86
120.78	133.94
121.63	166.66
124.11	166.66
127.42	189.67
128.13	189.67
131.36	189.67
133.83	203.14
135.39	215.01
138.42	215.01
140.4	215.01
142.27	122.41
145.25	122.41
148.32	122.41
149.83	106.06
151.92	164.36
152.81	135.55
154.12	111.91
156.44	111.91
156.94	60.41
157.31	60.41
158.98	45.1
160.02	131.76
161.58	131.76
164.16	139.53
167.6	72.34
170.41	72.34
170.8	72.34
174.19	5.39
175.97	5.39
177.35	136.62
180.55	136.62
183.33	136.62
184.42	230.64
185.18	230.64
188.19	230.64
190.0	164.64
191.04	164.64
192.91	164.64
194.92	188.55
197.11	188.55
200.55	229.22
202.19	70.57
204.52	197.11
204.86	197.11
207.71	78.54
209.02	78.54
211.49	78.54
211.61	4.32
213.7	4.32
214.49	4.32
215.16	55.77
217.69	55.77
218.41	55.77
219.78	214.81
220.07	7.98
221.8	7.98
222.77	7.98
224.35	174.83
227.2	174.83
228.76	146.52
230.89	146.52
232.66	28.42
236.12	28.42
236.9	33.77
240.39	183.38
241.76	101.85
242.19	99.34
245.3	99.34
246.45	99.34
249.58	132.17
250.69	244.23
