1.25	178.53
1.79	0.54
4.04	175.91
6.62	175.91
7.89	152.58
9.41	111.39
11.78	111.39
14.55	251.85
15.39	241.22
15.72	69.33
18.39	69.33
21.66	77.41
23.74	77.41
24.59	77.41
26.9	198.14
28.92	198.14
30.66	198.14
32.97	189.67
35.75	189.67
38.27	214.92
39.34	214.92
41.1	113.38
44.31	113.38
44.54	113.38
44.99	13.2
48.05	13.2
49.1	13.2
52.11	101.61
52.3	11.51
55.16	11.51
55.66	182.82
56.83	182.82
59.89	59.33
62.65	59.33
65.44	59.33
66.73	217.7
67.27	217.7
70.62	217.7
73.44	244.7
74.65	122.85
77.36	122.85
77.89	56.36
80.91	56.36
81.89	130.55
84.34	130.55
86.82	130.55
90.24	186.45
92.24	52.11
93.42	20.61
95.87	20.61
99.32	20.61
102.33	215.39
105.54	215.39
108.73	237.94
109.29	214.12
111.8	172.64
114.33	76.16
116.81	255.59
119.05	255.59
119.73	255.59
123.04	224.52
124.14	116.69
127.59	116.69
128.06	116.69
130.01	210.41
132.96	31.97
136.15	31.97
139.01	31.97
139.36	126.72
140.73	175.64
142.52	175.64
145.15	175.64
146.67	62.7
146.84	62.7
148.84	62.7
150.47	79.72
153.61	247.03
154.89	247.03
156.27	247.03
157.94	182.45
160.58	182.45
163.24	182.45
165.05	79.42
167.07	79.42
167.85	79.42
170.26	230.7
171.54	175.45
172.93	175.45
176.07	175.45
176.55	21.96
178.14	21.96
178.88	192.68
181.73	192.68
183.97	192.68
184.5	202.37
186.68	202.37
188.01	202.37
190.95	147.03
194.23	147.03
194.94	100.14
197.37	31.53
198.42	31.53
199.43	31.53
200.7	236.24
202.8	236.24
205.1	236.24
206.03	48.18
208.37	259.74
210.94	259.74
211.86	259.74
215.03	132.15
218.37	132.15
221.58	134.49
221.8	207.36
223.35	207.36
226.17	207.36
226.45	47.06
227.29	47.06
227.83	51.58
229.92	83.06
230.28	83.06
232.25	83.06
232.76	169.61
236.23	23.72
236.77	209.15
238.75	209.15
240.81	209.15
241.45	76.28
244.08	246.95
247.48	246.95
250.89	163.15
