0.11	84.17
2.78	84.17
4.02	90.14
5.61	90.14
7.54	84.33
8.62	84.33
10.77	84.33
11.71	185.02
12.43	197.93
12.75	244.02
14.4	49.06
15.33	49.06
16.58	49.06
18.12	64.6
18.78	64.6
20.45	64.6
23.2	36.56
25.07	36.56
26.34	94.2
28.1	124.78
30.03	13.4
32.64	13.4
34.7	13.4
35.49	131.0
37.17	131.0
39.45	131.0
41.16	221.8
42.58	221.8
45.64	221.8
46.26	188.8
48.37	83.56
51.26	83.56
51.86	83.56
54.04	130.44
57.34	130.44
59.09	32.5
59.92	32.5
62.79	32.5
64.31	177.66
66.02	177.66
66.21	177.66
69.7	63.08
71.5	89.91
71.97	89.91
74.29	138.44
76.37	138.44
78.63	253.81
80.96	253.81
84.25	7.19
85.22	7.19
86.3	238.91
88.37	238.91
89.53	238.91
92.89	157.25
95.48	157.25
95.85	157.25
97.43	244.65
98.11	244.65
99.49	173.45
102.45	173.45
102.73	173.45
105.12	115.29
107.82	48.65
108.91	13.29
109.47	13.29
112.97	242.61
115.56	199.65
116.24	91.28
117.8	91.28
120.3	49.95
121.15	49.95
123.83	49.95
126.95	258.78
129.38	43.32
130.12	43.32
131.73	238.24
134.24	212.0
135.99	99.44
138.75	73.24
139.94	39.05
142.99	39.05
146.41	39.05
149.19	72.85
152.5	72.85
155.91	1.01
156.07	208.43
157.34	208.43
159.21	208.43
161.12	141.17
163.43	141.17
166.33	141.17
168.01	113.8
169.56	113.8
169.8	113.8
170.16	92.33
172.3	161.35
174.41	207.45
177.17	21.2
179.84	218.22
180.67	208.74
181.44	208.74
184.62	108.51
187.99	67.04
189.25	67.04
190.77	67.04
193.54	146.37
194.81	146.37
195.57	146.37
196.07	13.16
198.22	73.64
201.46	73.64
203.34	73.64
205.65	104.99
207.24	104.99
209.82	133.13
210.32	133.13
211.44	173.74
212.38	52.05
214.49	52.05
216.58	233.58
218.65	229.52
220.53	229.52
223.78	229.52
224.06	65.31
225.73	80.46
226.47	80.46
226.82	119.22
227.27	119.22
227.82	119.22
229.09	248.53
232.48	248.53
234.04	149.8
235.85	65.53
238.25	65.53
240.77	190.31
243.4	103.87
246.79	239.67
247.03	239.67
249.94	242.84
250.86	242.84
