3.01	183.83
4.17	257.46
6.33	257.46
8.22	130.6
11.16	35.6
11.59	35.6
13.49	156.03
16.09	156.03
17.14	73.94
17.45	73.94
19.35	83.32
21.7	83.32
23.74	83.32
23.95	98.71
24.93	16.57
27.36	232.3
27.64	69.04
28.24	69.04
28.69	69.04
29.14	72.0
30.3	72.0
32.29	52.87
34.12	52.87
34.77	52.87
37.34	90.81
38.54	13.06
39.24	135.81
39.42	135.81
39.96	243.12
40.5	243.12
42.78	58.78
44.08	214.78
44.53	214.78
46.97	106.39
48.21	73.93
51.51	73.93
51.67	73.93
51.81	185.78
52.24	185.78
52.43	126.8
55.89	126.8
58.77	126.8
61.05	227.81
62.65	227.81
63.51	227.81
65.25	14.01
68.06	41.13
69.74	18.75
72.84	18.75
73.52	18.75
74.72	152.49
76.69	152.49
77.82	237.27
80.85	237.27
81.41	151.37
82.52	82.07
84.41	159.35
86.66	120.4
88.95	120.4
91.44	120.4
93.15	248.63
93.58	248.63
96.36	175.24
99.67	175.24
100.37	171.11
102.24	171.11
105.59	115.46
107.15	115.46
107.58	115.46
108.43	71.56
110.66	71.56
112.09	71.56
115.29	222.14
117.14	222.14
117.78	222.14
118.56	159.22
118.78	57.39
119.68	163.27
120.82	97.23
122.98	97.23
125.62	97.23
126.52	25.19
127.9	25.19
129.56	25.19
132.96	142.5
133.51	142.5
135.83	129.28
138.02	129.28
139.1	257.45
142.4	257.45
143.99	257.45
145.99	74.8
146.17	34.48
149.58	123.04
150.79	243.01
152.92	243.01
154.02	243.01
154.21	206.93
157.7	223.99
158.51	223.99
160.44	63.64
160.64	63.64
162.76	187.2
164.5	127.81
165.2	36.23
167.7	89.7
169.96	89.7
170.61	89.7
170.83	48.3
172.53	48.3
172.99	48.3
176.48	57.41
177.14	57.41
177.96	57.41
181.35	181.88
184.29	181.88
185.61	181.88
186.76	115.02
187.39	115.02
189.27	19.04
191.42	136.23
192.6	136.23
195.2	136.23
198.26	137.4
199.36	137.4
201.55	137.4
202.29	154.37
204.07	98.64
205.83	98.64
207.93	243.25
209.1	243.25
212.05	222.82
213.76	222.82
216.54	123.64
217.06	123.64
220.54	201.24
221.06	176.96
223.89	83.87
224.78	83.87
225.23	232.39
227.11	232.39
229.06	62.17
231.37	62.17
232.64	205.12
236.03	205.12
236.59	205.12
236.89	79.78
238.36	79.78
238.78	79.78
241.88	10.47
244.47	10.47
245.21	46.28
248.26	186.08
249.08	186.08
250.33	186.08
