2.29	128.69
2.88	128.69
3.43	174.05
4.87	174.05
7.87	174.05
11.32	69.87
12.39	69.87
14.48	0.87
17.81	0.87
20.69	62.71
22.89	62.71
24.51	151.04
24.8	151.04
25.35	151.04
27.64	117.61
28.68	50.06
31.8	191.51
32.76	191.51
33.24	191.51
33.49	121.55
33.82	121.55
36.71	73.66
39.32	73.66
42.65	73.66
43.26	137.01
43.72	220.12
45.1	46.26
47.22	46.26
47.92	46.26
51.26	220.57
53.82	12.65
55.65	12.65
55.82	12.65
58.12	145.22
59.24	256.89
59.56	256.89
62.01	40.3
63.51	40.3
66.94	40.3
67.38	79.13
70.29	203.61
73.12	203.61
75.05	203.61
77.7	246.1
77.81	246.1
78.1	246.1
81.24	109.77
81.42	109.77
84.14	181.89
86.52	78.99
88.18	78.99
90.08	83.54
92.03	4.44
92.6	4.44
95.62	250.58
98.18	250.58
100.82	194.21
103.26	77.58
105.17	241.48
105.79	241.48
106.97	235.19
107.51	235.19
108.0	120.97
111.11	252.49
113.3	156.34
115.9	78.95
118.51	78.95
120.96	78.95
121.48	49.71
123.65	49.71
125.5	49.71
127.41	251.32
129.14	87.44
129.36	87.44
130.48	161.71
133.78	161.71
135.66	161.71
137.13	257.62
139.1	113.43
141.97	113.43
142.94	113.43
145.28	200.79
146.79	200.79
147.71	200.79
149.82	140.12
151.36	140.12
153.4	58.4
153.71	58.4
154.13	58.4
156.23	29.08
158.24	112.59
158.55	91.94
159.92	170.78
161.17	170.78
164.6	235.67
165.43	235.67
167.55	235.67
170.55	50.17
173.06	255.99
173.57	255.99
176.83	255.99
179.05	110.31
182.27	110.31
183.47	110.31
185.62	55.96
185.74	116.12
187.51	167.23
188.03	167.23
190.95	49.51
191.93	14.76
193.08	14.76
193.75	14.76
194.26	46.94
196.25	46.94
199.69	80.66
200.52	80.66
201.4	30.3
202.23	30.3
204.12	30.3
204.31	175.02
207.5	175.02
210.91	175.02
211.27	257.08
213.85	257.08
216.14	257.08
217.48	120.9
219.94	120.9
221.4	89.73
224.82	89.73
227.83	235.03
229.62	212.44
232.71	123.35
233.84	155.89
235.09	203.56
236.71	203.56
239.36	222.7
242.18	188.47
245.33	188.47
246.75	188.47
248.07	219.95
248.69	135.96
251.89	179.66
