2.44	158.22
4.18	158.22
7.35	135.82
10.65	251.12
13.96	251.12
15.76	227.28
16.8	120.21
17.48	120.21
20.29	120.21
23.52	198.69
26.81	90.84
29.44	90.84
32.59	90.84
33.8	183.36
36.56	2.48
36.77	236.58
40.04	236.58
42.6	108.89
45.19	108.89
45.87	257.93
47.94	112.16
51.01	75.63
52.41	75.63
55.18	163.97
57.27	163.97
59.82	163.97
62.37	144.83
62.65	210.5
65.33	210.5
68.01	8.38
69.97	8.38
70.91	215.32
72.18	215.32
74.51	215.32
77.24	86.6
77.46	214.18
78.07	214.18
80.5	45.75
83.16	45.75
84.83	45.75
85.77	167.36
87.68	175.44
88.12	222.5
88.32	222.5
90.7	172.35
93.0	172.35
94.27	172.35
96.96	132.7
99.79	132.7
100.31	35.68
100.81	35.68
101.89	35.68
102.47	5.95
105.46	24.18
106.49	24.18
108.31	139.78
108.45	139.78
110.59	63.13
113.0	63.13
113.88	63.13
115.42	107.93
116.54	177.6
119.39	233.7
121.48	233.7
121.65	233.7
123.7	45.62
125.45	45.62
127.72	69.64
130.32	69.64
132.76	55.63
135.67	55.63
138.1	130.86
139.58	130.86
142.68	130.86
143.68	231.22
146.17	231.22
149.6	231.22
151.86	240.52
155.03	34.93
158.08	66.61
160.88	66.61
164.32	97.57
165.73	97.57
166.35	55.98
169.13	55.98
172.16	55.98
173.36	6.42
173.76	76.85
174.51	76.85
176.02	185.86
179.49	185.86
180.77	185.86
183.43	12.06
184.23	12.06
187.38	12.06
190.12	124.21
191.97	124.21
195.14	167.88
196.87	167.88
197.07	167.88
198.72	228.7
200.63	4.1
201.64	4.1
204.75	68.34
205.34	68.34
205.55	185.14
207.12	185.14
209.32	185.14
210.01	99.23
212.41	62.34
215.82	62.34
219.04	62.34
220.42	157.88
223.16	201.87
224.96	22.04
226.59	22.04
229.63	22.04
230.42	32.67
231.77	32.67
232.58	32.67
234.81	19.5
237.47	19.5
240.08	145.89
242.01	145.89
243.87	176.19
244.86	176.19
245.54	176.19
246.3	21.21
246.45	175.62
247.18	175.62
248.73	56.65
249.94	114.32
251.67	114.32
