2.51	203.26
4.67	203.26
4.91	203.26
5.83	107.69
8.33	107.69
8.51	124.01
9.01	116.93
10.31	183.76
12.91	183.76
14.53	141.58
15.5	141.58
18.95	257.25
22.17	257.25
25.02	199.05
27.06	199.05
29.62	199.05
31.25	221.0
34.01	221.0
35.82	23.13
36.38	173.57
38.86	129.67
40.53	129.67
41.27	129.67
42.72	11.38
42.87	11.38
44.71	11.38
47.35	106.91
50.41	106.91
51.36	106.91
52.18	226.23
53.46	226.23
55.0	226.23
58.33	127.08
59.62	65.26
60.63	65.26
62.04	22.41
64.44	22.41
66.73	142.25
70.08	142.25
71.1	108.15
72.22	168.78
72.99	37.65
73.24	37.65
73.38	148.04
75.38	40.52
75.61	40.52
76.94	245.76
80.06	249.47
80.69	169.68
83.29	204.54
83.42	204.54
84.46	205.77
84.63	205.77
85.49	170.84
85.6	185.23
86.1	185.23
88.9	185.23
90.97	51.29
91.37	51.29
93.75	32.7
94.73	215.54
97.05	188.09
97.72	188.09
99.13	188.09
101.96	125.47
103.5	125.47
106.73	125.47
107.97	48.77
109.17	242.25
111.54	242.25
112.64	186.89
113.29	186.89
114.84	14.26
117.28	14.26
118.93	1.18
120.24	1.18
122.92	179.15
124.93	168.03
127.83	168.03
130.82	168.03
134.04	157.34
137.18	246.59
138.82	246.59
141.28	246.59
143.09	248.84
144.72	248.84
147.2	248.84
147.65	178.78
149.29	178.78
150.65	178.78
153.43	170.42
156.51	151.03
157.24	151.03
158.38	207.21
158.82	207.21
160.57	207.21
160.79	203.98
161.94	34.53
164.8	34.53
166.09	34.53
166.76	138.06
167.51	72.91
167.89	72.91
169.16	72.91
172.19	251.2
172.56	212.76
172.84	117.88
175.0	163.81
176.51	133.55
177.4	133.55
180.39	109.58
182.7	239.97
185.2	239.97
187.59	196.16
190.94	196.16
191.94	196.16
195.35	24.22
197.03	24.22
198.03	0.83
200.87	0.83
201.86	0.83
205.0	172.28
206.59	172.28
208.75	71.11
211.64	66.44
212.72	66.44
213.85	66.44
216.2	143.2
218.83	143.2
219.06	236.27
220.85	236.27
223.83	236.27
226.04	54.03
227.09	54.03
228.2	54.03
230.48	65.33
232.52	1.69
233.08	1.69
234.51	1.69
237.49	90.89
238.59	70.62
240.11	70.62
242.75	72.36
244.68	72.36
246.76	31.09
247.88	31.09
250.02	31.09
