2.65	62.75
4.38	1.23
5.31	46.61
5.57	46.61
7.57	96.26
9.19	244.15
10.65	244.15
13.39	118.63
15.24	118.63
15.71	42.81
17.22	42.81
18.02	73.07
21.48	73.07
22.89	53.78
24.1	93.09
24.94	93.09
28.28	93.09
30.85	7.36
32.57	258.54
33.33	49.64
34.04	49.64
34.15	134.39
36.67	134.39
39.28	254.96
41.63	68.53
44.38	68.53
44.83	68.53
48.12	220.24
50.47	220.24
53.97	111.88
56.84	111.88
60.12	227.71
60.93	227.71
61.75	78.13
64.85	78.13
66.4	84.31
69.75	260.29
73.03	260.29
75.2	260.29
77.45	34.13
79.51	199.28
82.54	199.28
85.19	81.62
87.96	81.62
88.87	134.49
90.5	134.49
92.53	205.8
93.06	205.8
95.88	27.79
96.63	27.79
99.02	258.01
101.66	258.01
104.35	258.01
104.65	106.68
107.66	54.21
110.99	239.53
112.98	239.53
116.46	239.53
118.97	229.74
121.99	31.4
123.94	31.4
124.76	37.64
125.43	37.64
128.29	37.64
131.49	124.95
133.59	124.95
134.1	121.9
136.02	259.59
137.22	259.59
140.59	247.4
142.2	247.4
142.88	247.4
143.15	27.98
144.85	26.87
145.02	26.87
146.09	26.39
146.29	26.39
147.74	26.39
151.24	65.18
154.34	65.18
155.67	7.33
158.14	7.33
158.62	143.87
161.13	73.16
161.5	73.16
164.68	73.16
167.36	225.74
168.84	225.74
171.56	225.74
172.93	71.98
174.8	71.98
176.8	74.39
178.45	74.39
179.62	97.26
182.29	97.26
183.16	97.26
186.54	89.09
186.74	15.61
188.83	124.85
190.61	204.71
193.37	204.71
196.23	45.87
198.64	45.87
199.94	124.89
202.28	124.89
202.87	124.89
203.97	59.73
206.44	59.73
209.08	188.48
210.3	188.48
213.27	192.61
213.9	31.41
214.98	31.41
215.2	73.58
216.45	73.58
216.87	73.58
219.42	191.54
221.95	191.54
222.99	191.54
226.45	248.27
227.51	20.83
229.11	20.83
231.87	20.83
232.3	61.9
234.55	61.9
235.04	61.9
237.3	59.55
240.02	59.55
242.78	59.55
246.19	51.09
246.35	51.09
248.29	51.09
250.46	123.37
