0.47	72.98
1.12	72.98
3.54	113.85
4.77	113.85
5.61	220.56
9.0	234.33
9.66	234.33
11.72	172.32
15.09	172.32
16.17	106.06
18.15	132.96
18.34	132.96
18.92	245.08
21.84	253.69
25.14	253.69
25.48	177.91
26.05	101.55
29.17	101.55
30.21	219.78
32.98	218.21
34.92	212.03
36.24	212.03
39.17	212.03
39.28	149.41
39.94	29.63
42.59	29.63
44.67	48.25
46.83	48.25
48.7	48.25
49.18	260.77
52.62	260.77
52.95	135.35
53.64	135.35
54.12	61.59
54.63	61.59
56.65	92.67
59.41	183.52
62.46	183.52
63.27	183.52
65.03	105.91
65.83	105.91
67.59	46.15
68.9	46.15
69.16	5.04
71.76	5.04
74.93	160.44
77.11	132.21
79.46	132.21
80.03	155.34
82.6	155.34
83.92	258.71
87.06	258.71
89.23	258.71
90.51	111.12
93.61	202.89
93.93	229.32
94.42	98.44
94.77	98.44
96.47	100.99
99.57	33.55
101.67	33.55
104.57	33.55
106.54	21.15
107.45	21.15
109.21	21.15
112.44	162.33
114.31	162.33
114.79	162.33
118.04	247.01
119.03	139.1
122.08	139.1
122.89	139.1
125.05	248.92
127.62	248.92
128.97	248.92
130.04	161.8
133.1	161.8
134.89	161.8
137.79	194.4
139.82	194.4
141.84	194.4
143.07	53.26
144.3	53.26
146.81	53.26
149.82	204.08
150.03	244.29
150.9	244.29
152.8	162.66
153.38	162.66
155.27	162.66
156.84	225.72
157.88	225.72
158.1	52.85
160.89	137.26
162.42	137.26
165.52	188.4
168.22	188.4
170.29	238.26
172.72	238.26
173.17	238.26
175.54	37.61
177.67	37.61
179.76	46.88
181.28	46.88
182.19	260.6
184.26	260.6
184.91	161.89
187.49	161.89
189.49	161.89
191.64	108.66
192.67	108.66
194.94	60.42
197.95	60.42
201.08	64.96
202.0	64.96
204.49	64.96
205.36	227.41
207.11	109.17
208.64	109.17
209.61	103.39
210.84	103.39
214.2	103.39
215.82	136.31
219.02	136.31
221.48	171.21
223.94	171.21
226.32	171.21
229.7	87.82
229.85	87.82
233.14	246.86
236.48	49.73
236.96	49.73
239.53	210.53
241.4	210.53
242.04	210.53
242.85	243.76
243.28	243.76
244.11	243.76
246.17	215.44
247.52	215.44
248.34	250.37
250.46	250.37
