2.8	61.59
3.32	61.59
5.25	192.45
6.47	154.29
9.96	154.29
11.51	213.38
14.23	213.38
15.19	236.56
15.5	231.95
15.72	231.95
16.31	30.98
16.49	138.99
17.28	72.55
20.18	72.55
22.7	72.55
26.03	88.13
29.32	88.13
29.52	65.03
30.41	247.19
31.94	109.94
32.63	109.94
33.54	109.94
33.8	175.47
35.74	175.47
39.14	175.47
39.5	101.6
42.56	102.11
44.45	226.53
47.85	226.53
50.95	226.53
52.05	138.95
55.01	138.95
56.33	201.77
58.3	201.77
60.79	122.73
62.54	122.73
65.94	122.73
68.67	118.89
71.94	118.89
73.75	118.89
75.82	19.28
77.83	19.28
79.02	19.28
82.22	149.58
83.22	141.45
86.25	232.96
87.09	232.96
88.58	232.96
89.38	240.87
91.51	240.87
94.42	240.87
95.46	8.41
96.36	8.41
99.14	8.41
102.19	82.77
102.84	174.03
103.12	174.03
104.13	45.8
105.82	45.8
107.05	45.8
108.27	45.63
109.83	45.63
111.34	45.63
111.72	205.99
114.35	205.99
115.48	220.6
117.56	219.38
118.54	210.9
119.6	15.28
120.33	17.67
122.56	17.67
125.77	32.29
127.72	117.22
128.01	117.22
129.07	3.16
131.7	113.47
133.87	113.47
134.69	251.05
134.84	183.81
136.15	179.39
138.52	179.39
140.81	227.15
141.89	227.15
143.52	243.95
143.65	164.52
146.54	164.52
148.06	164.52
150.64	30.42
153.82	258.33
156.46	24.54
158.23	24.54
160.71	24.54
163.46	185.5
164.51	125.64
165.48	125.64
167.46	125.64
167.6	248.74
167.87	20.85
170.53	20.85
172.95	20.85
174.89	254.57
175.97	254.57
178.89	254.57
179.51	58.59
179.91	58.59
181.47	42.72
182.8	42.72
183.66	124.6
185.33	124.6
187.91	124.6
190.05	258.0
190.59	258.0
191.14	258.0
192.46	212.45
194.86	212.45
195.33	30.69
197.63	102.78
198.9	102.78
201.25	102.78
202.15	38.51
205.28	38.51
205.63	38.51
205.83	143.05
206.24	143.05
207.71	143.05
209.15	36.27
212.48	36.27
213.9	36.27
215.97	102.42
219.22	102.42
221.51	102.42
221.99	37.31
224.55	37.31
225.16	37.31
227.71	11.91
230.24	225.55
230.84	225.55
231.95	225.55
234.37	23.83
235.4	23.83
236.24	23.83
236.83	234.32
240.31	69.73
241.47	69.73
243.88	17.68
244.75	17.68
245.51	17.68
247.75	78.25
248.1	215.02
248.9	215.02
251.86	171.67
