1.4	214.59
2.09	214.59
3.36	214.59
5.84	79.59
6.26	133.8
8.26	133.8
9.5	133.8
11.97	243.02
13.12	220.07
15.04	220.07
15.57	220.07
15.96	31.08
19.32	31.08
22.38	230.5
22.64	230.5
25.82	230.5
26.06	121.82
28.44	6.46
30.12	59.7
30.49	136.4
33.07	136.4
34.96	217.83
38.09	217.83
38.77	217.83
40.27	98.97
40.46	98.97
43.27	98.97
43.61	182.97
45.41	182.97
47.95	163.48
48.69	210.94
51.59	210.94
51.91	210.94
54.5	15.23
54.86	15.23
56.34	15.23
59.22	234.16
60.71	234.16
62.42	240.63
65.39	240.63
65.91	240.63
69.33	62.91
70.67	62.91
73.62	62.91
75.92	37.41
76.55	150.35
78.3	212.42
79.0	212.42
82.33	146.99
84.55	10.25
86.13	246.4
87.49	151.65
90.35	151.65
92.75	151.65
94.61	16.79
96.86	16.79
97.29	16.62
100.1	16.62
101.7	16.62
103.78	213.24
104.27	213.24
105.14	128.85
108.04	128.85
110.13	128.85
112.91	246.06
115.14	61.92
117.62	61.92
120.77	202.58
121.84	202.58
123.33	202.58
125.67	149.45
126.62	95.97
128.3	95.97
128.64	95.97
131.4	45.85
134.63	45.85
135.84	88.75
138.69	88.75
139.48	198.96
141.41	198.96
143.47	198.96
146.6	204.09
146.83	168.85
148.98	168.85
152.38	168.85
153.6	173.73
154.19	134.03
156.09	134.03
157.87	134.03
160.19	225.18
160.46	121.43
163.2	121.43
166.36	121.43
167.45	113.63
167.83	113.63
170.23	113.63
172.67	161.65
175.03	161.65
175.19	161.65
177.15	154.3
177.61	154.3
178.01	154.3
181.19	172.52
182.05	172.52
184.65	172.52
185.32	44.18
188.3	80.57
189.52	80.57
192.61	113.5
195.79	113.5
196.16	218.95
198.46	218.95
200.16	218.95
201.66	69.86
201.77	69.86
202.24	99.89
203.57	61.72
205.12	61.72
205.26	61.72
206.47	80.25
208.23	80.25
209.29	41.29
212.6	102.49
213.4	187.36
215.03	187.36
215.76	124.99
217.07	124.99
218.55	192.06
218.7	192.06
222.17	192.06
224.94	246.56
227.07	246.56
230.23	246.56
232.11	259.93
233.86	259.93
236.04	198.68
236.39	141.09
238.73	121.54
239.76	121.54
242.51	121.54
245.5	66.16
246.9	66.16
249.65	66.16
253.12	240.0
