3.45	100.94
4.7	100.94
5.6	89.02
6.22	89.02
8.4	143.24
8.67	6.33
11.55	6.33
13.87	6.33
16.1	169.63
19.24	169.63
19.47	66.8
20.16	66.8
21.41	0.48
23.68	0.48
24.72	0.48
25.81	106.22
28.4	106.22
28.98	80.63
29.95	80.63
31.16	80.63
34.2	15.99
35.61	15.99
36.46	15.99
37.89	3.46
39.83	206.36
43.08	206.36
43.5	29.75
43.96	29.75
47.31	200.41
48.92	200.41
49.32	117.53
51.79	117.53
55.1	75.93
55.82	35.4
58.89	35.4
59.7	196.83
60.02	196.83
61.68	230.13
62.41	230.13
63.16	230.13
66.24	58.1
68.92	58.1
69.08	58.1
71.79	95.84
72.77	95.84
75.3	168.5
76.65	168.5
78.34	168.5
80.65	231.79
81.35	231.79
83.52	33.05
85.89	33.05
86.07	33.05
89.42	5.05
91.44	191.01
92.78	26.54
95.42	26.54
96.8	65.97
97.68	65.97
98.68	35.09
101.37	35.09
101.7	203.18
104.09	203.18
104.59	220.75
104.82	33.19
106.06	33.19
109.52	33.19
111.48	238.49
112.68	238.49
114.6	225.46
115.18	225.46
115.74	28.37
116.81	41.55
119.99	41.55
121.46	41.55
124.37	151.59
127.58	232.32
130.44	232.32
132.81	177.12
133.78	156.49
136.34	114.4
137.07	114.4
140.48	114.4
140.84	116.63
141.09	253.74
142.27	253.74
143.0	235.38
143.77	235.38
145.62	235.38
147.87	198.72
148.08	198.72
151.21	173.3
152.32	173.3
155.54	191.17
158.19	191.17
160.28	191.17
162.99	254.85
165.24	254.85
165.73	254.85
166.12	179.84
166.29	179.84
168.69	179.84
169.09	105.49
169.63	105.49
170.35	105.49
171.32	124.29
174.36	42.56
175.19	42.56
178.61	243.28
180.47	243.28
181.88	243.28
182.85	89.22
184.7	89.22
187.48	89.22
190.51	131.12
192.19	144.03
194.16	144.03
195.16	144.03
197.77	74.37
198.14	74.37
200.95	74.37
204.08	200.43
207.33	200.43
208.5	200.43
209.12	48.05
212.48	48.05
213.78	48.05
216.81	236.87
219.84	236.87
222.4	185.26
224.39	243.95
225.3	243.95
227.74	91.21
227.9	91.21
229.6	91.21
230.39	71.9
233.15	71.9
236.32	71.9
239.39	98.09
239.51	98.09
240.9	199.7
241.5	22.91
242.55	162.87
244.38	184.34
246.23	193.02
248.04	193.02
251.46	193.02
