1.75	55.49
3.92	55.49
4.2	121.38
6.45	226.41
7.67	226.41
8.88	226.41
11.32	5.19
11.58	5.19
11.76	5.19
12.93	42.13
16.26	42.13
19.58	42.13
19.87	45.78
20.7	45.78
23.91	45.78
24.35	231.03
25.88	231.03
26.42	256.62
28.27	256.62
28.7	256.62
30.82	72.39
30.93	99.81
33.35	99.81
36.82	99.81
38.5	14.88
41.62	14.88
43.93	26.34
44.27	245.22
44.65	245.22
48.14	245.22
49.87	216.0
52.2	216.0
52.98	153.88
56.17	153.88
57.65	245.94
59.4	245.94
61.03	245.94
63.44	33.84
66.7	74.65
68.49	74.65
69.61	99.01
71.7	99.01
73.37	99.01
75.65	153.23
76.28	194.65
78.05	194.65
81.04	170.05
81.75	199.65
84.41	199.65
87.04	199.65
89.06	135.94
89.57	135.94
92.76	103.97
94.18	103.97
97.64	103.97
100.79	156.9
103.97	156.9
105.56	35.77
105.94	35.77
107.0	35.77
110.16	136.48
112.83	164.29
113.14	22.02
113.48	10.3
113.95	156.12
116.57	156.12
117.37	247.48
120.16	247.48
120.6	253.65
121.52	208.1
122.86	208.1
125.37	229.26
127.14	229.26
127.4	174.69
129.18	174.69
129.9	174.69
133.19	177.42
133.76	177.42
135.41	177.42
136.97	184.01
139.09	184.01
140.03	75.76
140.38	75.76
141.55	119.61
142.4	104.73
143.17	121.52
145.85	31.62
147.08	77.52
148.53	137.23
151.98	137.23
153.79	137.23
156.39	61.26
159.71	64.97
162.32	64.97
163.49	82.31
164.8	82.31
165.7	82.31
167.31	65.48
169.55	65.48
170.08	169.33
171.61	169.33
171.83	169.33
174.4	248.57
175.42	209.89
176.47	32.25
179.14	81.88
181.38	81.88
181.74	250.56
182.36	134.28
184.91	160.72
187.82	79.84
190.38	79.84
193.47	161.05
195.16	57.35
197.56	57.35
199.28	231.2
201.24	231.2
204.14	231.2
207.55	73.78
209.58	214.47
210.37	207.22
210.53	207.22
211.92	44.3
213.17	44.3
215.2	83.1
218.58	115.17
221.05	115.17
221.91	115.17
223.69	75.14
226.86	75.14
227.34	20.03
228.91	20.03
230.95	133.14
231.08	133.14
232.91	121.1
233.53	121.1
234.66	121.1
234.81	32.65
237.5	162.15
239.37	162.15
241.82	162.15
245.18	232.82
246.29	153.89
247.02	73.76
248.3	73.76
249.52	73.76
252.9	40.18
