1.67	86.14
4.14	81.03
4.24	95.83
5.47	95.83
6.71	149.38
8.11	149.38
10.75	234.95
13.41	234.95
16.22	234.95
17.21	190.57
20.18	190.57
21.43	190.57
22.27	6.33
24.88	6.33
26.66	152.68
27.74	23.74
30.43	23.74
32.09	23.74
35.03	257.8
37.02	257.8
40.32	20.68
42.79	233.14
44.01	233.14
46.48	117.6
48.13	117.6
51.54	206.17
54.54	206.17
54.83	156.88
55.87	221.91
58.37	221.91
59.04	221.91
60.51	169.96
63.07	169.96
64.87	177.09
67.06	177.09
67.29	177.09
68.77	57.72
69.38	26.45
69.49	14.43
71.96	120.52
74.41	120.52
75.57	80.17
78.15	105.21
81.44	105.21
82.08	105.21
82.37	222.29
82.98	222.29
85.78	2.01
89.14	2.01
90.69	2.01
94.11	13.07
96.17	13.07
98.37	189.74
101.23	189.74
101.65	189.74
104.3	231.06
106.41	231.06
108.99	98.81
109.24	98.81
112.37	98.81
115.57	190.0
115.82	123.69
116.69	123.69
118.93	123.69
119.88	12.08
120.46	12.08
121.12	191.79
122.23	165.78
124.77	165.78
126.03	165.78
127.0	130.94
127.64	128.85
129.95	128.85
131.32	128.85
131.82	87.78
133.18	87.78
133.95	87.78
136.2	169.58
137.97	259.13
138.19	58.59
140.75	157.32
142.58	259.21
145.34	259.21
146.49	185.42
149.11	185.42
150.66	185.42
152.28	34.98
152.75	34.98
152.97	94.12
155.7	127.99
156.91	127.99
160.3	127.99
162.15	63.69
164.56	63.69
166.09	63.69
168.36	42.27
168.87	108.71
171.62	174.44
173.16	205.7
174.66	205.7
176.97	205.7
179.88	111.71
180.15	111.71
182.68	111.71
186.02	260.99
186.78	260.99
187.69	260.99
190.3	229.81
192.7	229.81
195.18	119.96
197.59	141.21
200.68	141.21
203.75	17.35
205.93	126.12
206.91	126.12
210.08	126.12
213.06	26.17
215.62	180.12
217.43	180.12
218.46	180.12
221.52	177.95
222.84	177.95
224.92	177.95
225.35	254.87
225.67	254.87
226.35	243.62
227.71	243.62
229.16	91.95
230.23	44.82
232.52	107.62
235.3	57.96
237.56	57.96
237.81	165.79
238.04	157.91
240.92	157.91
242.53	237.85
245.09	237.85
246.33	79.41
246.93	197.87
247.17	197.87
250.2	199.02
