1.35	232.7
1.52	232.7
2.64	232.7
2.93	136.6
4.42	136.6
5.21	259.05
5.88	31.87
6.6	31.87
7.09	141.48
9.96	141.48
11.06	259.57
12.66	259.57
14.64	184.31
17.31	184.31
20.34	184.31
23.33	260.23
25.74	260.23
28.86	260.23
29.48	238.46
30.35	238.3
33.32	175.12
35.41	175.12
36.77	17.22
39.9	84.62
40.94	192.24
41.17	192.24
44.28	192.24
47.34	65.27
49.01	65.27
49.96	108.63
50.99	108.63
53.87	257.26
55.26	257.26
57.19	257.26
58.75	87.61
61.29	87.61
61.77	104.17
62.26	104.17
63.41	187.8
66.07	187.8
67.18	187.8
70.34	253.26
70.97	253.26
71.24	142.69
72.91	242.58
73.34	107.45
75.8	107.45
79.07	107.45
81.14	208.68
82.47	208.68
85.13	170.85
87.02	170.85
87.54	170.85
90.48	113.61
92.27	92.53
92.4	92.53
93.03	92.53
94.67	222.79
96.57	222.79
98.29	42.21
101.21	42.21
102.28	105.26
104.27	105.26
106.26	225.15
109.53	225.15
112.8	168.39
114.74	168.39
116.24	168.39
117.76	65.26
118.19	65.26
120.84	80.83
121.52	113.89
124.22	223.46
125.38	223.46
128.28	223.46
129.63	88.94
132.95	48.89
133.23	48.89
133.73	48.89
134.41	97.21
134.73	97.21
135.23	52.85
137.49	52.85
140.28	70.41
141.46	70.41
144.32	70.41
145.27	197.12
147.07	135.96
147.61	135.96
149.14	135.96
149.98	186.93
153.25	186.93
155.93	85.66
158.16	85.66
160.47	182.91
161.43	170.59
164.37	170.59
165.3	207.17
168.35	207.17
170.39	246.1
172.01	246.1
173.56	246.1
174.56	53.19
175.85	53.19
179.07	177.13
181.12	68.64
181.53	68.64
184.23	68.64
185.28	33.62
187.71	33.62
188.25	16.01
190.91	16.01
193.11	16.01
196.06	101.57
199.39	101.57
202.56	101.57
202.95	98.88
203.47	98.88
205.42	117.49
208.08	117.49
209.01	202.47
209.16	141.02
211.61	42.23
214.79	42.23
214.92	42.23
215.8	256.74
216.85	256.74
220.29	256.74
221.44	258.69
224.74	258.69
225.49	62.59
225.75	62.59
226.07	62.59
226.92	10.55
229.43	10.55
230.53	7.26
232.72	7.26
234.6	7.26
237.69	125.12
240.6	125.12
243.58	125.12
243.96	11.59
244.1	83.11
244.62	83.11
247.14	230.76
249.26	230.76
252.71	151.7
