3.42	35.74
5.19	35.74
8.54	35.74
11.28	197.45
13.46	197.45
15.06	197.45
15.88	235.73
18.49	235.73
20.14	235.73
22.09	121.48
22.71	121.48
22.96	121.48
24.11	232.04
24.67	232.04
27.31	57.3
29.22	14.91
30.59	14.91
33.85	14.91
34.1	206.68
35.57	206.68
37.89	218.06
40.63	218.06
40.79	214.49
41.52	214.49
42.71	214.49
43.07	210.27
44.75	179.09
45.27	80.54
48.09	80.54
51.12	80.54
54.1	243.33
55.27	243.33
56.27	243.33
57.67	94.71
59.26	94.71
60.71	94.71
63.46	228.37
65.15	228.37
68.52	228.37
69.67	57.08
71.85	57.08
72.14	260.99
73.56	105.84
73.71	138.46
74.14	138.46
76.54	219.23
79.39	219.23
81.6	219.23
84.51	82.75
84.91	208.56
85.37	208.56
85.47	215.84
88.97	57.47
89.31	57.47
89.72	97.9
92.08	59.5
94.36	14.88
97.39	14.88
99.61	184.96
101.78	184.96
102.44	184.96
102.77	41.41
103.8	41.41
106.65	213.75
107.99	213.75
109.29	84.09
110.18	84.09
111.95	64.15
115.07	22.0
116.36	22.0
118.14	22.0
119.39	260.76
120.06	260.76
122.52	260.76
124.98	251.09
125.34	251.09
128.69	192.3
130.41	192.3
132.22	138.1
132.89	138.1
134.81	60.67
136.65	13.45
137.72	132.38
137.9	111.07
138.88	111.07
140.32	111.07
143.02	213.99
145.31	64.22
146.26	64.22
147.05	92.69
148.39	92.69
151.66	220.56
152.21	220.56
154.74	248.05
156.73	153.47
157.93	153.47
159.98	153.47
161.98	161.33
162.95	161.33
165.33	203.74
166.86	203.74
169.73	203.74
172.03	83.08
174.06	114.22
176.58	178.14
179.33	226.08
182.15	226.08
184.67	226.08
185.79	89.06
189.24	150.45
191.28	150.45
194.28	237.21
197.64	98.75
198.85	233.9
200.96	61.69
202.57	205.04
204.16	205.04
205.98	102.85
208.69	210.56
211.98	210.56
213.46	210.56
215.34	75.23
217.15	168.76
218.35	168.76
221.71	213.71
224.63	97.44
225.72	97.44
226.82	110.68
228.88	110.68
230.34	56.0
233.2	56.0
236.35	24.9
238.42	27.35
239.88	27.35
240.91	159.98
243.93	159.98
246.79	159.98
248.0	228.91
249.63	126.27
252.89	126.27
