0.89	187.55
2.5	242.58
4.58	242.58
7.29	242.58
9.19	103.53
12.67	103.53
15.04	104.69
15.77	85.13
17.87	85.13
19.67	72.68
21.79	221.54
24.09	47.54
27.28	47.54
28.99	140.42
29.22	47.18
31.82	47.18
32.18	41.97
34.67	41.97
36.13	41.97
38.17	200.24
40.72	112.08
43.46	112.08
45.53	112.08
47.04	79.71
47.17	52.28
50.24	52.28
51.42	198.5
51.97	198.5
54.74	31.62
55.9	31.62
56.42	32.2
57.27	32.2
58.08	121.71
58.52	121.71
60.58	121.71
61.91	194.57
65.27	194.57
67.29	175.36
68.55	118.07
70.52	118.07
70.78	221.66
72.85	221.66
75.36	221.66
77.15	140.22
80.09	140.22
83.46	140.22
84.9	57.48
86.0	57.48
87.27	57.48
87.87	12.44
89.66	200.71
92.96	200.71
94.53	173.3
97.58	173.3
100.65	192.76
102.92	192.76
105.02	192.76
107.16	39.15
110.12	39.15
110.77	6.77
113.49	6.77
113.88	6.77
116.21	169.3
116.33	169.3
119.69	148.24
120.15	148.24
121.54	171.08
122.98	212.11
124.62	212.11
126.91	79.52
127.81	75.7
130.18	33.61
132.77	33.61
133.87	131.33
136.35	185.21
137.0	185.21
138.06	185.21
140.33	252.32
140.67	252.32
142.45	252.32
143.63	13.4
146.98	13.4
150.0	13.4
150.74	119.67
151.76	119.67
152.62	234.9
153.76	234.9
153.92	234.9
155.67	200.66
156.85	200.66
158.95	200.66
160.12	113.37
161.21	113.37
162.46	43.59
162.59	43.59
164.01	83.39
166.66	83.39
166.89	83.39
169.86	127.09
172.01	127.09
172.22	96.62
173.96	96.62
175.59	96.62
178.97	10.31
179.22	10.31
179.65	10.31
182.85	167.68
185.94	220.36
187.55	220.36
189.74	220.36
192.8	160.42
193.02	160.42
194.54	213.57
197.29	238.33
198.44	238.33
200.81	238.33
201.17	234.48
202.83	234.48
204.67	234.48
205.95	233.59
208.84	256.0
210.48	256.0
213.34	256.0
214.33	86.33
214.71	86.33
216.53	86.33
217.81	61.43
220.18	17.45
223.02	17.45
223.86	17.45
225.26	42.82
226.72	42.82
229.91	42.82
230.71	230.27
232.66	230.27
234.61	109.67
236.12	109.67
239.47	109.67
240.07	74.37
240.83	100.53
242.76	42.47
243.98	39.21
245.88	254.66
246.28	254.66
247.4	254.66
248.32	119.48
251.76	119.48
