1.87	220.26
3.42	220.26
4.98	111.76
6.48	111.76
9.59	111.76
9.88	130.01
13.05	130.01
13.86	130.01
15.77	254.58
19.25	254.58
22.48	254.58
24.41	65.03
25.05	65.03
26.31	65.03
26.47	112.71
29.35	112.71
29.56	257.06
30.22	44.35
32.36	44.35
33.75	234.26
34.17	234.26
35.12	220.79
35.74	220.79
37.19	169.66
38.47	169.66
39.26	87.47
41.21	87.47
41.6	87.47
42.13	178.3
43.9	231.35
46.36	231.35
49.24	86.74
50.54	86.74
53.8	86.74
55.51	105.66
56.46	105.66
59.24	105.66
60.76	259.88
62.07	251.85
65.43	251.85
65.61	227.74
66.98	227.74
67.24	227.74
69.77	28.26
73.13	28.26
75.76	28.26
76.42	193.18
79.36	193.18
79.69	193.18
82.5	19.55
84.67	19.55
86.85	139.22
89.88	150.6
90.9	150.6
93.38	37.89
96.04	9.03
97.77	259.55
100.75	259.86
102.82	259.86
105.35	259.86
107.9	174.37
108.77	174.37
112.07	9.49
112.21	9.49
115.42	9.49
117.0	205.18
119.16	205.18
121.54	205.18
122.06	216.04
124.32	59.05
125.29	59.05
127.72	132.61
130.79	122.94
132.59	122.94
133.71	130.15
135.52	35.58
137.85	35.58
140.34	185.38
143.5	185.38
144.35	185.38
145.46	209.8
147.48	209.8
148.1	209.8
149.18	23.44
150.05	148.26
151.17	39.54
152.92	39.54
155.77	214.77
156.53	214.77
159.14	247.35
159.8	247.35
160.72	247.35
163.07	65.17
165.33	65.17
167.67	65.17
169.45	226.07
170.24	89.09
172.72	89.09
175.1	89.09
176.29	258.69
176.47	258.69
179.88	258.69
180.35	207.6
180.76	207.6
182.98	207.6
185.34	251.59
185.91	137.84
188.41	137.84
190.43	137.84
193.77	259.1
195.35	259.1
196.39	120.44
198.87	17.98
201.61	17.98
203.45	33.49
203.9	33.49
206.22	199.25
208.7	200.92
212.08	200.92
214.49	200.92
217.96	19.69
221.16	19.69
222.72	177.59
222.93	177.59
226.28	177.59
229.73	84.26
233.21	84.26
236.49	146.99
236.87	47.76
238.17	47.76
238.33	36.79
241.7	36.79
244.47	36.79
246.89	217.59
247.89	103.44
250.54	246.81
