3.19	6.38
6.44	169.11
8.69	119.54
10.44	76.76
13.61	76.76
14.93	76.76
15.06	177.96
15.9	177.96
18.06	177.96
20.36	12.0
20.9	12.0
23.59	12.0
26.19	63.14
27.54	140.82
28.79	140.82
32.11	140.82
32.88	140.74
35.58	140.74
38.65	140.74
40.77	41.31
43.96	41.31
45.46	41.31
45.79	51.42
47.43	51.42
48.82	235.05
51.64	138.85
54.48	186.18
55.21	186.18
58.24	186.18
58.86	135.02
61.81	135.02
63.69	68.48
65.87	68.48
68.52	68.48
70.02	138.88
70.88	138.88
71.88	172.66
74.33	172.66
76.16	184.0
79.18	24.47
79.48	209.8
82.07	209.8
84.36	209.8
87.39	246.85
90.37	201.04
93.41	200.73
96.02	200.73
96.18	245.43
98.52	250.62
99.72	172.27
102.06	172.27
104.59	240.03
106.78	240.03
109.0	240.03
109.76	151.69
112.68	151.69
112.98	64.35
115.64	254.46
119.13	191.14
121.74	98.12
123.74	98.12
124.87	234.94
126.25	234.94
126.7	216.82
126.88	216.82
128.11	216.82
129.26	18.76
130.94	18.76
131.63	144.93
133.64	191.73
136.53	220.83
138.74	220.83
139.73	220.83
142.16	68.16
144.34	68.16
146.32	68.16
147.25	96.5
148.86	96.5
149.2	200.49
151.61	200.49
152.98	118.59
154.2	254.34
154.66	17.7
155.1	19.59
157.43	19.59
159.91	19.59
162.56	83.03
163.87	84.5
165.08	84.5
165.41	84.5
167.86	67.44
171.02	67.44
173.46	67.44
175.98	260.35
178.36	214.53
179.13	188.5
181.93	47.0
183.8	47.0
185.85	47.0
186.81	82.05
189.86	188.77
191.74	188.77
194.57	199.03
196.14	199.03
199.18	199.03
201.76	162.04
205.02	162.04
205.42	162.04
208.48	88.11
210.73	200.89
212.77	184.01
215.9	216.53
219.31	49.6
221.22	49.6
221.91	249.11
223.02	249.11
224.69	249.11
227.5	78.02
230.63	6.61
232.48	60.07
233.78	60.07
234.29	2.85
234.64	2.85
237.21	2.85
238.39	183.68
241.57	28.33
242.92	227.83
245.05	227.83
246.81	227.83
249.25	40.09
250.42	40.09
