2.31	216.01
5.27	216.01
7.05	216.01
7.86	223.38
11.26	223.38
11.85	223.38
14.4	132.26
15.23	132.26
18.64	132.26
19.62	166.71
19.89	166.71
23.27	55.81
23.45	55.81
25.85	251.64
28.21	251.64
29.15	251.64
32.15	26.11
32.3	67.26
32.72	67.26
35.77	183.6
36.08	183.6
38.93	156.03
41.61	156.03
43.06	156.03
45.26	126.11
46.05	168.51
47.17	168.51
48.31	55.74
51.74	184.79
52.91	184.79
55.49	184.79
55.71	2.91
57.08	78.24
57.76	198.32
60.92	198.32
63.88	198.32
66.93	216.23
68.04	18.19
69.28	18.19
71.26	228.75
71.59	13.63
74.97	13.63
77.96	13.63
81.18	202.33
83.31	67.28
85.21	67.28
86.26	67.28
87.81	174.16
89.23	174.16
90.84	174.16
91.67	125.91
91.91	24.77
92.44	24.77
94.66	24.77
97.82	227.84
100.3	227.84
101.07	227.84
102.84	241.41
104.43	241.41
105.87	241.41
106.59	174.87
108.67	174.87
109.98	174.87
112.61	84.69
115.07	84.69
117.11	174.91
117.22	122.35
117.81	122.35
119.54	161.86
121.13	161.86
123.51	161.86
124.16	137.95
126.31	137.95
129.76	137.95
131.49	2.71
133.01	2.71
135.83	2.71
139.18	227.1
142.12	92.35
143.48	92.35
144.49	92.35
145.91	89.37
148.47	89.37
150.05	89.37
151.85	198.08
154.17	198.08
157.53	138.44
160.98	14.78
162.01	14.78
162.16	14.78
165.2	180.26
166.73	180.26
169.04	180.26
171.75	70.27
173.26	70.27
173.64	260.97
174.15	260.97
177.23	96.94
179.79	96.94
182.67	189.96
183.36	104.66
184.99	104.66
185.63	104.66
186.66	106.69
187.65	156.66
188.14	156.66
188.85	58.22
190.34	58.22
192.45	58.22
195.8	53.96
198.05	53.96
199.7	53.96
202.43	177.21
205.15	177.21
205.93	177.21
206.6	185.39
210.06	185.39
210.3	221.7
213.43	160.19
214.51	160.19
214.89	160.19
217.89	20.12
220.31	20.12
222.68	20.12
223.78	32.49
227.11	32.49
228.28	198.36
231.23	220.33
234.67	174.34
237.98	174.34
240.8	99.88
241.1	99.88
244.52	99.88
245.6	189.16
245.84	189.16
246.69	189.16
249.07	60.01
249.31	38.95
251.52	225.88
