0.22	20.0
3.46	12.38
6.62	12.38
7.16	12.38
8.76	244.93
11.85	244.93
14.85	244.93
15.24	39.69
16.37	39.69
16.83	205.4
18.48	205.4
20.4	94.11
21.72	94.11
22.48	94.11
22.84	71.19
23.72	71.19
24.91	66.35
25.07	66.35
27.08	66.35
30.45	109.18
32.92	109.18
35.87	109.18
36.8	120.25
40.09	224.44
40.92	224.44
44.32	110.51
47.02	203.43
49.82	203.43
51.32	203.43
53.71	112.57
56.03	112.57
58.44	112.57
59.84	161.93
60.44	55.12
62.57	164.57
64.65	164.57
66.87	164.57
69.52	197.74
71.8	197.74
72.66	200.55
73.45	200.55
73.83	200.55
74.7	19.35
76.68	19.35
80.12	19.35
82.81	227.32
82.94	227.32
85.72	227.32
87.94	180.84
89.01	159.21
91.52	159.21
92.68	182.62
93.27	182.62
96.57	236.67
97.89	236.67
98.52	181.65
100.85	181.65
101.54	181.65
102.45	201.39
104.16	201.39
104.87	201.39
107.27	206.72
110.6	206.72
113.45	58.58
115.54	83.97
117.77	83.97
118.86	35.14
121.64	35.14
123.02	98.64
124.52	43.05
125.48	39.33
126.21	39.33
127.26	1.95
130.63	26.49
131.62	26.49
134.11	26.49
137.43	208.22
138.84	208.22
139.04	208.22
141.53	67.85
143.98	67.85
144.53	243.1
146.51	243.1
148.69	243.1
148.98	52.09
150.93	228.61
154.28	192.68
157.45	181.52
157.82	35.39
161.21	144.42
161.91	44.51
164.45	44.51
166.3	12.02
167.74	12.02
170.12	12.02
171.28	46.23
172.03	46.23
173.51	114.27
176.08	114.27
178.58	114.27
181.3	0.31
184.41	0.31
187.15	92.56
189.55	92.56
192.07	92.56
193.02	97.89
193.65	97.89
195.45	178.14
198.11	180.93
201.51	180.93
203.59	180.93
206.52	1.62
209.89	1.62
211.84	1.62
214.74	114.91
216.23	114.91
216.47	111.31
219.28	111.31
221.67	111.31
223.33	22.21
225.04	184.58
225.55	184.58
228.56	184.58
231.12	161.41
232.16	161.41
232.67	161.41
234.68	175.13
237.48	175.13
239.4	175.13
241.6	50.6
245.04	97.71
246.07	97.71
247.46	97.71
250.75	256.51
