0.84	32.62
3.14	7.01
3.92	7.01
5.87	140.02
7.65	140.02
10.6	140.02
12.46	118.57
13.55	118.57
14.33	130.69
15.27	130.69
17.17	130.69
18.16	120.34
20.02	120.34
20.31	63.53
20.47	233.39
23.53	233.39
24.35	162.33
25.19	162.33
25.64	199.17
28.15	199.17
28.7	199.17
31.54	230.26
33.47	230.26
35.14	230.26
37.07	17.85
37.73	183.57
38.24	183.57
39.35	183.57
41.13	127.62
44.46	252.16
45.92	252.16
47.5	252.16
48.02	61.6
51.19	95.8
54.56	95.8
54.77	95.8
58.11	100.72
59.45	100.72
59.77	100.72
61.31	233.24
63.15	113.28
66.41	113.28
67.55	148.68
68.43	118.19
71.54	118.19
73.22	118.19
75.07	225.52
77.65	78.75
78.2	78.75
80.71	78.75
83.18	197.13
83.77	169.08
84.77	169.08
86.29	169.08
88.29	3.9
90.17	153.64
92.87	257.08
95.99	257.08
99.26	228.25
100.72	228.25
100.83	153.64
102.31	153.64
104.79	153.64
105.19	36.12
106.54	36.12
107.98	36.12
108.34	41.19
109.35	47.0
111.75	47.0
113.44	148.81
115.95	148.81
118.02	148.81
120.21	95.85
122.68	95.85
123.07	95.85
124.51	155.18
125.28	113.29
126.66	113.29
126.96	113.29
127.61	132.28
127.75	181.3
130.94	221.72
132.36	36.26
134.22	36.26
135.49	197.34
138.86	38.05
139.09	38.05
140.87	61.48
141.54	61.48
144.25	61.48
147.09	23.06
148.28	23.06
149.77	102.93
150.21	102.93
150.65	102.93
151.37	22.79
152.76	22.79
155.49	22.79
158.36	181.77
161.77	181.77
164.53	160.88
167.73	160.88
168.01	201.52
170.57	201.52
171.98	177.3
173.03	177.3
174.67	177.3
175.11	119.16
176.89	119.16
177.47	251.17
178.43	251.17
181.92	228.88
183.9	228.88
184.6	228.88
185.5	125.41
185.88	125.41
188.5	125.41
190.41	112.99
193.32	112.99
193.81	224.01
195.43	139.87
197.68	139.87
201.13	5.29
202.72	5.29
203.48	5.29
204.03	77.21
206.73	77.21
207.36	244.31
209.62	244.31
210.72	244.31
214.11	80.86
214.82	105.31
216.9	105.31
217.48	168.6
219.87	168.6
221.93	103.04
224.33	103.04
227.4	103.04
229.67	216.76
230.26	213.07
230.71	59.85
232.04	115.16
234.28	32.02
237.21	32.02
239.44	26.95
240.52	26.95
243.75	180.46
244.63	180.46
246.53	97.12
249.74	29.28
250.67	32.47
