2.92	239.81
3.36	239.81
6.58	239.81
9.99	223.2
11.75	223.2
12.69	77.59
15.04	77.59
18.39	86.32
19.04	170.78
20.93	170.78
24.39	170.78
24.79	12.07
27.56	12.07
28.89	168.97
31.4	168.97
31.66	168.97
32.93	223.3
34.84	199.92
35.05	199.92
37.3	34.82
39.52	155.64
41.44	102.93
44.5	102.93
47.88	254.5
49.11	254.5
51.11	180.18
52.68	180.18
55.56	180.18
58.58	192.39
60.63	192.39
60.86	192.39
64.28	129.67
67.71	129.67
67.88	52.19
70.44	52.19
70.93	89.37
74.38	89.37
77.17	89.37
78.99	60.37
81.16	60.37
84.17	60.37
86.83	187.27
88.32	187.27
91.51	187.27
93.28	157.81
95.65	2.85
96.28	2.85
99.02	12.66
101.93	12.66
103.49	12.66
106.16	171.11
106.31	142.69
109.3	142.69
109.83	142.69
111.45	145.41
113.2	251.52
116.22	251.52
118.97	251.52
120.41	223.47
121.69	216.59
123.61	216.59
126.09	216.59
128.55	179.1
130.66	179.1
130.77	184.68
133.65	146.29
134.06	146.29
136.0	252.54
136.92	69.44
139.6	69.44
140.97	179.95
141.93	106.04
143.18	106.04
144.06	145.66
145.82	130.21
147.05	117.14
148.14	224.28
150.69	224.28
153.91	219.06
156.75	219.06
158.92	194.8
162.39	194.8
164.17	235.93
165.13	235.93
165.42	222.02
168.88	143.4
169.09	143.4
170.18	143.4
172.16	205.41
173.04	85.6
175.82	218.79
178.93	198.1
180.21	90.07
181.79	34.38
185.04	164.28
186.17	164.28
186.52	164.28
188.03	133.98
188.61	133.98
189.87	133.98
190.51	83.94
192.24	149.44
195.46	149.44
196.88	6.19
198.12	6.19
200.02	6.19
201.82	120.14
202.33	120.14
205.63	120.14
206.71	87.45
209.15	87.45
209.66	227.9
211.39	210.11
211.82	210.11
212.38	210.11
215.43	5.36
218.03	217.31
220.19	98.47
221.52	98.47
222.55	98.47
225.4	129.23
225.86	129.23
226.83	163.64
227.48	163.64
227.84	65.18
228.13	65.18
228.74	65.18
228.94	160.3
229.26	160.3
229.52	184.83
232.81	184.83
234.34	145.39
235.59	145.39
237.29	18.76
238.89	18.76
239.62	222.25
241.42	245.72
242.93	219.03
245.85	219.03
247.6	67.62
248.16	52.24
251.47	52.24
