0.95	249.08
4.26	249.08
7.06	249.08
9.24	83.51
12.73	83.51
14.88	83.51
18.11	184.29
20.4	202.82
22.22	202.82
25.7	202.82
26.86	246.03
27.31	156.7
30.15	156.7
30.73	25.71
32.87	25.71
36.07	25.71
38.43	103.4
40.72	47.76
43.83	47.76
45.71	47.76
46.02	176.77
46.65	176.77
49.22	184.46
50.33	184.46
53.37	144.14
56.21	206.49
58.13	206.49
59.91	44.05
60.21	234.89
62.29	97.34
64.21	258.83
66.09	258.83
67.43	258.83
70.4	20.48
72.72	20.48
75.37	20.48
76.74	131.75
79.93	25.53
80.19	25.53
83.6	25.53
86.87	54.29
89.94	54.29
92.69	161.91
94.28	161.91
94.62	161.91
97.48	222.14
98.09	222.14
100.95	222.14
103.8	65.19
104.04	65.19
104.24	65.19
107.11	118.41
107.25	118.41
108.47	118.41
109.46	225.94
111.91	213.6
112.54	218.36
114.81	218.36
115.34	218.36
115.84	125.58
116.37	125.58
119.68	125.58
123.0	54.75
125.07	54.75
126.62	54.75
127.14	43.75
127.36	43.75
129.31	107.82
129.54	107.82
132.47	224.28
134.47	224.28
135.38	38.26
137.48	38.26
140.44	38.26
143.33	111.93
143.64	9.65
144.87	9.65
147.27	92.59
149.05	96.27
151.03	96.27
153.86	96.27
154.21	113.08
157.26	113.08
160.41	113.08
160.95	48.68
162.33	48.68
163.4	48.68
166.71	57.91
168.9	57.91
169.48	57.91
169.79	230.69
172.36	230.69
173.3	230.69
176.33	112.31
176.82	112.31
179.07	112.31
179.86	63.47
182.35	237.12
185.15	237.12
187.81	27.8
189.51	96.66
189.96	96.66
192.62	96.66
195.72	173.59
198.57	217.61
200.55	26.3
201.4	118.9
201.86	118.9
204.33	104.08
204.46	104.08
207.19	104.08
210.57	137.3
212.64	179.21
215.06	129.12
216.42	129.12
219.36	226.05
221.7	147.68
223.71	147.68
225.13	145.46
226.1	145.46
229.23	145.46
229.99	152.9
231.55	152.9
234.08	105.94
236.82	105.94
238.02	115.18
240.76	115.18
243.61	178.17
246.73	178.17
248.7	152.38
251.45	254.03
