1.11	37.05
3.71	37.05
5.72	37.05
8.5	62.94
9.5	62.94
12.55	244.06
13.97	128.34
14.91	128.34
16.0	128.34
18.17	7.0
18.93	48.64
22.34	48.64
25.37	48.64
27.13	214.61
30.22	44.28
33.7	44.28
36.82	44.28
38.02	206.92
40.73	206.92
41.02	206.92
41.38	78.98
43.34	78.98
45.13	78.98
47.38	152.78
49.24	152.78
52.59	162.8
55.06	162.8
56.51	188.4
56.96	125.71
58.41	125.71
59.78	125.71
60.95	250.07
61.29	250.07
63.99	132.25
65.38	198.05
66.19	198.05
67.94	87.68
71.32	87.68
71.48	87.68
74.78	59.1
77.21	59.1
79.56	59.1
82.05	222.55
83.5	29.11
86.97	171.22
90.43	171.22
92.29	171.22
93.16	4.18
93.71	4.18
97.11	4.18
98.96	182.11
100.85	88.59
101.35	88.59
102.98	88.59
103.82	198.75
106.24	192.36
108.16	192.36
109.39	232.65
110.91	232.65
112.2	232.65
114.01	252.55
115.05	161.18
117.77	126.96
120.74	156.75
121.79	156.75
122.58	82.29
125.76	82.29
126.23	82.29
126.74	41.21
127.38	6.33
128.14	6.33
130.54	6.33
131.12	87.97
133.7	142.87
133.95	142.87
137.06	173.31
140.4	234.68
141.07	234.68
141.23	198.33
144.28	198.33
146.83	28.1
149.56	28.1
152.86	170.76
154.59	170.76
157.47	170.76
160.61	69.63
161.62	69.63
163.25	71.02
163.54	99.26
164.95	99.26
165.37	48.87
165.48	48.87
165.97	48.87
168.69	198.8
169.39	198.8
172.79	198.8
175.69	154.93
179.02	54.24
181.23	257.48
184.42	70.83
185.81	70.83
186.53	240.72
189.32	96.57
191.52	96.57
194.79	96.57
197.09	198.95
197.25	198.95
198.57	198.95
200.52	211.34
203.64	211.34
204.81	215.16
205.19	215.16
206.8	215.16
207.82	120.57
210.98	120.57
211.71	120.57
213.05	108.85
215.57	108.85
218.95	32.35
220.54	139.65
221.21	139.65
223.25	139.65
225.79	140.0
226.81	140.0
227.11	140.0
227.85	127.65
230.4	127.65
231.46	127.65
233.4	131.55
235.61	131.55
238.28	64.1
239.16	64.1
240.58	43.33
243.24	43.33
245.22	205.03
246.97	205.03
248.66	33.81
251.27	119.54
