0.66	109.94
3.87	109.94
7.04	120.98
9.67	120.98
12.27	54.96
14.49	144.21
16.12	144.21
17.52	26.1
19.19	104.22
20.17	246.78
21.67	113.54
22.44	113.54
23.82	69.94
24.67	212.42
27.0	212.42
27.92	212.42
30.36	94.17
32.67	94.17
32.88	94.17
33.82	167.87
35.52	167.87
35.86	10.08
38.34	129.65
39.43	129.65
42.17	255.04
45.29	255.04
46.56	105.76
46.9	105.76
50.36	105.76
51.79	237.53
53.19	237.53
55.88	237.53
56.67	174.56
58.29	127.01
60.91	78.9
63.69	78.9
66.68	136.68
68.8	136.68
69.94	90.02
71.78	84.55
74.83	84.55
77.03	105.92
80.47	105.92
81.7	105.92
82.34	229.43
83.71	229.43
87.01	229.43
89.53	236.7
91.18	236.7
93.69	13.62
96.96	91.8
97.33	91.8
99.81	91.8
102.26	102.32
102.46	102.32
102.66	102.32
103.74	150.56
106.63	15.65
107.98	58.48
110.05	58.48
110.49	71.66
111.65	68.15
112.19	68.15
115.26	20.48
116.77	20.48
116.99	2.03
120.27	2.03
120.95	54.41
123.93	54.41
124.49	54.41
125.71	44.68
125.9	155.84
128.38	97.56
130.75	116.96
132.13	158.31
134.42	52.27
137.58	52.27
137.82	52.27
140.83	109.45
142.49	109.45
142.63	109.45
145.68	52.28
147.33	52.28
147.87	52.28
148.3	50.21
149.51	202.43
151.29	202.43
153.31	167.51
156.11	167.51
156.56	108.1
159.09	28.02
159.79	28.02
161.57	226.77
163.18	220.03
163.96	220.03
165.41	220.03
167.65	208.6
169.74	208.6
172.34	47.07
172.44	86.37
175.52	161.15
177.8	161.15
178.13	161.15
179.56	199.12
180.27	129.95
181.33	101.41
181.53	101.41
183.27	255.87
185.44	255.87
188.72	255.87
190.96	121.17
193.02	250.83
195.13	29.18
195.56	29.18
196.61	135.26
198.4	31.45
198.53	31.45
201.51	31.45
204.23	243.51
204.87	243.51
206.77	243.51
209.38	84.75
212.56	152.76
214.39	152.76
216.67	152.76
218.05	54.23
220.15	54.23
221.18	54.23
221.36	135.98
224.79	234.06
226.12	234.06
228.01	234.06
229.87	201.83
232.1	227.03
233.02	227.03
236.07	236.27
238.28	236.27
240.62	236.27
242.05	13.69
244.95	68.56
245.96	68.56
247.18	95.85
247.8	95.85
248.77	95.85
249.42	133.5
251.75	54.14
