2.63	98.04
4.77	188.45
8.03	223.71
9.97	150.67
12.25	150.67
13.16	229.59
16.02	229.59
18.71	244.74
19.76	194.55
22.74	194.55
25.36	189.65
26.59	248.22
27.74	157.41
29.77	17.4
30.55	118.45
32.29	118.45
34.87	227.69
35.4	217.21
38.06	217.21
39.95	217.21
43.06	176.85
44.81	176.85
46.54	122.02
48.06	122.02
50.47	87.07
52.87	243.52
53.1	243.52
55.0	243.52
56.88	87.27
59.27	87.27
62.5	87.27
64.58	11.19
65.87	45.91
68.22	224.46
70.21	224.46
72.39	66.32
75.79	160.39
76.1	120.02
76.79	71.37
78.32	233.19
79.01	16.04
81.68	140.83
82.69	58.48
85.53	58.48
88.56	58.48
88.95	139.89
92.24	139.89
92.67	167.2
93.13	167.2
94.14	149.35
94.26	149.35
97.33	149.35
98.3	73.56
98.89	73.56
99.2	73.56
99.48	35.0
102.89	84.62
104.09	84.62
107.49	232.44
110.01	232.44
111.68	232.44
114.32	207.55
114.9	72.15
116.19	72.15
119.66	72.15
119.89	133.01
123.27	133.01
123.98	133.01
126.67	154.41
127.03	59.11
129.49	59.11
131.45	229.86
133.5	241.94
135.82	241.94
137.35	241.94
140.09	116.64
143.12	116.64
143.94	116.64
144.23	214.1
147.25	84.59
150.31	196.17
153.65	196.17
156.53	193.74
158.85	210.96
161.52	210.96
164.57	165.43
167.21	165.43
167.55	165.43
170.8	212.87
172.55	212.87
172.76	212.87
174.99	214.86
178.18	214.86
179.55	214.86
181.12	38.19
183.29	38.19
185.83	127.08
188.21	127.08
188.57	127.08
191.17	109.74
192.07	23.34
193.98	149.94
197.33	205.52
198.84	165.33
200.42	165.33
201.43	165.33
203.74	244.17
205.69	76.77
207.73	49.91
208.25	49.91
211.67	49.91
212.86	91.65
215.42	179.28
216.23	179.28
219.05	179.28
221.92	16.73
222.27	16.73
223.11	226.1
225.65	226.1
227.35	226.1
229.74	164.19
231.2	164.19
233.94	139.0
236.42	139.0
238.89	139.0
239.01	10.33
239.87	10.33
241.93	260.81
244.92	260.81
245.85	152.6
249.14	123.32
251.95	53.49
