0.31	174.81
1.77	179.9
3.49	231.02
6.82	231.02
8.37	158.49
10.89	158.49
11.5	155.16
14.06	155.16
16.56	155.16
19.09	43.95
20.39	43.95
21.8	117.97
23.58	109.96
24.4	154.84
27.88	154.84
28.12	154.84
28.53	161.73
32.02	161.73
34.82	161.73
35.82	183.08
37.4	183.08
39.89	183.08
43.39	22.68
45.24	22.68
46.69	22.68
48.63	219.48
51.61	89.12
51.87	0.91
53.26	0.91
56.32	83.05
57.48	83.05
57.91	83.05
58.17	248.18
60.9	248.18
61.74	131.93
64.41	136.86
65.28	136.86
67.3	124.22
67.6	124.22
69.34	124.22
72.84	206.07
75.55	252.81
78.31	254.26
81.28	170.16
84.45	170.16
86.5	237.47
89.17	237.47
90.25	22.07
90.85	22.07
93.25	80.66
95.23	102.51
98.38	53.14
99.24	53.14
100.21	53.14
102.15	199.69
105.27	199.69
105.98	223.85
108.49	223.85
108.77	223.85
109.32	156.69
112.6	156.69
113.06	156.69
114.61	258.13
116.37	258.13
119.73	53.4
120.84	53.4
122.82	252.34
123.43	252.34
124.67	252.34
126.86	131.21
129.96	131.21
133.24	84.66
136.2	84.66
138.91	214.88
141.44	214.88
143.09	191.39
145.79	77.61
146.47	158.45
148.14	204.73
151.01	204.73
152.49	11.27
153.82	44.3
155.1	44.3
158.22	44.3
159.41	73.41
161.79	41.91
162.41	38.83
163.06	7.54
166.32	14.36
169.53	152.98
169.98	152.98
170.51	94.42
171.58	220.59
172.77	220.59
173.68	194.54
176.72	194.54
178.7	156.91
181.53	156.91
182.04	258.75
184.19	258.75
187.05	86.91
188.24	86.91
189.38	86.91
190.4	170.57
190.78	95.13
191.82	95.13
194.93	95.13
196.59	134.59
199.85	107.15
200.88	107.15
204.28	59.24
206.83	2.8
207.96	26.05
208.76	26.05
210.06	65.2
211.99	65.2
213.13	18.85
214.0	223.19
216.27	223.19
219.34	223.19
222.8	8.22
223.13	8.22
224.75	8.22
225.97	85.19
227.61	85.19
229.8	148.68
233.04	148.68
234.18	53.74
235.18	53.74
238.22	53.74
238.79	49.35
240.51	49.35
241.08	166.38
242.07	153.29
244.79	153.29
246.45	153.29
247.02	153.75
247.87	157.19
250.89	146.96
