0.82	111.14
3.26	111.14
4.91	100.65
7.2	45.88
10.68	45.88
13.5	211.29
16.77	157.29
19.74	157.29
22.13	157.29
22.89	134.78
24.02	134.78
26.16	55.12
26.55	123.38
26.87	123.38
28.17	123.38
30.9	121.59
32.75	121.59
35.96	256.41
38.35	196.87
40.9	28.95
43.27	28.95
45.46	28.95
46.71	78.47
49.84	93.65
51.13	93.65
53.12	93.65
53.51	73.22
54.27	113.94
57.44	113.94
59.72	113.94
60.63	203.79
63.24	203.79
65.44	3.92
68.34	143.06
70.07	143.06
71.7	143.06
72.86	118.68
73.71	23.49
76.05	23.49
78.9	23.49
80.73	91.06
81.72	91.06
85.02	6.34
85.33	6.34
87.73	95.99
90.51	95.99
92.22	94.6
94.14	94.6
95.18	61.27
97.36	147.0
99.2	147.0
101.74	130.81
104.12	1.64
104.45	1.64
107.23	36.56
107.5	36.56
108.69	36.56
111.22	80.36
112.88	21.34
114.84	24.99
115.45	24.99
115.75	41.6
118.21	41.6
121.61	41.6
122.21	68.82
124.65	241.05
126.95	241.05
127.13	238.45
130.01	238.45
131.77	238.45
134.84	138.18
136.31	42.26
138.75	42.26
142.06	42.26
142.53	146.25
144.85	146.25
148.32	30.23
148.56	156.36
149.99	156.36
150.69	156.36
151.58	9.1
152.81	249.44
154.08	249.44
157.24	249.44
160.46	38.95
161.01	38.95
163.59	163.94
166.09	163.94
166.7	146.03
170.04	219.48
170.97	219.48
173.61	172.3
175.68	172.3
177.32	172.3
179.35	210.32
180.48	210.32
181.48	121.09
184.96	121.09
188.31	121.09
191.76	218.31
193.64	218.31
194.79	14.84
196.57	214.18
196.73	102.66
199.02	105.95
202.26	144.02
202.88	144.02
205.28	144.02
207.39	183.42
209.77	183.42
212.76	76.32
214.8	185.24
217.74	50.34
221.17	50.34
223.43	154.82
224.45	154.82
225.87	154.82
227.1	69.62
229.32	69.62
230.4	26.24
233.14	26.24
235.11	90.61
237.74	90.61
238.94	257.17
240.95	199.52
243.64	199.52
246.19	199.52
247.23	247.93
247.33	247.93
248.13	27.47
250.19	27.47
