3.12	101.66
5.41	101.66
8.35	101.66
10.99	120.5
12.46	226.93
15.17	226.93
16.45	226.93
18.6	2.53
21.77	2.53
24.45	2.53
27.35	92.98
30.11	44.13
33.43	44.13
35.19	44.13
38.54	19.64
39.77	19.64
41.34	19.64
44.73	137.26
44.91	137.26
45.44	228.48
46.93	228.48
49.82	241.08
52.36	241.08
55.13	241.08
56.47	100.87
57.36	100.87
60.32	100.87
61.41	237.58
64.18	237.58
67.53	237.58
70.71	212.67
70.91	167.59
72.36	167.59
72.58	167.59
73.3	53.65
76.48	135.65
77.33	138.73
80.39	138.73
83.04	222.63
86.5	222.63
88.12	123.13
88.37	123.13
90.58	59.52
91.95	190.56
95.32	190.56
97.68	241.64
99.02	241.64
100.0	133.39
101.5	133.39
104.47	133.39
106.54	165.83
107.48	141.98
110.78	6.16
113.99	6.16
117.06	6.16
118.22	238.75
120.33	152.22
121.91	43.4
125.18	43.4
127.59	43.4
130.22	168.03
131.36	20.5
133.96	246.03
134.35	246.03
136.51	246.03
139.47	143.58
142.91	8.13
145.16	97.77
146.79	97.77
148.73	75.84
149.81	75.84
152.29	75.84
155.03	206.98
156.72	206.98
157.87	49.47
161.18	49.47
161.93	220.16
164.35	220.16
165.55	220.16
168.04	199.39
168.95	199.39
172.14	199.39
174.4	131.55
174.62	173.32
176.46	173.32
178.92	10.68
181.28	10.68
183.0	245.53
185.9	245.53
186.38	245.53
186.83	215.44
190.3	215.44
191.49	215.44
192.27	181.77
193.98	181.77
194.81	181.77
196.92	85.52
197.59	186.64
197.79	186.64
198.97	70.0
199.48	70.0
202.34	70.0
202.54	165.1
204.64	216.72
204.79	216.72
207.29	216.72
209.03	93.59
209.46	93.59
209.85	93.59
210.17	124.12
211.66	110.7
212.44	206.92
215.12	206.92
216.67	206.92
217.23	194.92
217.77	232.06
218.19	195.66
220.18	75.02
221.63	75.02
223.09	245.57
224.23	245.57
227.62	245.57
229.85	42.89
232.91	42.89
233.14	243.84
233.94	243.84
237.44	130.72
240.18	6.57
241.98	237.09
242.44	237.09
244.79	237.09
245.64	134.6
246.69	98.42
249.11	214.83
251.62	214.83
