3.27	5.28
4.46	5.28
6.61	147.64
6.83	147.64
7.23	68.12
9.99	68.12
13.21	67.55
14.86	67.55
16.78	67.55
17.14	140.5
17.71	140.5
19.05	17.57
21.74	17.57
22.33	17.57
23.69	62.24
25.45	62.24
27.28	156.22
29.42	156.22
32.3	258.79
33.37	84.52
36.45	84.52
39.42	237.79
40.22	237.79
41.76	237.79
45.23	76.28
45.48	220.19
48.66	67.98
48.78	95.29
50.32	95.29
53.58	125.95
56.4	178.82
59.48	178.82
61.42	178.82
64.58	185.46
67.14	185.46
68.16	79.32
70.93	48.65
74.31	48.65
77.58	48.65
78.03	76.03
79.85	76.03
80.77	76.03
81.64	151.55
84.15	65.89
86.19	65.89
87.39	65.89
89.28	45.84
89.56	102.13
90.7	231.99
93.11	231.99
94.35	231.99
97.56	48.76
97.86	128.07
99.66	49.02
101.31	49.02
103.34	96.03
105.64	96.03
106.83	96.03
109.31	220.71
111.48	220.71
112.3	101.56
112.92	101.56
115.25	204.02
118.25	237.62
119.61	237.62
120.23	188.37
121.59	188.37
123.01	46.68
125.15	158.62
127.68	158.62
128.71	158.62
129.15	39.47
129.66	39.47
131.92	39.47
132.94	125.04
135.79	125.04
137.04	125.04
138.84	216.73
140.51	135.8
142.72	135.8
145.79	253.95
146.85	253.95
149.66	187.18
150.26	187.18
151.7	187.18
154.47	189.41
154.68	64.47
155.63	64.47
158.34	64.47
161.24	122.78
161.99	122.78
162.9	122.78
165.37	150.85
165.72	119.87
167.43	119.87
169.56	119.87
171.84	43.97
172.4	43.97
173.08	43.97
174.68	82.08
177.18	148.06
177.89	148.06
179.64	6.77
181.59	6.77
183.02	6.77
184.75	180.31
186.16	180.31
187.53	180.31
187.98	221.89
191.32	227.6
191.84	227.6
194.4	83.22
196.72	83.22
200.04	183.62
201.49	183.62
204.91	208.48
206.3	208.48
207.17	105.17
209.11	105.17
212.31	187.27
213.56	187.27
216.06	187.27
218.77	87.66
219.0	87.66
219.94	87.66
222.09	236.2
223.24	236.2
224.88	156.85
225.95	156.85
228.16	197.55
228.86	197.55
229.02	197.55
230.76	116.33
232.71	211.43
233.86	211.43
235.63	23.94
238.19	23.94
240.81	230.05
242.76	230.05
243.22	149.52
245.72	101.32
246.87	101.32
248.88	178.46
251.14	178.46
