2.21	108.38
3.71	175.6
6.89	236.01
7.37	236.01
9.83	236.01
11.73	17.59
14.2	10.33
17.11	10.33
17.62	10.33
18.9	205.21
20.28	58.86
23.53	166.86
26.95	166.86
27.65	23.01
29.15	23.01
31.34	23.01
32.16	163.76
33.96	163.76
35.48	163.76
38.48	23.15
41.66	23.15
42.96	23.15
43.54	76.31
46.77	84.81
49.8	84.81
51.22	84.81
53.59	90.18
54.4	134.41
55.34	103.52
57.69	103.52
61.15	46.9
62.44	46.9
62.96	46.9
64.83	145.14
66.97	145.14
68.9	183.33
69.59	158.16
72.13	158.16
72.87	235.63
76.15	131.99
77.82	131.99
80.14	90.67
82.36	103.77
83.21	54.7
83.81	54.7
86.76	205.97
87.9	205.97
89.92	205.97
91.77	16.78
92.76	16.78
93.13	41.64
93.46	41.64
95.0	41.64
96.86	146.03
99.91	146.03
100.25	146.03
102.37	170.66
104.11	238.38
106.82	238.38
110.12	238.38
111.49	142.16
114.22	142.16
115.52	142.16
117.32	94.91
119.56	94.91
120.27	101.49
123.16	101.49
125.4	11.51
126.34	11.51
129.25	56.67
130.87	170.27
133.65	248.78
136.39	248.78
138.85	151.61
142.22	151.61
144.37	151.61
146.36	119.51
149.34	119.51
151.39	119.51
154.09	31.21
156.69	31.21
157.66	60.14
160.18	201.34
162.39	201.34
164.34	201.34
165.66	97.78
168.38	97.78
169.96	97.78
170.49	137.2
172.78	137.2
173.45	234.17
174.95	89.05
175.43	89.05
175.57	0.4
175.87	0.4
177.23	47.96
177.79	47.96
181.13	47.96
183.38	185.95
184.42	185.95
187.56	185.95
189.84	25.73
190.25	25.73
190.48	210.59
191.92	245.15
192.48	245.15
193.93	122.47
197.43	122.47
200.06	122.47
200.2	38.75
200.66	38.75
201.35	38.75
203.63	1.65
204.33	1.65
205.1	29.97
206.56	38.2
207.51	38.2
207.65	105.63
210.96	105.63
213.51	207.1
216.33	248.79
218.64	248.79
221.68	238.72
222.46	238.72
224.04	77.64
226.04	77.64
229.52	77.64
230.52	124.65
230.79	124.65
231.03	8.88
233.2	8.88
236.23	41.03
238.93	235.37
239.42	235.37
239.75	235.37
241.84	93.21
244.73	93.21
246.09	13.5
247.22	116.35
247.66	116.35
248.65	116.35
248.89	219.54
249.15	219.54
251.96	76.51
