1.38	255.21
2.33	255.21
5.32	255.21
8.26	9.13
11.31	11.51
13.29	196.11
14.21	196.11
17.62	196.11
18.06	23.95
18.97	44.93
19.36	44.93
22.24	96.31
24.25	96.31
24.91	71.61
25.98	71.61
26.75	71.63
28.19	71.63
29.51	224.4
29.94	39.48
30.39	39.48
30.67	59.77
33.08	59.77
33.95	125.94
34.41	125.94
37.74	233.93
40.49	157.1
41.55	157.1
44.19	91.76
44.71	91.76
45.1	91.76
46.28	64.42
46.76	20.15
47.24	20.15
48.65	7.9
50.21	7.9
50.47	138.75
52.09	206.94
55.38	206.94
56.61	163.52
56.9	163.52
57.32	163.52
58.36	195.13
60.61	195.13
63.22	46.22
66.27	185.98
68.15	185.98
69.77	39.63
71.24	39.63
73.03	39.63
76.04	42.27
77.94	42.27
78.19	42.27
78.3	254.94
81.12	254.94
82.25	254.94
83.74	47.83
84.64	124.58
85.37	124.58
85.61	187.01
87.09	187.01
89.53	187.01
92.38	23.89
94.7	23.89
95.82	23.89
97.86	23.53
99.62	23.53
102.88	23.53
103.95	53.69
105.18	65.75
105.47	65.75
108.78	68.29
110.27	68.29
111.45	98.46
114.07	30.11
117.2	30.11
117.84	21.32
121.26	21.32
123.07	21.32
126.01	31.31
127.49	31.31
127.84	31.31
129.61	153.5
131.07	153.5
131.78	141.38
134.72	141.38
134.92	202.92
135.25	202.92
138.03	202.92
141.44	195.51
144.89	195.51
148.31	2.3
151.73	2.3
152.99	2.3
154.4	180.55
154.89	180.55
156.5	182.51
156.97	182.51
157.61	117.45
158.03	54.77
161.37	54.77
164.85	54.77
166.97	198.25
169.29	198.25
169.62	198.25
169.85	102.39
171.14	64.16
173.2	64.16
175.24	64.16
177.7	193.62
179.13	193.62
182.17	167.77
183.53	167.77
185.06	167.77
186.77	143.24
189.2	143.24
191.47	143.24
193.01	228.81
195.12	228.81
196.98	31.71
199.9	31.71
200.69	31.71
201.15	29.17
204.54	29.17
204.98	29.17
207.94	251.56
210.09	135.83
212.81	135.04
212.92	135.04
215.01	135.04
218.1	112.1
219.47	112.1
222.69	213.95
223.48	213.95
226.13	73.32
228.81	105.57
230.31	105.57
230.69	233.56
231.72	145.79
233.92	145.79
235.11	145.79
235.22	4.8
238.64	4.8
238.75	4.8
240.76	209.95
242.6	83.84
243.32	177.03
244.61	177.03
246.15	235.39
248.32	228.9
251.68	228.9
