2.46	83.74
5.19	207.01
8.58	207.01
9.15	146.23
9.94	146.23
11.73	146.23
12.49	109.34
15.91	109.34
16.68	109.34
16.95	26.37
18.16	36.03
21.35	36.03
21.77	38.69
22.66	107.41
23.85	107.41
25.02	222.06
25.24	222.06
25.89	188.91
29.02	257.81
29.58	257.81
30.71	242.17
34.0	242.17
36.8	242.17
39.08	108.61
41.75	108.61
41.86	2.74
42.98	2.74
44.38	2.74
46.31	221.96
49.33	69.95
50.9	69.95
53.89	69.95
54.11	236.69
55.18	51.15
55.81	218.37
56.07	218.37
57.25	218.37
60.18	10.17
62.88	69.5
64.47	109.29
67.13	109.29
69.11	109.29
71.34	106.5
73.68	106.5
76.0	236.35
77.15	46.15
80.07	72.64
81.46	253.77
84.34	136.33
86.21	136.33
88.64	239.75
89.27	239.75
91.57	239.75
92.43	136.56
93.73	136.56
96.11	136.56
97.2	220.64
99.06	43.28
102.1	43.28
103.78	43.28
106.12	32.0
106.31	32.0
107.31	48.53
107.96	48.53
108.82	48.53
111.88	106.65
113.58	106.65
114.96	243.81
117.06	243.81
119.03	93.73
121.29	93.73
123.99	93.73
124.98	0.83
125.96	42.67
127.14	42.67
130.09	42.67
131.0	233.08
133.15	233.08
134.49	199.15
137.23	199.15
139.35	199.15
142.33	177.24
144.9	177.24
147.04	177.24
148.42	202.69
149.59	202.69
150.65	202.69
152.7	63.48
153.46	100.86
154.67	100.86
156.97	100.86
158.35	89.29
161.32	89.29
164.52	41.62
165.16	41.62
167.23	41.62
169.85	12.19
172.22	8.3
174.15	8.3
176.73	226.49
177.29	226.49
179.09	55.7
182.23	55.7
183.37	55.7
185.23	224.62
186.36	224.62
189.17	224.62
191.03	121.86
191.91	121.86
193.73	121.86
194.28	165.18
197.5	165.18
197.64	167.11
197.97	167.11
198.82	5.46
202.2	5.46
204.9	152.11
207.54	107.71
209.62	31.48
212.27	31.48
213.6	31.48
213.79	91.41
216.81	65.23
219.24	65.23
221.17	65.23
222.47	123.56
225.37	123.56
228.38	123.56
229.08	52.56
231.71	43.92
232.04	43.92
233.5	43.92
235.04	42.94
235.59	42.94
236.66	96.56
239.77	170.33
241.77	22.64
245.15	22.64
246.45	221.34
248.94	221.34
249.66	221.34
253.14	47.24
