2.65	91.73
5.05	91.73
7.76	91.73
7.95	94.15
9.17	94.15
11.55	94.15
14.74	243.19
17.74	243.19
18.62	156.25
20.22	156.25
22.83	156.25
26.03	63.22
27.45	63.22
30.72	258.91
33.06	8.66
35.48	8.66
37.02	8.66
40.03	214.8
42.29	214.8
44.62	249.99
44.72	249.99
46.76	249.99
49.81	176.92
51.66	176.92
51.98	176.92
53.05	24.79
55.06	24.79
55.51	93.76
55.63	249.86
58.13	249.86
61.52	249.86
62.81	126.48
65.95	126.48
67.85	139.58
70.97	149.81
73.91	149.81
76.88	149.81
78.58	25.88
78.9	25.88
82.16	25.88
84.52	230.88
87.81	230.88
90.55	230.88
93.48	117.03
95.68	117.03
98.77	39.61
101.23	39.61
102.6	127.09
104.77	127.09
105.52	77.31
106.37	77.31
107.35	77.31
110.21	258.26
110.35	122.93
111.69	122.93
111.99	121.71
114.94	121.71
115.22	196.62
116.29	148.64
118.98	148.64
120.74	148.64
121.08	36.82
123.84	127.3
126.32	143.77
128.21	143.77
131.44	143.77
134.71	138.46
135.37	138.46
136.02	248.42
138.86	248.42
140.26	248.42
142.16	34.94
144.56	34.94
145.72	40.08
147.23	40.08
148.3	85.47
149.05	181.8
151.59	181.8
151.9	181.8
154.57	6.1
154.72	213.1
156.16	213.1
158.46	111.26
161.0	111.26
163.32	94.06
164.12	94.06
166.5	118.2
169.45	118.2
169.76	84.08
170.13	84.08
171.42	84.08
174.1	233.04
175.08	233.04
175.82	233.04
179.11	199.67
180.84	199.67
182.51	199.67
184.77	143.27
186.92	143.27
189.53	181.91
190.49	181.91
190.66	181.91
192.22	124.74
194.95	71.03
196.41	99.99
198.82	99.99
201.59	99.99
203.0	219.64
203.65	219.64
205.74	130.92
206.06	130.92
208.63	130.92
209.13	3.78
211.05	3.78
213.9	102.88
216.85	102.88
217.68	102.88
218.39	97.79
221.1	97.79
223.67	41.34
224.25	41.34
225.88	41.34
226.64	218.73
227.09	218.73
229.82	77.38
231.41	77.38
234.74	77.38
237.0	53.57
239.03	53.57
239.25	260.71
240.04	260.71
243.17	260.71
244.77	85.55
247.53	85.55
249.85	2.89
251.54	28.23
