0.52	171.81
3.39	171.81
4.52	171.81
6.69	239.58
6.92	239.58
10.2	239.58
10.79	80.87
13.86	80.87
16.78	80.87
19.66	111.28
20.32	111.28
22.78	236.22
23.65	236.22
24.14	188.18
26.5	69.57
29.06	69.57
30.93	69.57
31.59	149.01
34.3	149.01
36.69	27.76
37.66	27.76
40.0	71.33
42.75	71.33
45.08	148.75
47.82	148.75
48.44	196.24
50.35	196.24
52.48	20.7
53.34	20.7
56.56	20.7
59.46	136.57
62.87	86.24
65.78	86.24
69.19	86.24
70.14	68.97
73.6	68.97
76.15	201.45
79.3	201.45
80.09	160.23
80.48	160.23
81.16	104.59
83.06	104.59
85.1	104.59
86.06	135.58
89.12	135.58
91.58	135.58
94.24	161.19
97.62	59.39
98.38	59.39
98.73	59.28
99.55	59.28
100.47	70.9
103.43	70.9
104.29	70.9
107.53	144.75
110.4	85.26
111.1	85.26
112.3	85.26
115.62	6.28
116.79	6.28
120.21	6.28
123.15	29.92
125.2	29.92
127.72	161.32
130.99	161.32
132.41	161.32
133.46	122.44
135.02	128.13
136.12	128.13
137.87	128.13
138.65	130.37
141.96	130.37
142.79	146.99
145.81	146.99
147.24	146.99
148.44	163.14
151.23	152.66
153.99	152.66
154.33	152.66
157.78	49.84
161.12	49.84
162.54	241.66
163.72	76.34
164.76	76.34
165.09	76.34
167.1	83.36
169.64	83.36
172.55	83.36
174.92	67.07
176.58	82.48
177.07	188.51
178.13	109.68
179.08	109.68
181.65	192.05
182.61	192.05
183.09	192.05
183.97	235.56
186.07	235.56
187.73	235.56
187.88	171.86
191.07	171.86
193.9	26.57
197.05	26.57
200.39	26.57
200.82	229.43
204.08	229.43
205.01	229.43
206.54	231.5
208.46	231.5
209.93	231.5
211.77	85.69
213.48	158.7
216.39	158.7
218.7	186.09
222.0	186.09
223.16	186.09
226.28	197.0
229.0	197.0
231.45	197.0
232.83	142.43
235.82	249.79
237.59	91.88
237.95	91.88
238.69	91.88
239.75	68.04
240.5	68.04
241.23	68.04
241.82	100.72
242.36	100.72
244.97	100.72
248.03	154.98
249.04	154.98
250.01	115.65
