0.66	135.39
1.16	36.5
1.84	36.5
3.84	36.5
4.54	160.29
6.18	160.29
7.01	160.29
7.78	39.56
10.13	39.56
12.35	39.56
13.98	195.87
14.49	225.95
17.87	205.67
21.05	205.67
21.75	237.31
23.14	237.31
25.05	237.31
26.54	172.97
27.32	172.97
27.56	172.97
30.63	252.84
32.2	126.63
35.4	126.63
36.73	126.63
39.39	9.29
42.19	9.29
44.38	9.29
44.83	195.31
46.53	195.31
49.55	114.64
50.04	151.84
52.05	20.3
53.5	20.3
56.26	20.3
58.11	104.55
61.58	104.55
61.76	104.55
62.24	9.18
63.61	254.17
66.18	46.13
69.65	46.13
72.62	46.13
74.41	259.17
75.32	193.17
77.27	193.17
79.82	20.3
79.97	20.3
83.42	20.3
86.85	241.39
88.66	15.84
88.91	15.84
91.46	37.78
92.81	37.78
95.4	4.6
96.88	61.18
98.98	61.18
101.38	61.18
103.93	7.33
104.4	68.82
104.68	68.82
106.38	68.82
107.09	6.35
108.49	91.01
108.81	91.01
110.05	91.01
111.0	252.89
114.28	240.39
116.02	189.76
116.45	34.91
118.41	34.91
120.63	34.91
123.95	133.44
124.37	133.44
125.28	83.9
127.2	83.9
128.03	83.9
128.58	2.55
129.92	2.55
133.15	72.64
134.42	178.37
135.36	178.37
138.82	178.37
139.11	72.19
141.02	72.19
143.11	72.19
144.12	247.68
146.7	247.68
149.31	247.68
150.39	165.43
153.82	165.43
155.93	135.71
157.55	135.71
157.85	135.71
159.41	260.65
160.2	120.28
160.35	120.28
163.25	120.28
164.76	136.65
167.44	62.93
168.61	62.93
170.19	248.29
172.91	248.29
175.1	78.06
175.51	78.06
177.16	6.68
178.92	6.68
180.88	155.35
181.94	30.19
183.97	30.19
185.89	210.59
189.08	83.32
192.38	83.32
193.52	83.32
195.94	5.76
198.75	206.8
199.61	206.8
200.56	34.38
201.65	34.38
202.99	158.92
204.89	124.9
206.6	124.9
208.44	187.72
209.41	187.72
212.29	187.72
214.21	125.19
214.54	133.92
215.55	32.44
218.04	32.44
221.54	32.44
221.75	239.73
224.4	60.05
226.0	60.05
227.5	117.86
227.99	242.01
228.93	242.01
229.47	242.01
231.35	125.7
232.18	10.53
235.57	10.53
237.79	229.13
237.95	19.69
239.19	150.76
240.19	150.76
241.15	150.76
241.29	191.14
241.49	240.7
242.01	43.8
242.98	159.94
245.99	159.94
248.1	159.94
248.29	12.37
250.95	12.37
