2.09	12.98
2.9	101.45
4.85	15.76
7.71	15.76
11.04	77.85
12.54	77.85
12.66	77.85
15.59	98.83
16.3	98.83
18.75	98.83
21.15	23.82
22.93	23.82
26.16	40.27
26.69	40.27
28.4	40.27
29.59	43.97
32.39	43.97
35.82	208.39
39.11	208.39
41.67	208.39
41.94	189.7
43.79	108.37
46.26	108.37
47.01	210.88
48.34	251.68
49.37	253.46
52.0	183.53
53.73	254.44
55.43	254.44
56.59	254.44
57.55	26.94
57.73	26.94
59.38	142.12
60.74	142.12
62.1	142.12
65.35	156.21
65.62	156.21
68.82	156.21
69.93	24.82
71.38	84.77
71.62	84.77
72.37	85.84
75.82	123.58
78.25	125.32
79.2	125.32
80.14	125.32
83.43	51.31
83.74	51.31
85.28	126.54
86.42	126.54
88.8	88.15
91.99	88.15
92.29	88.15
92.69	51.57
95.69	51.57
97.57	54.9
100.52	33.97
102.17	33.97
103.85	198.88
104.22	61.38
106.17	61.38
109.0	210.94
111.31	62.39
111.8	62.39
113.5	199.54
116.99	205.75
119.94	205.75
121.71	229.09
124.98	229.09
125.61	229.09
126.35	226.91
127.15	226.91
128.56	226.91
130.01	111.11
132.83	111.11
134.58	200.65
134.77	200.65
136.95	91.44
139.34	91.44
141.94	131.45
143.18	258.89
144.87	258.89
148.03	186.66
149.1	186.66
149.24	186.66
151.01	220.68
152.55	134.12
153.65	225.79
155.27	225.79
156.98	57.46
158.71	57.46
160.99	6.87
163.23	6.87
165.31	6.01
167.54	6.01
168.27	41.24
168.65	41.24
170.26	41.24
173.35	39.35
175.26	39.35
177.83	39.35
179.03	210.57
182.34	126.93
184.86	76.76
188.1	160.52
189.22	160.52
189.37	228.27
191.01	108.34
191.82	198.39
194.66	198.39
194.86	103.77
196.7	112.03
198.64	112.03
201.14	209.49
202.85	223.64
204.69	223.64
205.41	187.29
206.48	187.29
208.9	187.29
210.33	215.3
210.85	171.34
211.58	40.78
212.04	40.78
213.34	40.78
216.63	53.74
218.33	53.74
218.81	53.74
220.63	256.78
224.09	256.78
226.18	32.33
228.42	32.33
231.71	32.33
232.5	58.65
233.8	246.46
235.01	246.46
237.97	246.46
238.99	195.73
240.74	145.62
242.53	90.75
245.84	235.6
246.49	50.03
248.29	50.03
251.77	50.03
