2.05	193.0
2.56	193.0
3.03	140.58
5.72	140.58
9.13	140.58
9.78	91.54
11.64	91.54
14.42	91.54
16.49	4.63
19.67	4.63
20.75	206.14
23.01	206.14
26.0	206.14
27.88	239.96
30.15	239.96
32.31	239.96
32.57	161.56
34.39	111.63
35.29	111.63
37.98	111.63
39.34	140.68
42.6	140.68
44.02	188.48
44.27	188.48
46.88	220.03
49.14	55.28
51.4	156.24
52.71	27.74
54.81	27.74
58.26	124.09
59.23	124.09
60.69	124.09
62.8	157.65
63.38	36.61
65.1	36.61
66.41	36.61
69.8	171.71
71.28	171.71
73.1	239.42
75.3	239.42
77.92	239.42
81.31	68.45
82.71	68.45
85.52	68.45
88.8	55.48
90.68	55.48
91.72	55.48
94.54	208.07
94.71	105.33
95.92	105.33
98.83	105.33
99.6	137.54
100.96	137.54
102.06	91.82
103.83	91.82
104.57	182.01
106.51	182.01
107.59	169.19
109.22	169.19
110.38	72.62
113.45	72.62
116.25	99.19
118.48	99.19
121.96	218.01
124.21	82.04
125.23	26.62
126.26	60.28
129.64	73.13
132.74	73.13
136.17	52.04
136.65	52.04
139.7	52.04
141.16	114.16
143.16	114.16
146.52	201.89
148.63	201.89
151.05	201.89
151.34	87.13
152.03	87.13
152.87	87.13
154.9	106.41
155.3	246.16
156.68	118.3
158.96	118.3
161.85	118.3
164.51	109.78
165.41	127.38
165.56	127.38
166.95	101.14
170.19	101.14
172.42	227.61
174.8	129.02
175.69	129.02
178.87	129.02
179.2	78.89
179.64	252.12
182.09	252.12
184.98	252.12
185.5	37.11
186.6	134.3
187.32	244.65
188.42	244.65
189.24	244.65
192.45	246.47
194.98	246.47
196.37	246.47
198.35	233.09
201.63	233.09
202.99	233.09
204.22	71.02
204.99	71.02
207.81	71.02
209.56	164.57
212.8	164.57
213.16	164.57
215.8	30.99
219.0	31.65
222.08	31.65
225.06	2.51
228.4	2.51
229.07	59.42
231.51	59.42
233.93	59.42
236.15	166.04
239.35	132.86
239.6	125.15
240.34	125.15
240.93	125.15
243.16	117.33
244.72	117.33
247.15	117.33
248.33	68.11
251.72	68.11
