0.55	134.41
2.45	134.41
2.82	134.41
5.63	242.22
6.5	173.17
8.04	173.17
10.84	230.44
14.27	169.74
17.47	169.74
17.8	169.74
20.72	180.32
23.04	180.32
23.6	126.16
26.6	126.16
30.08	250.84
31.56	250.84
33.32	117.53
35.83	117.53
38.26	117.53
38.74	32.23
39.42	32.23
42.35	105.91
44.19	64.48
44.39	64.48
47.44	64.48
47.85	162.75
50.09	162.75
50.45	162.75
52.09	252.42
55.34	96.42
57.56	96.42
60.56	96.42
60.89	214.57
61.1	35.19
62.39	234.41
63.74	234.41
64.96	234.41
65.45	157.66
67.88	203.62
68.76	203.62
69.67	203.62
73.07	36.39
73.2	36.39
76.64	36.39
78.75	240.32
80.31	240.32
82.99	115.05
86.24	115.05
87.55	189.61
88.72	252.79
89.73	81.57
90.77	81.57
92.24	193.47
92.54	75.58
94.95	75.58
97.75	75.58
98.03	206.07
99.43	206.07
100.73	206.07
102.53	174.93
103.97	174.93
104.93	174.93
107.68	67.62
109.39	130.54
111.74	130.54
113.64	130.54
114.61	0.84
114.8	0.84
116.74	29.89
119.26	29.89
121.17	29.89
122.09	215.03
123.06	215.03
124.5	215.03
125.71	5.16
129.11	172.82
129.4	172.82
132.64	172.82
134.67	17.28
134.86	17.28
135.25	257.96
137.14	185.01
138.71	185.01
140.78	185.01
143.15	87.19
145.17	87.19
147.51	87.19
150.26	189.38
151.95	57.86
152.12	230.23
154.08	136.81
154.3	50.35
156.8	216.22
157.27	30.85
160.25	30.85
160.42	30.85
163.49	16.86
163.74	16.86
165.59	32.05
167.34	32.05
169.15	130.93
172.36	207.82
175.82	207.82
178.76	174.63
180.66	169.48
181.76	98.53
182.89	98.53
183.11	98.53
184.47	174.7
187.05	15.98
189.63	15.98
189.95	60.44
191.16	60.44
193.42	60.44
196.29	249.78
198.67	249.78
199.96	88.25
200.92	102.55
202.43	102.64
203.67	52.53
204.37	52.53
207.12	106.75
208.01	106.75
208.98	106.75
211.35	112.01
214.08	112.01
214.19	79.94
215.88	79.94
217.71	153.19
220.73	153.19
220.92	153.19
223.41	39.08
224.83	39.08
226.44	248.89
227.62	248.89
230.92	248.89
233.01	78.99
233.31	78.99
235.18	78.99
236.74	175.73
239.15	175.73
239.59	35.49
241.57	35.49
242.61	96.32
245.36	96.32
245.61	9.89
247.73	9.89
249.11	254.23
249.98	8.96
253.25	197.67
