1.89	74.96
4.85	74.96
5.15	74.96
7.04	208.19
8.89	189.68
10.4	189.68
13.12	141.75
14.36	141.75
16.12	141.75
18.14	127.6
20.33	127.6
23.6	127.6
25.83	99.27
29.05	99.27
32.42	237.22
35.85	237.22
37.31	237.22
38.35	84.94
40.92	84.94
41.43	16.04
43.63	16.04
44.71	16.04
45.59	23.53
48.04	23.53
49.93	23.53
51.38	64.21
52.07	64.21
54.91	102.73
56.1	100.72
58.57	100.72
61.33	2.33
63.89	2.33
65.61	2.33
68.13	217.82
69.94	181.02
72.69	181.02
72.93	127.36
73.45	127.36
73.83	127.36
74.31	108.72
77.8	108.72
80.71	108.72
82.99	202.83
86.29	9.75
89.44	9.75
89.71	90.75
91.67	90.75
92.97	90.75
93.42	97.0
94.5	101.9
95.22	129.61
95.92	129.61
99.26	129.61
100.27	256.89
103.14	256.89
104.29	256.89
105.53	229.49
106.48	229.49
107.15	76.45
110.0	214.3
113.29	214.3
113.8	214.3
115.53	53.89
118.75	53.89
119.99	53.89
123.29	210.69
125.56	210.69
126.07	73.49
128.6	73.49
130.9	73.49
131.1	132.64
131.98	132.64
132.62	181.93
134.17	181.93
136.09	111.08
136.33	111.08
138.94	171.81
139.87	182.66
140.95	118.3
143.87	118.3
146.66	199.06
148.09	199.06
149.09	199.06
152.33	170.67
153.75	170.67
154.94	136.06
156.28	136.06
159.52	136.06
161.93	225.0
162.67	58.83
163.51	58.83
164.24	58.83
165.51	17.37
168.94	17.37
170.73	175.06
171.07	175.06
173.13	175.06
175.74	247.23
176.31	31.42
178.23	127.14
179.51	127.14
180.97	122.19
181.45	122.19
183.12	122.19
186.14	79.53
188.74	79.53
191.2	219.84
192.55	219.84
196.0	23.59
196.78	23.59
200.05	23.59
202.83	222.98
204.19	222.98
205.18	222.98
206.55	241.11
209.86	221.55
213.21	125.15
216.61	113.64
217.35	113.64
218.87	170.51
219.64	171.03
222.36	171.03
224.83	171.03
225.07	85.63
226.51	85.63
229.69	85.63
230.11	208.94
231.79	208.94
233.3	208.94
234.27	105.34
237.46	105.34
240.5	157.55
241.03	98.57
244.44	98.57
246.14	157.56
247.77	157.56
250.21	90.67
