2.64	228.42
4.14	228.42
5.89	24.85
6.55	24.85
7.89	24.85
9.96	188.46
11.09	188.46
14.45	231.94
14.87	231.94
16.06	100.36
17.88	100.36
18.85	100.36
20.59	162.64
21.83	162.64
22.89	6.77
23.04	6.77
24.57	168.87
27.78	168.87
29.94	168.87
30.16	209.32
31.73	209.32
34.27	209.32
36.59	70.0
38.89	202.76
41.58	202.76
41.98	202.76
43.64	170.34
46.15	170.34
49.58	3.58
52.77	3.58
55.45	221.8
58.4	16.61
59.02	97.35
62.16	147.69
63.84	147.69
64.07	62.55
65.5	62.55
67.04	152.96
70.26	152.96
72.75	152.96
74.44	217.09
75.45	204.93
76.09	202.03
79.38	202.03
82.35	202.03
85.49	3.93
86.92	3.93
90.06	78.59
92.73	78.59
94.18	78.59
97.35	70.4
99.02	49.62
102.48	49.62
103.6	49.62
104.04	254.88
106.54	254.88
109.8	254.88
112.4	42.84
114.17	42.84
116.75	42.84
116.95	16.8
119.97	19.38
123.26	95.33
125.01	16.29
126.12	16.29
129.05	259.81
130.77	80.81
130.89	80.81
131.65	80.81
131.91	77.91
134.19	77.91
135.13	77.91
137.44	170.55
138.45	170.55
140.54	149.94
142.41	77.03
145.9	77.03
146.07	77.03
146.78	50.1
148.9	50.1
150.28	240.51
151.18	222.04
153.64	222.04
157.12	222.04
158.75	243.32
159.25	243.32
161.39	243.32
163.81	177.58
167.01	177.58
169.31	29.06
172.53	29.06
174.04	187.33
177.41	187.33
179.88	142.05
181.52	142.05
182.58	142.05
184.96	33.3
186.16	33.3
186.98	33.3
188.91	124.4
189.13	124.4
190.5	124.4
193.32	26.67
195.35	97.31
198.13	253.11
199.69	253.11
202.5	253.11
204.12	29.2
206.27	29.2
208.0	29.2
209.52	99.51
211.77	54.9
213.57	54.9
216.85	54.9
219.88	238.76
222.54	238.76
223.82	238.76
226.22	33.5
228.16	32.98
229.37	241.9
231.76	241.9
232.8	241.9
233.93	59.05
234.88	59.05
237.11	59.05
239.13	128.55
240.69	128.55
241.69	128.55
244.74	168.48
247.13	168.48
249.62	168.48
253.02	43.06
