3.07	246.47
3.44	246.47
6.25	30.15
9.11	29.77
10.46	29.77
11.39	29.77
13.36	226.13
14.13	226.13
16.85	106.62
17.8	106.62
18.19	106.62
20.31	259.0
23.12	63.47
24.04	144.89
25.23	210.43
26.56	16.75
26.68	16.75
29.83	16.75
32.94	75.68
35.56	75.68
38.29	75.68
41.55	123.55
43.41	123.55
44.37	123.55
46.05	6.79
48.91	116.31
51.21	116.31
51.42	215.18
53.43	258.21
56.61	258.21
57.75	258.21
60.11	146.02
62.95	146.02
65.51	96.56
68.0	96.56
68.82	96.56
70.62	140.53
71.11	221.01
74.37	248.49
76.36	248.49
79.45	129.3
82.69	168.06
83.72	168.06
84.89	168.06
87.05	208.55
87.27	140.42
90.68	245.43
91.24	245.43
92.38	116.36
94.03	116.36
95.32	112.58
97.12	112.58
99.58	72.63
100.08	72.63
102.94	75.06
104.26	75.06
107.33	175.95
107.59	175.95
108.02	175.95
111.5	14.57
113.81	14.57
115.09	14.57
116.76	54.4
119.69	147.59
121.51	147.59
123.88	147.59
125.71	13.53
126.44	13.53
127.91	13.53
131.24	227.0
131.44	227.0
134.77	226.46
136.26	226.46
138.69	205.8
138.83	205.8
140.55	69.26
143.05	69.26
146.19	171.24
147.33	46.47
150.56	46.47
151.36	218.05
154.48	218.05
156.07	218.05
156.4	204.58
157.09	204.58
158.71	190.28
161.43	121.0
164.59	15.88
164.94	176.43
165.53	176.43
167.25	176.43
168.46	255.93
171.44	159.14
172.83	159.14
175.67	62.08
176.14	123.7
179.01	123.7
179.84	123.7
182.66	180.53
185.7	112.78
187.88	112.78
188.65	2.03
192.05	2.03
193.7	2.03
194.23	122.58
195.49	122.58
197.43	122.58
200.24	29.81
202.71	173.17
204.62	173.17
206.73	173.17
207.28	240.02
210.06	240.02
213.04	240.02
214.03	146.37
215.25	146.37
218.46	97.43
221.15	97.43
221.7	97.43
224.4	31.26
224.82	31.26
227.4	155.51
230.75	155.51
232.94	58.67
233.99	58.67
237.4	58.67
238.94	125.98
240.31	125.98
240.78	210.27
241.18	169.33
244.12	169.33
245.19	154.45
246.42	159.88
249.28	159.88
251.08	52.58
