1.12	65.71
3.5	65.71
4.09	21.24
6.8	21.24
7.48	227.29
9.44	227.29
11.27	142.93
11.82	237.43
14.91	237.43
18.37	237.43
21.53	106.6
23.0	106.6
25.71	106.6
28.99	21.62
31.18	21.62
33.2	21.62
35.73	243.28
37.52	243.28
39.58	145.04
40.84	145.04
43.46	145.04
46.5	256.67
48.93	256.67
49.12	256.67
49.75	98.04
51.45	98.04
54.64	45.53
57.24	45.53
59.84	223.48
62.05	24.21
64.82	8.26
66.59	8.26
70.07	136.42
71.24	136.42
72.79	188.21
74.6	188.21
74.85	173.48
76.18	173.48
76.32	173.48
78.25	215.09
78.37	215.09
81.34	215.09
82.86	233.65
84.37	233.65
85.3	253.61
85.43	253.61
86.9	222.34
89.83	45.69
91.59	129.99
95.03	129.99
97.78	145.68
98.74	145.68
101.07	109.23
102.42	204.12
105.26	204.12
107.81	204.12
109.0	106.98
111.97	106.98
113.45	39.22
116.01	39.22
118.45	39.22
119.68	23.65
120.14	23.65
122.01	23.65
122.46	50.55
125.74	50.55
128.57	50.55
129.75	34.47
133.0	34.47
133.27	117.88
136.33	117.88
138.75	47.0
141.63	247.59
143.42	83.06
146.24	83.06
148.52	83.06
151.42	107.52
153.77	190.66
157.09	190.66
158.73	79.94
160.28	79.94
162.44	227.25
162.64	130.71
164.97	160.89
166.14	59.14
168.61	59.14
171.07	59.14
172.29	214.95
174.53	135.33
176.09	135.33
179.22	135.33
180.28	249.47
183.01	70.98
183.76	70.98
187.1	118.25
188.88	118.25
192.07	118.25
195.38	199.21
196.72	6.39
196.97	171.84
197.13	171.84
199.63	41.55
200.97	41.55
202.46	41.55
205.2	242.4
208.23	242.4
210.61	242.4
212.78	231.39
214.1	50.58
216.25	50.58
217.39	34.29
218.86	142.1
220.32	142.1
220.84	118.26
221.87	118.26
225.31	118.26
226.61	252.8
227.01	252.8
227.39	127.87
229.7	89.25
232.22	89.25
233.26	50.51
235.46	50.51
237.83	50.51
239.57	29.24
240.09	29.24
241.96	111.36
242.94	111.36
245.98	111.36
246.42	179.87
248.33	179.87
250.54	179.87
