2.86	163.58
5.0	163.58
5.82	95.24
6.75	95.24
9.65	186.42
11.75	120.82
14.13	120.82
17.58	120.82
20.55	158.7
22.44	45.86
24.75	90.39
25.57	139.77
29.04	139.77
29.44	139.77
30.31	67.08
30.7	28.58
31.21	80.2
33.66	80.2
34.45	80.2
37.54	148.74
39.79	148.74
40.16	51.4
41.23	51.4
44.68	51.4
47.25	71.12
49.09	74.0
51.02	74.0
52.6	74.0
53.1	22.68
53.79	95.09
55.35	95.09
55.78	95.09
56.05	84.91
57.66	119.19
60.77	254.19
63.21	254.19
65.73	111.37
68.78	111.37
71.34	111.37
72.82	3.64
74.27	3.64
75.43	3.64
77.6	256.68
78.09	132.38
81.29	132.38
83.2	132.38
84.38	242.65
85.87	34.68
88.75	41.95
91.87	183.93
93.96	183.93
95.75	183.93
97.95	258.31
99.66	207.95
100.83	207.95
103.98	9.56
104.57	127.66
105.48	187.04
107.15	187.04
109.45	187.04
112.35	209.31
113.69	206.52
114.59	177.89
116.53	177.89
119.73	177.89
120.82	118.7
124.17	119.52
127.57	56.53
129.67	56.53
129.92	8.28
132.0	104.83
133.84	154.58
137.21	215.13
139.1	17.39
139.66	17.39
142.3	17.39
142.9	186.18
145.71	225.48
146.13	69.5
148.01	90.53
149.66	201.3
151.5	201.3
154.17	201.3
157.49	84.38
158.36	84.38
159.5	84.38
160.92	18.12
163.98	18.12
167.04	18.12
167.3	214.86
169.61	214.86
171.94	229.86
174.79	229.86
176.49	205.59
179.52	235.44
181.75	235.44
184.22	189.88
184.9	189.88
187.42	100.42
188.76	100.42
190.65	83.23
193.14	112.7
195.23	112.7
196.71	21.83
198.78	131.64
199.87	141.77
203.36	141.77
203.91	141.77
204.84	196.68
207.85	196.68
208.7	243.33
211.01	243.33
211.77	197.06
215.13	197.06
218.38	197.06
220.31	111.73
220.45	111.73
221.85	111.73
223.72	22.27
226.47	47.56
229.15	47.56
230.18	47.56
233.53	255.22
235.72	255.22
237.48	82.67
240.89	7.14
242.28	7.14
243.11	7.14
246.01	72.56
248.91	72.56
252.22	16.19
