0.22	37.98
3.29	131.61
3.49	136.6
3.64	136.6
6.28	136.6
7.93	35.54
9.53	35.54
12.54	35.54
15.01	231.49
16.78	231.49
20.2	44.92
21.4	44.92
23.45	44.92
26.73	243.48
28.06	243.48
29.69	57.41
31.06	57.41
31.9	168.7
33.27	170.39
34.68	170.39
35.56	170.39
36.85	99.97
38.94	99.97
41.71	128.61
42.53	128.61
43.43	176.92
45.61	176.92
47.36	176.92
48.65	36.56
49.7	36.56
50.23	169.79
52.37	169.79
53.02	163.1
54.96	163.1
57.01	110.89
59.55	110.89
60.54	126.45
63.75	126.45
64.13	126.45
65.09	85.85
68.49	85.85
68.75	85.85
68.87	86.94
70.84	86.94
74.17	237.47
76.77	237.47
78.81	126.96
80.18	60.66
83.62	60.66
85.06	5.35
88.26	5.35
89.15	5.35
90.96	250.04
92.07	250.04
93.28	250.04
93.84	21.55
94.29	21.55
95.62	21.55
95.81	65.38
97.43	94.41
100.63	82.88
100.98	82.88
103.67	82.88
104.25	59.07
107.12	59.07
110.58	20.88
113.85	177.72
114.06	177.72
115.2	177.72
116.97	47.06
118.65	47.06
118.81	47.06
121.08	58.19
123.12	96.99
124.63	136.35
128.03	136.35
130.88	136.35
134.15	157.26
136.34	147.76
139.16	147.76
142.61	188.21
142.92	188.21
144.05	13.87
146.81	6.34
150.28	6.34
152.96	0.48
154.81	189.95
156.73	209.53
157.92	209.53
160.14	209.53
161.73	90.4
162.63	90.4
165.74	90.4
168.37	70.39
168.8	70.39
170.49	70.39
171.25	65.71
173.68	163.04
177.07	163.04
180.52	163.04
183.62	21.16
183.91	99.61
185.57	99.61
185.83	99.61
189.32	11.5
189.97	11.5
191.77	239.46
193.86	239.46
194.38	89.97
197.44	89.97
199.9	8.67
203.28	81.29
206.49	59.72
209.6	59.72
210.06	229.67
210.28	229.67
211.11	229.67
213.84	22.43
215.64	242.35
215.97	171.51
218.6	171.51
220.32	114.87
221.58	121.89
222.43	100.92
223.05	100.92
225.93	6.0
228.35	108.1
229.71	5.07
232.96	5.07
233.68	5.07
234.11	84.32
236.26	84.32
238.59	102.53
240.65	102.53
241.24	47.97
242.98	47.97
244.37	93.45
245.84	233.55
247.21	233.55
248.76	187.37
252.02	187.37
