2.55	190.45
4.15	190.45
5.75	190.45
7.78	154.35
9.12	154.35
10.46	154.35
11.39	49.85
11.82	49.85
13.42	49.85
15.97	176.96
17.3	176.96
18.3	176.96
19.41	25.91
22.48	25.91
23.5	25.91
23.66	217.46
25.95	217.46
28.28	47.49
31.0	47.49
32.92	199.42
34.85	65.15
35.37	215.16
36.47	215.16
39.59	215.16
41.78	18.65
43.97	18.65
47.4	187.38
47.99	187.38
49.59	187.38
49.9	133.59
52.16	32.8
54.71	32.8
55.15	32.8
58.5	184.35
59.11	184.35
61.39	239.79
63.09	239.79
66.31	107.0
66.53	107.0
68.09	119.09
69.08	214.03
72.22	219.77
73.0	219.77
74.79	110.95
75.58	110.95
76.73	110.95
79.91	251.89
83.19	251.89
84.27	251.89
85.41	4.57
87.34	4.57
87.77	4.57
89.12	49.58
90.67	49.58
93.94	49.58
94.14	23.4
96.09	152.09
96.98	211.04
99.01	86.52
99.88	75.83
100.3	96.68
102.14	140.33
102.73	140.33
104.66	163.59
105.6	122.42
108.12	58.57
109.85	58.57
112.02	58.57
112.49	12.0
112.62	222.61
115.68	222.61
117.77	79.26
120.08	149.87
122.77	149.87
123.63	149.87
124.21	150.14
127.02	150.14
129.9	150.14
131.42	28.3
131.95	28.3
134.86	75.17
137.73	75.17
138.38	106.2
141.54	106.2
143.15	140.07
145.43	140.07
148.78	140.07
150.18	98.99
153.58	197.74
155.2	107.09
155.81	115.94
156.61	115.94
159.17	115.94
161.71	198.2
161.96	198.2
163.65	198.2
165.02	115.44
165.33	136.97
165.75	136.97
166.96	136.97
168.56	243.19
171.23	243.19
173.54	243.19
176.79	203.18
177.88	189.09
178.01	189.09
181.01	189.09
184.02	223.99
184.93	153.05
187.77	153.05
189.5	141.4
192.25	141.4
192.62	141.4
194.8	155.67
197.91	52.19
199.08	52.19
199.31	52.19
201.06	95.87
201.69	95.87
204.55	96.27
205.17	96.27
208.63	187.43
208.86	187.43
209.45	205.33
211.86	205.33
213.48	105.36
213.93	238.75
216.39	238.75
219.27	69.81
219.63	69.81
222.62	139.56
225.43	139.56
226.53	139.56
227.08	3.31
227.41	162.01
229.82	226.4
230.87	226.4
231.38	15.04
234.66	15.04
235.59	15.04
236.43	82.53
239.69	82.53
239.8	75.88
240.12	75.88
241.14	75.88
242.97	85.84
245.58	85.84
247.92	74.63
249.63	74.63
250.4	74.63
