1.45	192.19
4.05	192.19
6.54	192.19
9.93	93.85
11.32	93.85
13.97	93.85
14.5	194.61
16.55	194.61
18.15	156.69
19.62	156.69
20.38	156.69
21.35	138.69
23.19	138.69
25.68	197.95
27.73	197.95
28.17	197.95
28.43	164.67
29.12	164.67
31.23	157.37
32.45	157.37
34.76	131.19
34.98	131.19
35.15	58.6
37.01	58.6
40.03	58.6
41.92	182.74
43.42	182.74
46.1	182.74
48.97	168.05
50.23	168.05
51.99	164.27
54.51	164.27
56.38	77.44
58.08	138.49
58.41	138.49
59.68	243.11
62.1	243.11
63.79	12.69
64.31	12.69
66.47	12.69
67.89	118.26
70.21	31.89
71.96	31.89
73.32	210.27
73.67	54.55
76.81	54.55
78.83	50.62
80.18	257.05
81.53	15.59
83.62	15.59
86.44	122.23
88.61	122.23
89.85	122.23
91.53	232.05
92.44	124.14
94.16	22.41
94.54	22.41
96.95	65.51
98.65	65.51
100.36	125.23
103.5	125.23
106.14	28.94
108.39	28.94
111.67	49.9
113.76	49.9
115.29	49.9
117.78	151.26
119.51	151.26
121.0	165.74
124.36	48.62
127.26	79.15
129.6	79.15
131.86	79.15
133.75	239.55
136.41	239.55
138.37	239.55
138.68	57.49
142.09	57.49
145.46	227.81
147.63	7.2
150.35	7.2
151.05	7.2
151.96	188.29
154.53	188.29
156.77	161.76
160.26	10.18
162.36	10.18
162.47	256.84
165.73	256.84
168.56	256.84
170.27	14.36
172.21	14.36
174.39	134.15
177.8	134.15
179.58	134.15
182.08	10.68
183.07	154.8
184.35	154.8
186.89	217.98
188.75	196.03
190.2	49.01
192.1	49.01
193.86	49.01
195.49	100.66
196.38	204.66
197.71	89.17
200.85	1.76
201.6	1.76
204.51	81.3
205.15	134.64
206.26	125.67
206.36	125.67
208.7	125.67
212.15	157.03
214.49	157.03
215.36	158.81
218.48	158.81
219.12	158.81
221.31	190.47
222.36	190.47
223.52	66.03
226.67	8.41
226.78	8.41
229.2	185.78
230.33	185.78
231.95	185.78
234.78	136.27
236.84	136.27
238.93	136.27
240.32	196.39
243.51	7.84
246.38	178.79
249.6	178.79
249.81	41.65
251.92	41.65
