0.76	0.98
0.99	0.75
3.81	0.75
4.63	0.75
6.53	0.85
8.87	0.91
11.52	0.91
12.32	0.49
15.24	0.49
16.6	0.25
19.84	0.25
21.52	0.37
22.01	0.37
25.39	0.37
26.46	0.77
29.5	0.77
31.7	0.79
35.11	0.29
36.7	0.29
39.43	0.29
40.41	0.51
42.66	0.99
45.73	0.99
47.88	0.52
50.24	0.52
53.72	0.24
54.78	0.24
58.02	0.24
59.52	0.53
60.31	0.9
63.6	0.9
65.62	0.9
66.51	0.58
67.29	0.58
67.85	0.58
69.33	0.56
72.74	0.56
72.97	0.34
75.33	0.34
78.03	0.29
78.22	0.29
81.25	0.67
83.87	0.42
84.49	0.42
87.49	0.42
88.24	1.0
90.44	0.45
93.63	0.45
94.98	1.0
98.1	1.0
100.22	0.39
100.75	0.39
101.54	0.61
101.7	0.61
102.76	0.61
106.04	0.48
107.57	0.45
108.14	0.45
109.88	0.45
111.61	0.33
114.96	0.33
115.87	0.62
118.59	0.62
121.01	0.29
124.09	0.29
125.97	0.83
129.35	0.47
129.84	0.47
131.92	0.47
134.15	0.47
137.02	0.24
140.42	0.24
141.73	0.2
143.4	0.62
145.2	0.62
148.22	0.51
149.44	0.51
149.63	0.51
152.15	0.44
154.85	0.44
158.08	0.44
159.92	0.23
162.03	0.23
163.1	0.23
164.43	0.73
167.12	0.73
168.61	0.31
169.39	0.31
169.57	0.4
170.92	0.4
171.33	0.4
173.14	0.57
173.79	0.57
174.62	0.57
175.78	0.73
177.58	0.46
178.39	0.46
179.88	0.46
182.63	0.82
185.06	0.78
185.49	0.71
188.79	0.71
190.38	0.71
193.48	0.24
194.36	0.24
194.49	0.99
197.9	0.99
198.77	0.56
200.55	0.85
201.07	0.85
202.69	0.85
205.08	0.96
206.03	0.23
207.85	0.23
211.14	0.23
214.57	0.33
218.04	0.62
219.47	0.35
221.74	0.35
224.71	0.93
227.28	0.93
230.3	0.93
231.22	0.46
232.28	0.46
233.78	0.46
235.07	0.58
235.21	0.98
235.8	0.98
236.92	0.45
239.12	0.45
240.96	0.49
241.8	0.71
242.49	0.71
242.69	0.71
243.4	0.66
244.76	0.98
247.03	0.98
249.52	0.37
251.45	0.37
