2.19	1.0
2.68	0.6
4.81	0.6
4.96	0.32
5.64	0.8
6.05	0.42
7.24	0.42
8.06	0.54
9.67	0.54
11.72	0.54
14.31	0.37
16.67	0.37
18.81	0.79
20.67	0.79
21.68	0.79
23.24	0.26
26.3	0.26
26.65	0.61
29.65	0.99
33.05	0.99
33.36	0.99
36.2	0.5
38.94	0.96
39.48	0.96
41.48	0.96
44.01	0.55
46.02	0.55
48.89	0.55
49.44	0.63
51.88	0.72
53.8	0.72
56.83	0.72
59.38	0.48
61.67	0.48
62.87	0.88
66.36	0.88
69.26	0.88
71.22	0.34
74.48	0.34
75.25	0.34
78.7	0.69
80.65	0.69
81.58	0.69
83.78	0.55
85.02	0.43
87.82	0.43
91.22	0.43
91.71	0.69
94.98	0.27
96.91	0.27
98.28	0.27
99.74	0.43
103.07	0.43
105.89	0.52
106.33	0.54
108.58	0.54
109.81	0.54
110.89	0.35
112.72	0.95
113.55	0.95
113.71	0.87
115.52	0.41
118.5	0.97
120.08	0.97
122.2	0.55
122.62	0.78
123.89	0.56
124.61	0.97
127.03	0.97
128.08	0.97
128.87	0.63
132.22	0.58
133.07	0.58
135.11	0.26
138.13	0.26
139.67	0.26
139.86	0.33
141.37	0.68
142.76	0.68
143.42	0.68
144.99	0.64
147.34	0.64
149.9	0.64
153.22	0.75
156.36	0.75
159.71	0.41
161.04	0.63
161.17	0.63
161.79	0.24
164.3	0.86
166.5	0.72
166.66	0.72
168.34	0.72
168.81	0.84
170.46	0.42
172.26	0.42
174.3	0.58
176.66	0.44
178.57	0.44
179.61	0.65
180.37	0.65
180.7	0.84
182.44	0.84
183.51	0.84
186.57	0.84
186.84	0.84
187.87	0.54
190.16	0.34
190.9	0.71
194.37	0.71
197.22	0.77
200.15	0.77
201.59	0.77
203.07	0.67
205.4	0.67
206.52	0.67
209.47	0.43
212.03	0.8
214.27	0.51
214.7	0.47
217.05	0.47
217.69	0.47
218.21	0.55
221.61	0.25
222.59	0.25
223.09	0.25
223.44	0.47
224.52	0.47
227.61	0.47
230.36	0.56
232.04	0.56
233.61	0.56
236.7	0.29
238.48	0.29
239.66	0.98
241.7	0.98
243.98	0.85
244.91	0.85
245.28	0.86
248.12	0.86
249.71	0.86
250.85	0.56
