2.95	0.22
6.06	0.22
9.1	0.22
12.56	0.79
12.72	0.79
15.53	0.79
16.09	0.85
16.31	0.85
17.34	0.85
19.65	0.81
20.71	0.74
21.0	0.74
22.52	0.39
23.09	0.42
23.9	0.54
24.07	0.54
25.24	0.31
26.34	0.31
29.15	0.31
29.9	0.94
31.44	0.94
31.77	0.92
32.86	0.92
35.87	0.42
36.54	0.4
37.85	0.4
38.37	0.4
40.65	0.74
43.8	0.74
46.96	0.43
49.18	0.43
52.04	0.43
53.98	0.69
55.78	0.5
57.83	0.84
60.13	0.33
62.37	0.33
65.78	0.33
68.69	0.69
71.26	0.69
71.5	0.82
74.87	0.82
75.89	0.23
76.17	0.82
79.45	0.82
80.67	0.82
83.04	0.38
85.37	0.38
85.57	0.62
88.95	0.62
91.44	0.62
93.95	0.71
96.23	0.71
98.73	0.31
101.59	0.23
103.49	0.23
104.08	0.89
107.4	0.89
109.36	0.86
112.27	0.86
113.8	0.65
114.96	0.65
116.93	0.38
120.33	0.26
122.51	0.67
125.82	0.23
126.22	0.23
127.02	0.95
128.19	0.95
129.95	0.61
130.32	0.75
131.37	0.84
134.51	0.67
137.39	0.67
140.19	0.79
143.43	0.81
144.4	0.81
145.49	0.44
148.14	0.77
149.94	0.77
153.36	0.85
154.22	0.85
157.48	0.44
159.77	0.44
161.04	0.44
163.06	0.23
164.66	0.23
167.72	0.4
170.25	0.92
173.46	0.92
174.22	0.92
176.07	0.74
178.99	0.74
179.59	0.92
181.43	0.92
183.3	0.29
185.19	0.29
186.68	0.29
188.06	0.27
191.16	0.27
192.18	0.27
194.98	0.6
195.96	0.6
196.54	0.68
198.31	0.68
199.7	0.37
200.25	0.37
202.39	0.37
202.6	0.96
203.75	0.96
206.28	0.96
207.06	0.71
209.09	0.71
210.82	0.64
213.1	0.64
214.23	0.57
217.28	0.57
219.93	0.57
222.87	0.87
224.66	0.87
226.54	0.87
227.33	0.59
229.53	0.41
230.86	0.41
232.14	0.41
233.2	0.45
233.75	0.45
235.04	0.45
236.26	0.55
236.96	0.55
238.47	0.55
240.28	0.41
240.84	0.41
243.34	0.41
244.01	0.45
244.87	0.45
245.0	0.91
247.08	0.91
247.27	0.91
248.02	0.67
250.28	0.67
