1.13	0.22
4.24	0.22
5.07	0.62
5.86	0.3
8.43	0.3
9.32	0.75
11.49	0.63
14.88	0.63
17.54	0.63
18.06	0.91
20.64	0.51
23.68	0.51
26.5	0.47
29.08	0.47
29.22	0.67
32.08	0.89
34.79	0.88
35.17	0.88
36.67	0.89
39.07	0.89
39.43	0.3
41.03	0.43
41.47	0.43
44.76	0.76
47.56	0.76
48.94	0.76
49.66	0.77
51.39	0.77
54.46	0.77
55.34	0.5
57.62	0.5
58.43	0.64
60.52	0.72
63.2	0.72
63.76	0.72
67.03	0.47
69.0	0.41
71.46	0.79
72.73	0.79
75.67	0.52
75.96	0.83
76.81	0.83
78.47	0.24
79.79	0.24
82.23	0.38
83.32	0.38
84.3	0.36
84.61	0.36
86.56	0.36
87.82	0.3
88.32	0.3
90.21	0.48
91.39	0.5
92.27	0.5
92.71	0.67
96.03	0.67
96.98	0.53
98.41	0.65
99.64	0.65
100.61	0.52
101.73	0.6
103.44	0.6
106.1	0.6
107.54	0.98
109.66	0.67
110.73	0.87
111.74	0.87
112.12	0.87
114.35	0.94
117.35	0.7
120.25	0.7
122.57	0.7
125.97	0.82
126.61	0.82
129.51	0.82
129.71	0.8
130.43	0.8
133.24	0.8
133.68	0.53
134.13	0.53
134.33	0.53
135.05	0.51
135.85	0.51
137.65	0.6
140.14	0.6
142.34	0.63
145.29	0.63
147.91	0.9
150.76	0.9
152.66	0.9
154.47	0.78
156.81	0.78
157.29	0.78
158.78	0.77
161.07	0.77
163.73	0.77
167.06	1.0
168.51	1.0
170.73	0.3
172.68	0.54
173.71	0.54
174.69	0.54
177.88	0.24
179.96	0.24
181.96	0.24
183.45	0.55
184.62	0.55
184.85	0.55
186.29	0.62
187.97	0.62
188.76	0.7
188.95	0.7
189.92	0.4
192.6	0.4
193.88	0.34
196.32	0.34
199.52	0.34
202.08	0.8
205.35	0.8
206.4	0.95
208.07	0.5
209.0	0.5
212.47	0.53
215.68	0.53
219.01	0.53
219.61	0.77
221.54	0.77
222.49	0.44
225.33	0.44
225.49	0.71
226.86	0.71
228.85	0.26
232.18	0.26
234.52	0.7
235.96	0.7
236.7	0.7
238.08	0.94
239.56	0.94
239.86	0.71
240.09	0.71
240.43	0.71
243.65	0.92
244.93	0.92
246.55	0.88
246.92	0.88
249.39	0.29
251.04	0.29
