2.94	0.44
6.02	0.45
6.85	0.25
9.54	0.25
10.31	0.25
12.54	0.54
14.47	0.84
15.19	0.84
16.34	0.84
19.68	0.22
19.88	0.6
21.27	0.6
23.74	0.6
26.5	0.99
27.46	0.22
28.52	0.76
29.47	0.76
32.43	0.76
35.06	0.33
37.84	0.27
37.98	0.27
39.72	0.8
41.58	0.8
43.05	0.8
43.38	0.66
44.83	0.63
45.55	0.63
48.76	0.63
50.44	0.24
50.8	0.24
54.12	0.24
55.23	0.67
58.34	0.67
60.82	0.67
63.37	0.59
64.21	0.27
66.72	0.27
68.74	0.53
69.87	0.53
72.86	0.39
74.31	0.23
74.96	0.33
76.26	0.33
79.29	0.86
80.91	0.86
82.03	0.71
84.64	0.71
87.34	0.22
87.57	0.22
88.51	0.22
90.38	0.91
91.84	0.91
92.27	0.91
92.71	0.91
94.07	0.45
95.91	0.45
97.92	0.4
100.61	0.89
101.97	0.21
103.31	0.21
104.9	0.21
106.99	0.81
109.42	0.81
111.42	0.44
112.82	0.44
115.71	0.44
117.46	0.39
118.86	0.39
120.46	0.43
122.09	0.43
124.53	0.43
126.11	0.72
128.87	0.8
129.93	0.8
130.06	0.79
131.23	0.62
131.81	0.62
132.01	0.62
134.77	0.62
135.2	0.85
135.37	0.85
137.26	0.85
137.88	0.79
140.86	0.79
142.91	0.79
145.0	0.69
147.54	0.69
148.59	0.58
149.6	0.58
151.31	0.47
152.65	0.72
154.71	0.72
157.95	0.72
161.13	0.32
162.83	0.34
166.06	0.34
168.01	0.34
169.07	0.84
169.59	0.44
171.19	0.44
173.42	0.44
176.52	0.83
178.29	0.83
179.22	0.83
181.81	0.84
182.78	0.84
185.38	0.84
185.53	0.62
188.32	0.62
191.15	0.62
192.94	0.66
193.88	0.66
196.74	0.66
198.91	0.97
200.63	0.97
203.81	0.97
205.66	0.58
208.96	0.58
210.41	0.64
213.68	0.64
215.63	0.64
217.62	0.99
218.45	0.99
221.07	0.99
223.56	0.41
225.37	0.91
227.57	0.26
230.89	0.26
232.89	0.26
233.81	0.64
233.91	0.51
234.07	0.51
235.94	0.51
238.81	0.23
240.02	0.23
240.9	0.23
242.72	0.73
244.29	0.73
245.02	0.76
247.13	0.74
248.05	0.74
250.72	0.74
