2.74	0.48
5.86	0.48
7.28	0.48
9.91	0.93
10.27	0.93
11.2	0.93
11.82	0.7
14.1	0.7
17.59	0.87
21.07	0.45
22.17	0.45
23.49	0.67
24.93	0.44
26.95	0.44
28.41	0.4
30.6	0.4
32.38	1.0
35.19	1.0
36.03	1.0
36.17	0.34
39.32	0.78
41.11	0.65
43.69	0.8
45.06	0.8
46.83	0.57
48.66	0.57
49.83	0.49
53.19	0.49
53.89	0.86
55.24	0.86
57.94	0.26
58.61	0.26
59.71	0.66
62.43	0.66
65.58	0.66
67.02	0.48
68.19	0.48
70.81	0.22
73.34	0.35
74.05	0.35
75.43	0.35
78.1	0.44
78.25	0.44
81.42	0.44
83.97	0.81
84.62	0.81
85.42	0.7
86.8	0.7
89.02	0.98
89.49	0.98
90.31	0.7
93.65	0.7
95.61	0.7
96.35	0.75
97.36	0.75
100.27	0.75
102.0	0.51
104.14	0.51
107.0	0.51
108.77	0.65
109.79	0.35
112.26	0.35
113.89	0.38
114.21	0.38
115.91	0.36
118.67	0.9
120.71	0.9
121.87	0.4
123.91	0.97
127.33	0.97
129.15	0.97
130.03	0.95
131.95	0.95
132.11	0.43
133.33	0.43
134.98	0.75
136.99	0.55
138.68	0.55
139.1	0.62
140.46	0.62
142.58	0.62
142.87	0.21
144.14	0.21
145.25	0.46
146.19	0.71
149.38	0.71
152.03	0.71
154.61	0.9
156.27	0.9
159.74	0.35
163.0	0.74
165.91	0.33
169.04	0.33
172.35	0.33
175.39	0.46
177.77	0.46
180.26	1.0
183.09	0.65
184.87	0.65
186.57	0.66
189.49	0.9
190.03	0.9
190.35	0.9
193.08	0.71
194.44	0.53
195.66	0.8
196.58	0.46
199.88	0.46
202.53	0.46
205.68	0.76
207.0	0.76
209.05	0.76
212.39	0.8
214.52	0.8
217.52	0.61
220.88	0.9
223.01	0.9
225.43	0.89
226.53	0.89
226.72	0.25
229.62	0.6
229.88	0.6
232.51	0.79
235.26	0.79
236.2	0.79
238.71	0.48
239.51	0.42
242.68	0.42
243.27	0.42
245.81	0.26
246.03	0.26
247.34	0.81
248.54	0.61
250.3	0.59
