1.21	0.68
4.46	0.68
4.64	0.68
5.75	0.96
9.03	0.23
11.75	0.23
12.25	0.72
13.72	0.72
15.3	0.72
18.21	0.74
18.58	0.74
20.46	0.3
20.95	0.63
21.52	0.63
22.25	0.63
25.16	0.99
25.29	0.99
28.64	0.67
29.9	0.36
33.35	0.36
33.97	0.56
36.05	0.56
37.21	0.34
40.37	0.34
42.5	0.58
44.67	0.58
45.1	0.58
48.09	0.56
48.94	0.69
49.25	0.69
49.71	0.68
52.94	0.67
55.02	0.67
57.63	0.67
58.38	0.38
61.1	0.38
61.81	0.38
63.91	0.38
65.83	0.38
68.78	0.65
71.39	0.65
72.61	0.47
74.08	0.47
75.52	0.47
75.71	0.69
77.35	0.39
79.77	0.27
83.08	0.27
84.31	0.27
86.58	0.34
89.6	0.21
89.84	0.21
92.41	0.21
93.62	0.58
94.21	0.53
97.29	0.53
99.98	0.31
101.78	0.31
103.48	0.29
106.49	0.29
108.93	0.89
110.57	0.54
112.96	0.64
116.43	0.64
118.54	0.64
121.91	0.89
125.08	0.89
127.09	0.89
129.27	0.48
129.87	0.69
133.35	0.69
136.77	0.85
139.06	0.85
141.54	0.49
144.82	0.49
147.99	0.21
149.77	0.21
152.22	0.21
155.16	0.46
157.27	0.46
158.6	0.54
161.36	0.54
162.55	0.54
162.7	0.7
163.29	0.7
164.14	0.84
166.76	0.91
169.94	0.91
171.85	0.91
172.89	0.69
173.2	0.9
175.51	0.9
176.68	0.9
176.98	0.53
178.44	0.53
181.58	0.78
183.04	0.55
186.01	0.55
186.9	0.55
188.11	0.87
188.68	0.98
191.87	0.98
193.39	0.98
196.33	0.39
197.92	0.49
198.92	0.76
200.7	0.8
202.01	0.8
203.16	0.57
204.59	0.57
207.51	0.88
209.71	0.75
210.28	0.45
212.0	0.58
214.95	0.58
217.14	0.85
218.79	0.85
220.42	0.99
222.7	0.99
223.8	0.99
225.18	0.99
227.99	0.99
230.05	0.99
231.72	0.31
234.78	0.31
236.71	0.68
237.13	0.68
238.59	0.36
238.89	0.36
239.66	0.36
242.87	0.27
244.0	0.27
247.18	0.27
250.0	0.27
