0.33	0.27
2.93	0.27
5.12	0.27
7.31	0.94
7.43	0.89
7.65	0.89
9.81	0.89
11.28	0.51
14.39	0.51
14.71	0.51
18.09	0.57
18.45	0.66
21.45	0.66
23.94	0.22
27.22	0.22
28.37	0.22
31.27	0.85
33.44	0.85
34.82	0.72
36.7	0.72
39.59	0.72
42.49	0.74
44.57	0.74
44.86	0.44
46.3	0.44
46.98	0.79
47.46	0.79
47.63	0.79
49.11	0.53
49.59	0.53
53.02	0.53
54.57	0.5
55.23	0.5
57.2	0.5
57.63	0.4
60.86	0.4
62.32	0.32
63.75	0.32
64.11	0.32
66.94	0.94
69.11	0.94
71.84	0.65
73.84	0.65
74.55	0.65
75.05	0.53
76.58	0.53
78.43	0.53
78.62	0.23
79.94	0.23
81.48	0.51
84.45	0.51
85.84	0.51
86.09	0.56
88.69	0.56
90.29	0.56
93.58	0.53
96.02	0.53
98.34	0.53
99.17	0.28
101.05	0.28
103.22	0.28
106.6	0.31
107.49	0.96
108.63	0.96
110.75	0.81
112.82	0.81
113.26	0.52
114.44	0.76
114.84	0.76
117.69	0.62
120.33	0.86
123.23	0.86
126.34	0.86
128.5	0.52
131.38	0.52
131.75	0.52
132.08	0.99
134.88	0.99
135.04	0.6
137.22	0.6
137.48	0.6
139.41	0.72
140.82	0.72
143.46	0.91
144.61	0.91
147.01	0.51
148.39	0.89
150.85	0.96
151.35	0.96
153.35	0.96
155.83	0.53
156.77	0.22
159.46	0.38
161.27	0.8
164.7	0.8
165.2	0.97
166.22	0.42
169.06	0.25
172.49	0.25
174.31	0.25
175.05	0.88
178.4	0.88
179.36	0.88
182.66	0.3
183.54	0.3
184.55	0.3
187.8	0.67
190.12	0.67
191.98	0.67
192.56	0.39
194.04	0.39
196.03	0.39
196.93	0.84
198.08	0.84
199.66	0.94
202.8	0.94
206.2	0.94
206.96	0.26
207.85	0.26
210.65	0.26
211.82	0.5
214.31	0.5
216.14	0.5
218.44	0.33
219.58	0.33
222.17	0.79
225.04	0.79
227.76	0.79
229.09	0.86
232.45	0.86
234.12	0.86
236.79	0.76
237.86	0.32
238.65	0.96
241.72	0.96
244.28	0.22
245.97	0.22
249.23	0.22
250.98	0.3
