2.07	0.4
5.42	0.4
8.48	0.78
10.47	0.78
13.52	0.61
13.75	0.61
14.76	0.87
15.52	0.73
16.48	0.73
19.9	0.65
21.07	0.78
22.09	0.78
24.59	0.32
26.93	0.42
28.71	0.42
29.07	0.42
31.49	0.51
34.11	0.51
36.16	0.95
38.06	0.87
39.56	0.45
40.68	0.59
41.19	0.59
43.23	0.59
46.32	0.47
48.05	0.68
50.55	0.68
52.12	0.71
55.21	0.71
57.48	0.67
60.58	0.67
61.41	0.99
63.85	0.66
65.37	0.99
67.77	0.99
69.96	0.99
71.79	0.48
71.89	0.54
75.15	0.54
77.74	0.97
80.67	0.97
82.28	0.97
84.34	0.97
85.12	0.97
87.54	0.97
90.71	0.47
93.48	0.82
94.55	0.82
96.58	0.74
98.02	0.88
98.59	0.88
98.73	0.88
100.71	0.63
101.06	0.63
102.16	0.45
104.07	0.45
105.23	0.59
108.46	0.59
108.94	0.75
111.29	0.29
111.67	0.63
113.13	0.63
113.63	0.63
114.55	0.75
115.34	0.75
116.8	0.86
118.12	0.58
120.48	0.58
121.54	0.58
122.77	0.47
123.12	0.47
125.04	0.88
126.24	0.88
127.61	0.25
129.18	0.25
132.53	0.28
135.62	0.55
138.63	0.55
141.5	0.55
142.64	0.65
145.48	0.65
148.5	0.65
149.38	0.32
151.65	0.32
152.1	0.97
155.03	0.97
155.43	0.42
158.29	0.29
160.52	0.29
163.7	0.29
167.18	0.93
168.99	0.93
169.95	0.41
173.43	0.41
176.09	0.49
176.35	0.8
179.77	0.87
180.64	0.87
180.78	0.73
181.08	0.73
181.19	0.73
184.56	0.99
186.49	0.81
189.66	0.81
192.17	0.81
192.93	0.4
194.04	0.69
194.98	0.69
195.49	0.69
198.93	0.35
200.57	0.76
201.58	0.76
204.24	0.3
206.84	0.3
209.16	0.55
209.59	0.55
210.04	0.59
210.33	0.59
211.57	0.74
214.89	0.74
218.19	0.94
220.02	0.94
222.03	0.94
222.35	0.46
225.45	0.46
227.33	0.52
229.13	0.52
231.97	0.52
235.26	0.48
238.02	0.55
241.23	0.55
241.55	0.93
242.02	0.93
243.37	0.45
245.96	0.45
248.14	0.45
249.19	0.71
250.67	0.76
