0.94	4.8
2.79	4.8
5.66	10.64
8.36	10.64
9.34	0.59
10.87	0.59
12.93	0.59
15.53	1.9
18.04	1.9
20.52	1.9
23.65	2.34
27.0	2.34
30.27	2.34
31.31	5.87
31.63	5.87
33.06	4.55
34.74	4.55
37.43	6.06
37.7	6.06
38.18	8.39
40.22	6.73
42.14	4.49
44.55	6.66
45.3	6.66
47.12	4.24
47.54	4.24
48.07	4.24
51.21	9.75
53.15	9.75
55.64	9.75
56.52	7.92
56.83	4.89
59.68	4.89
61.03	10.89
62.23	8.74
63.7	8.74
65.61	11.89
67.78	11.89
70.84	6.18
72.28	6.18
75.22	9.26
78.7	7.42
81.29	7.42
83.83	1.85
86.55	1.85
89.4	3.44
91.86	3.44
94.93	3.44
98.23	3.1
99.2	3.1
99.75	3.1
102.24	9.07
102.62	10.23
102.85	10.23
105.94	10.23
109.2	2.57
110.58	12.53
112.68	12.53
114.82	10.63
117.2	10.63
117.51	10.63
119.81	10.91
122.42	10.91
124.82	9.5
126.54	9.5
128.99	11.8
131.9	11.8
135.12	11.8
137.5	7.88
140.21	7.88
143.31	10.77
146.75	10.77
149.8	11.55
152.2	12.37
154.3	12.37
155.77	10.61
157.11	0.77
159.7	0.77
162.76	0.77
165.26	5.35
165.54	5.39
167.41	5.39
170.63	5.39
172.2	8.01
175.25	1.54
175.97	1.54
179.36	2.97
179.95	2.97
180.91	12.74
181.16	12.74
182.88	8.92
184.12	8.92
185.67	8.92
186.68	9.4
187.41	9.4
187.95	9.4
188.31	4.32
189.35	10.97
189.7	10.67
190.79	10.67
191.26	4.19
192.77	4.19
195.79	4.19
197.26	12.84
200.31	7.26
200.97	7.26
202.57	6.04
205.19	6.04
206.88	5.44
208.31	5.44
211.24	7.48
211.6	7.48
213.51	9.76
216.15	9.76
217.69	9.76
221.04	9.91
224.38	5.78
224.92	5.78
226.21	9.54
229.52	1.67
230.82	1.67
234.19	5.27
234.83	5.27
236.78	4.27
237.9	4.27
238.64	11.58
241.5	11.58
244.84	11.58
246.35	9.55
249.3	9.55
252.22	8.13
