3.26	9.63
5.35	9.63
8.11	9.63
11.49	9.27
12.94	9.27
13.5	8.54
16.8	8.54
18.54	1.26
19.72	5.08
20.67	12.59
23.21	12.59
25.75	12.59
29.0	11.28
29.99	11.28
32.14	8.46
35.31	8.46
36.49	8.46
38.8	2.38
42.29	2.38
45.56	1.3
47.1	1.3
47.64	9.28
49.25	9.28
50.06	5.44
51.43	1.76
52.24	1.76
53.68	1.76
54.92	7.1
56.09	7.1
57.74	2.85
60.33	2.85
60.65	2.85
63.38	6.54
65.12	6.54
67.49	3.57
70.0	3.57
72.3	5.56
74.38	5.56
75.08	5.56
75.48	8.77
77.38	8.77
79.81	7.61
81.49	7.61
82.5	1.8
85.17	1.8
85.52	1.8
86.74	10.68
87.56	1.63
90.57	3.33
91.29	3.33
91.54	3.33
93.6	6.95
94.86	6.95
95.62	5.61
98.95	5.61
102.16	2.53
104.16	2.53
107.22	11.01
109.27	11.01
109.38	11.01
112.84	10.77
113.8	6.07
114.53	6.07
115.15	0.96
116.77	0.96
119.97	9.98
123.25	9.98
123.57	0.6
125.95	0.6
126.43	5.43
128.65	5.72
130.74	5.72
132.58	4.43
134.5	4.43
136.37	8.99
137.67	8.99
140.88	8.99
142.29	7.94
143.06	7.94
144.89	7.94
145.26	4.91
146.59	2.1
149.72	2.1
152.67	9.54
154.91	9.54
157.87	9.54
159.94	0.47
162.34	0.47
163.14	0.8
165.58	0.8
168.41	0.8
171.72	10.63
174.06	10.63
174.64	8.44
176.3	8.44
177.14	8.44
178.81	4.9
179.55	3.1
179.81	0.91
181.46	0.91
182.19	7.03
183.53	2.49
185.36	2.49
187.88	2.49
189.8	9.71
190.22	9.71
192.05	2.5
195.14	2.5
195.78	2.5
197.96	6.78
199.07	11.04
201.35	2.89
204.1	2.56
206.87	2.56
207.64	2.56
208.66	11.2
210.44	11.2
211.81	11.2
214.94	3.29
215.83	12.17
219.17	1.46
219.89	1.46
221.44	11.87
223.08	11.87
224.28	7.22
226.46	7.22
229.47	7.22
230.44	3.78
233.16	6.93
234.05	6.93
235.47	10.3
235.9	10.3
236.68	10.6
237.58	10.6
239.24	10.6
240.41	7.74
243.46	7.74
246.5	7.74
246.76	11.73
248.02	11.73
249.26	11.77
250.79	12.2
