1.55	6.64
4.2	6.64
5.01	7.99
7.43	7.99
7.58	7.99
10.95	7.26
11.59	12.6
15.04	12.6
18.05	7.45
18.8	7.45
20.91	7.45
23.45	8.93
25.14	8.93
27.59	0.68
28.55	0.68
29.41	0.68
31.47	4.08
31.77	4.08
32.84	6.23
33.59	6.23
35.3	2.66
37.56	2.66
40.38	2.56
42.79	1.78
45.4	10.28
47.88	10.28
48.1	10.28
48.53	7.27
48.75	7.27
50.48	12.52
53.26	12.52
54.53	10.9
57.5	10.9
60.2	10.9
61.96	0.78
63.98	10.4
64.53	10.4
65.34	9.91
68.35	9.91
71.41	2.08
71.9	10.05
73.11	10.05
75.78	10.05
78.59	12.54
80.06	12.54
81.37	12.54
83.09	9.96
83.59	9.96
85.7	5.22
87.58	5.22
90.18	5.22
90.38	7.36
90.66	7.36
93.98	9.13
95.75	9.13
97.63	9.13
100.45	10.44
101.05	10.44
102.19	4.23
105.17	4.23
107.05	6.85
107.9	6.85
111.29	9.01
111.56	9.01
113.66	9.01
116.27	3.27
118.08	3.27
119.51	3.27
121.54	3.94
123.41	3.94
125.1	4.49
127.59	6.63
130.26	6.63
133.19	6.63
134.82	10.97
135.7	10.97
137.77	10.97
139.72	2.45
141.33	2.45
143.66	2.45
146.98	12.31
147.31	5.8
148.06	8.11
149.48	12.14
152.46	12.14
155.95	9.67
157.42	9.67
158.27	9.67
158.44	1.29
159.52	6.2
162.61	6.2
163.79	9.92
166.88	4.87
167.5	4.87
169.68	9.17
170.73	9.17
171.16	9.17
172.21	7.36
174.93	7.36
176.71	0.53
176.92	0.53
177.09	0.5
180.06	4.4
183.29	4.4
186.67	4.4
188.95	7.87
189.71	8.95
190.29	8.95
190.94	9.52
193.65	9.52
195.14	9.52
198.17	7.75
201.24	7.75
201.75	7.75
204.08	7.17
207.13	7.17
209.45	7.17
210.28	10.79
210.67	10.79
213.69	10.79
216.37	5.97
217.52	5.97
217.7	5.97
219.19	3.8
222.31	3.8
225.6	2.15
226.94	2.15
230.18	2.15
233.63	8.02
234.13	8.02
235.09	9.36
238.33	4.37
239.53	4.37
240.63	2.24
240.74	2.24
243.42	1.25
245.63	1.25
248.03	2.8
249.1	2.8
249.65	10.17
250.63	10.17
