0.52	8.62
3.39	8.62
4.52	8.62
6.69	11.95
6.92	11.95
10.2	11.95
10.79	4.16
13.86	4.16
16.78	4.16
19.66	5.65
20.32	5.65
22.78	11.78
23.65	11.78
24.14	9.43
26.5	3.6
29.06	3.6
30.93	3.6
31.59	7.5
34.3	7.5
36.69	1.55
37.66	1.55
40.0	3.69
42.75	3.69
45.08	7.49
47.82	7.49
48.44	9.82
50.35	9.82
52.48	1.21
53.34	1.21
56.56	1.21
59.46	6.89
62.87	4.42
65.78	4.42
69.19	4.42
70.14	3.58
73.6	3.58
76.15	10.08
79.3	10.08
80.09	8.05
80.48	8.05
81.16	5.32
83.06	5.32
85.1	5.32
86.06	6.84
89.12	6.84
91.58	6.84
94.24	8.1
97.62	3.11
98.38	3.11
98.73	3.1
99.55	3.1
100.47	3.67
103.43	3.67
104.29	3.67
107.53	7.29
110.4	4.37
111.1	4.37
112.3	4.37
115.62	0.5
116.79	0.5
120.21	0.5
123.15	1.66
125.2	1.66
127.72	8.11
130.99	8.11
132.41	8.11
133.46	6.2
135.02	6.48
136.12	6.48
137.87	6.48
138.65	6.59
141.96	6.59
142.79	7.4
145.81	7.4
147.24	7.4
148.44	8.2
151.23	7.68
153.99	7.68
154.33	7.68
157.78	2.64
161.12	2.64
162.54	12.05
163.72	3.94
164.76	3.94
165.09	3.94
167.1	4.28
169.64	4.28
172.55	4.28
174.92	3.48
176.58	4.24
177.07	9.44
178.13	5.57
179.08	5.57
181.65	9.62
182.61	9.62
183.09	9.62
183.97	11.75
186.07	11.75
187.73	11.75
187.88	8.63
191.07	8.63
193.9	1.49
197.05	1.49
200.39	1.49
200.82	11.45
204.08	11.45
205.01	11.45
206.54	11.55
208.46	11.55
209.93	11.55
211.77	4.4
213.48	7.98
216.39	7.98
218.7	9.32
222.0	9.32
223.16	9.32
226.28	9.86
229.0	9.86
231.45	9.86
232.83	7.18
235.82	12.45
237.59	4.7
237.95	4.7
238.69	4.7
239.75	3.53
240.5	3.53
241.23	3.53
241.82	5.13
242.36	5.13
244.97	5.13
248.03	7.8
249.04	7.8
250.01	5.87
