2.28	9.26
4.27	9.26
7.61	9.26
8.32	2.83
8.82	2.83
10.75	2.83
12.55	9.05
13.46	2.0
13.97	1.24
14.96	1.24
16.54	10.81
18.15	10.81
19.46	10.81
22.2	3.35
22.99	3.35
25.51	1.74
26.2	11.63
29.67	4.94
31.19	4.94
34.24	4.94
35.69	2.72
39.07	7.5
42.0	8.64
42.71	7.52
44.44	7.52
47.73	12.34
50.68	7.07
50.88	7.07
52.23	7.07
53.95	9.33
57.02	9.33
57.52	6.92
58.03	1.18
59.85	1.18
61.95	10.28
62.64	10.28
64.55	10.27
67.63	4.04
71.09	4.04
73.11	11.52
73.86	10.29
74.67	12.33
76.38	12.95
78.65	1.89
80.36	1.89
82.12	6.28
84.98	6.28
85.37	9.73
87.77	9.73
90.46	4.4
92.48	4.4
95.77	12.98
96.16	9.46
98.59	9.46
101.86	4.75
102.13	4.75
102.89	6.07
105.24	6.07
107.31	6.07
107.94	8.85
110.98	8.85
113.1	8.85
114.45	11.29
115.27	11.29
118.46	11.29
120.92	5.07
123.28	5.07
125.29	6.9
125.53	6.9
127.42	6.9
130.27	8.91
131.43	8.91
134.18	10.31
135.8	10.31
136.37	8.11
139.01	0.73
142.38	4.69
144.28	6.76
147.0	6.76
150.28	1.27
151.03	1.27
151.78	9.72
152.13	5.98
154.14	8.38
156.75	4.43
157.74	4.43
158.01	4.21
161.46	4.21
163.1	1.03
164.66	8.74
166.37	8.74
169.63	7.74
170.11	7.74
171.39	7.74
173.57	10.29
174.66	10.29
176.81	10.29
179.43	10.43
182.44	10.43
183.94	9.66
184.41	8.38
187.82	7.92
188.15	3.42
188.27	3.42
190.72	3.42
191.15	0.33
192.59	0.33
194.47	2.84
196.83	2.84
199.45	2.84
200.81	10.19
203.09	10.19
205.14	10.19
208.47	7.38
209.93	7.38
212.09	7.23
212.21	5.52
215.65	5.52
216.25	2.41
217.91	2.41
221.25	0.2
222.25	3.77
224.27	0.84
226.04	0.84
226.72	3.83
227.65	3.83
228.16	6.79
231.59	6.79
232.37	8.02
233.2	3.9
236.6	6.88
237.84	1.72
238.98	1.86
241.84	1.86
242.47	1.86
243.86	11.95
244.72	11.95
245.9	11.95
249.31	1.95
251.64	1.95
