3.27	0.45
4.46	0.45
6.61	7.44
6.83	7.44
7.23	3.53
9.99	3.53
13.21	3.51
14.86	3.51
16.78	3.51
17.14	7.09
17.71	7.09
19.05	1.05
21.74	1.05
22.33	1.05
23.69	3.24
25.45	3.24
27.28	7.86
29.42	7.86
32.3	12.89
33.37	4.34
36.45	4.34
39.42	11.86
40.22	11.86
41.76	11.86
45.23	3.93
45.48	11.0
48.66	3.53
48.78	4.87
50.32	4.87
53.58	6.37
56.4	8.97
59.48	8.97
61.42	8.97
64.58	9.29
67.14	9.29
68.16	4.08
70.93	2.58
74.31	2.58
77.58	2.58
78.03	3.92
79.85	3.92
80.77	3.92
81.64	7.63
84.15	3.42
86.19	3.42
87.39	3.42
89.28	2.44
89.56	5.2
90.7	11.58
93.11	11.58
94.35	11.58
97.56	2.58
97.86	6.48
99.66	2.6
101.31	2.6
103.34	4.9
105.64	4.9
106.83	4.9
109.31	11.02
111.48	11.02
112.3	5.17
112.92	5.17
115.25	10.2
118.25	11.85
119.61	11.85
120.23	9.44
121.59	9.44
123.01	2.48
125.15	7.98
127.68	7.98
128.71	7.98
129.15	2.13
129.66	2.13
131.92	2.13
132.94	6.33
135.79	6.33
137.04	6.33
138.84	10.83
140.51	6.86
142.72	6.86
145.79	12.65
146.85	12.65
149.66	9.38
150.26	9.38
151.7	9.38
154.47	9.49
154.68	3.35
155.63	3.35
158.34	3.35
161.24	6.22
161.99	6.22
162.9	6.22
165.37	7.59
165.72	6.07
167.43	6.07
169.56	6.07
171.84	2.35
172.4	2.35
173.08	2.35
174.68	4.22
177.18	7.46
177.89	7.46
179.64	0.52
181.59	0.52
183.02	0.52
184.75	9.04
186.16	9.04
187.53	9.04
187.98	11.08
191.32	11.36
191.84	11.36
194.4	4.27
196.72	4.27
200.04	9.2
201.49	9.2
204.91	10.42
206.3	10.42
207.17	5.35
209.11	5.35
212.31	9.38
213.56	9.38
216.06	9.38
218.77	4.49
219.0	4.49
219.94	4.49
222.09	11.78
223.24	11.78
224.88	7.89
225.95	7.89
228.16	9.89
228.86	9.89
229.02	9.89
230.76	5.9
232.71	10.57
233.86	10.57
235.63	1.37
238.19	1.37
240.81	11.48
242.76	11.48
243.22	7.53
245.72	5.16
246.87	5.16
248.88	8.95
251.14	8.95
