0.48	11.47
2.15	11.47
5.52	2.31
7.4	8.34
9.17	9.24
10.04	9.24
10.61	9.24
11.44	10.49
13.49	6.69
16.74	6.69
18.46	6.69
19.79	1.67
21.41	1.67
24.07	12.15
24.99	12.15
28.37	12.15
31.75	2.29
35.18	2.29
38.63	2.29
38.74	12.18
41.18	1.58
42.77	1.58
42.96	1.58
45.54	11.63
47.92	11.63
50.36	11.79
51.82	11.79
55.19	6.95
56.18	6.95
58.76	6.95
61.18	6.96
61.52	6.96
64.83	6.96
67.23	5.73
70.61	5.73
72.07	5.73
73.54	4.89
75.73	2.22
76.53	2.22
78.54	11.63
80.08	7.88
82.98	7.88
85.33	7.88
86.19	9.77
88.21	8.87
91.65	8.87
94.4	0.97
96.28	0.97
97.24	6.64
97.95	8.28
100.92	5.73
101.31	5.73
101.65	5.73
104.62	3.94
107.43	7.66
109.79	7.66
111.18	1.0
113.79	6.58
114.89	6.58
115.17	6.58
115.54	5.0
116.16	0.27
117.73	1.28
118.41	1.28
121.82	1.28
124.44	10.41
127.59	3.61
129.8	3.61
130.11	3.61
133.51	12.13
135.48	12.13
138.0	2.35
140.61	0.35
142.96	0.35
145.83	4.67
148.88	4.67
150.71	3.3
151.89	3.3
155.04	3.3
157.08	4.03
159.23	4.03
162.34	4.03
165.41	12.8
168.61	10.72
170.27	10.72
171.8	10.72
174.61	5.47
176.14	9.13
178.16	9.13
180.23	9.13
182.75	1.01
185.35	1.01
188.77	8.94
190.16	9.0
190.96	1.89
191.35	7.14
191.55	6.64
192.66	6.64
194.99	10.47
196.06	10.47
198.37	4.1
199.06	4.1
201.34	12.07
204.22	12.07
207.35	12.07
207.84	6.22
210.14	6.22
213.21	12.76
213.53	12.76
215.06	12.76
217.53	7.25
219.63	7.25
219.78	5.14
220.58	6.69
221.8	6.69
224.61	6.69
226.84	1.67
230.13	1.67
231.04	1.67
232.51	2.61
235.75	2.61
235.96	2.61
237.36	11.1
238.8	6.86
242.18	1.52
242.51	1.52
243.8	1.52
244.07	5.07
244.25	4.42
246.56	4.9
249.87	6.14
252.89	7.5
