0.69	9.57
3.65	9.57
6.87	7.43
8.88	7.43
9.37	7.43
11.39	4.16
11.77	4.16
12.71	4.16
13.01	3.05
14.7	11.46
16.0	9.94
18.45	4.37
20.04	4.37
21.94	4.37
22.33	3.16
24.71	7.65
25.02	9.97
28.27	9.97
29.01	6.26
29.4	4.11
32.7	4.11
32.85	4.11
35.39	11.18
37.27	11.18
38.16	11.18
39.71	1.58
42.47	2.44
43.26	2.44
45.71	6.93
48.84	6.93
49.21	2.18
50.87	2.18
54.33	3.17
54.95	3.17
58.4	8.82
59.1	8.82
60.78	8.82
61.44	2.47
63.8	1.86
66.9	1.86
67.56	1.86
70.21	12.4
72.32	12.4
75.33	12.4
77.28	12.36
78.79	12.36
79.05	12.24
80.94	12.24
83.28	12.24
84.72	11.08
86.86	11.08
87.18	11.08
87.32	3.06
90.67	3.06
93.46	3.06
94.1	11.83
96.51	11.83
96.79	11.83
97.54	9.91
100.0	9.91
102.59	9.91
105.62	4.7
107.97	8.23
109.38	7.71
109.71	12.35
112.31	1.71
113.39	5.3
115.04	5.3
118.43	5.3
118.85	4.9
122.3	8.37
123.42	8.37
125.99	11.16
127.15	11.16
127.4	11.16
129.3	5.45
132.63	2.93
135.5	12.25
136.59	2.66
137.7	2.66
139.9	2.66
140.28	8.99
143.62	8.99
146.26	5.37
148.37	5.37
150.3	6.65
153.01	6.65
155.13	4.55
157.09	4.55
157.5	0.79
158.68	3.74
159.98	10.34
162.28	10.34
162.78	10.34
164.92	2.04
167.15	2.04
168.3	2.28
170.3	2.28
171.82	2.28
173.63	12.94
176.46	12.94
177.65	2.99
180.54	2.99
180.93	2.99
183.77	7.56
185.19	7.56
186.44	3.13
188.87	3.13
191.5	3.13
192.05	12.7
192.88	3.59
195.86	3.59
197.73	5.05
197.97	5.05
200.7	10.49
201.23	10.49
202.87	9.75
203.83	9.75
203.95	9.75
206.99	7.4
208.68	0.96
210.3	0.96
211.01	0.96
213.54	2.98
214.9	5.14
217.02	5.14
217.21	5.14
217.55	7.21
220.59	7.21
220.96	7.21
223.98	12.42
227.06	12.42
228.19	12.42
229.23	4.48
229.58	12.01
231.98	12.01
232.36	12.01
233.24	9.3
235.63	9.3
237.9	9.3
238.16	2.85
240.91	2.85
241.84	10.79
243.97	10.79
245.71	4.35
248.51	4.35
250.39	1.01
