0.93	3.62
3.77	3.62
5.98	7.74
8.73	11.63
9.24	11.63
11.26	11.63
13.68	1.08
14.76	9.87
17.09	9.87
19.24	9.87
19.37	4.35
19.81	4.35
21.02	4.35
23.97	12.2
27.08	5.3
30.23	5.3
33.35	8.82
35.8	8.82
38.25	8.82
41.57	7.2
44.27	7.2
44.57	7.2
45.58	2.76
45.86	2.76
49.25	2.59
49.36	2.59
51.96	3.56
54.29	3.56
56.52	0.71
59.47	3.04
59.6	3.04
61.9	1.85
64.3	1.85
67.31	11.55
68.53	11.55
70.93	11.55
71.1	5.02
71.92	5.02
74.35	8.28
75.82	8.28
76.97	11.58
79.67	11.58
80.42	3.98
81.53	3.98
81.78	3.98
83.69	10.51
86.67	10.51
89.8	5.38
90.48	6.38
91.99	8.22
93.5	8.22
94.55	8.22
94.9	2.76
96.36	2.76
99.67	12.75
100.22	12.75
103.71	12.75
105.33	1.6
107.11	1.6
109.78	1.6
110.48	7.41
113.37	12.22
115.26	12.22
115.65	12.22
119.11	0.56
119.35	0.56
120.26	9.38
122.33	11.07
122.68	11.07
123.67	11.07
126.99	6.83
127.97	6.83
130.32	0.43
132.25	4.89
134.88	4.89
136.75	4.89
138.0	10.53
138.12	10.53
139.2	8.42
142.07	12.75
144.33	12.75
147.28	0.59
149.71	0.59
149.86	0.59
150.43	10.36
153.61	9.64
155.79	9.64
157.88	9.64
159.76	6.45
159.93	11.73
163.4	11.73
166.65	11.73
167.1	12.98
170.32	12.98
171.66	12.98
173.23	5.72
176.41	5.72
178.22	5.75
181.44	11.19
182.21	11.19
185.65	11.19
186.5	9.26
189.69	9.26
190.12	1.78
190.42	1.78
193.6	1.78
195.8	5.8
196.07	9.96
199.19	9.96
201.6	5.04
204.51	5.04
205.21	5.04
206.88	6.2
209.29	8.7
212.32	5.09
214.58	5.09
215.56	8.38
216.99	8.38
218.23	4.52
221.64	0.53
224.26	1.39
226.82	9.05
229.5	9.05
232.81	5.49
235.47	5.49
237.09	10.36
239.58	10.36
241.41	10.36
244.36	9.18
247.25	9.18
247.36	8.26
250.43	8.26
