2.82	11.05
4.22	6.99
7.71	6.99
11.0	4.43
13.55	4.43
14.55	4.43
15.11	5.72
17.81	7.75
21.01	7.75
22.39	5.38
25.31	5.38
26.6	5.51
27.85	5.51
29.88	0.47
32.11	4.22
33.81	4.22
34.12	4.22
35.76	0.78
37.7	6.93
37.95	6.93
39.41	6.93
40.83	0.35
44.3	0.35
47.61	0.35
49.12	9.86
51.99	8.76
52.37	8.76
52.56	5.8
52.91	5.8
56.04	5.8
56.99	8.19
60.24	8.19
62.57	8.19
64.28	0.54
65.57	0.54
67.73	4.32
68.05	4.32
70.79	4.32
73.18	7.65
74.43	7.65
77.58	7.65
80.78	9.92
82.65	9.92
84.94	3.11
85.67	10.77
87.82	10.77
88.43	10.77
88.6	8.15
91.19	8.15
93.12	11.46
94.63	6.66
95.74	6.66
97.29	6.66
100.2	4.83
102.21	12.22
102.86	12.22
104.37	4.17
106.66	4.17
108.55	9.71
112.0	9.71
112.92	10.37
115.48	10.37
117.06	10.37
119.87	12.45
121.6	12.45
124.84	12.45
127.41	4.52
127.65	4.52
129.94	4.59
130.47	4.59
133.01	4.59
133.24	0.62
134.8	0.62
137.37	7.93
140.37	4.86
141.39	4.86
142.73	9.31
145.9	12.83
148.19	12.83
149.98	7.87
151.75	7.87
154.19	0.85
154.36	3.91
155.66	3.91
158.73	3.71
160.36	4.36
161.47	3.62
164.76	1.8
165.11	1.8
166.97	1.8
170.09	4.37
173.3	4.37
174.56	0.4
177.88	5.07
178.28	3.46
179.46	3.46
180.64	3.46
183.45	5.34
186.65	7.98
187.57	7.98
188.46	7.98
189.06	1.87
192.2	9.11
194.69	9.11
196.67	9.11
198.34	7.02
200.87	7.52
203.95	7.52
205.91	7.52
206.16	5.34
207.21	5.34
208.03	2.1
210.32	2.1
212.59	2.1
214.58	8.32
215.56	8.32
216.33	1.55
218.22	3.74
220.35	3.74
223.05	5.21
226.42	5.21
228.3	12.23
229.37	8.97
230.1	8.97
232.32	8.97
234.29	1.53
234.46	1.53
235.45	1.53
237.04	11.57
240.03	11.57
243.16	11.57
243.78	9.35
246.79	5.82
247.66	9.52
248.55	9.52
251.95	9.52
