0.13	0.6
3.6	0.6
4.09	0.6
4.54	6.55
4.99	11.43
7.02	6.73
8.39	2.12
11.1	4.71
12.82	4.71
15.31	9.27
17.64	9.27
19.55	9.27
22.97	12.19
24.97	12.19
28.0	12.19
30.7	8.48
33.49	4.71
36.38	4.71
39.76	4.71
42.66	3.0
45.59	9.76
46.39	7.52
49.64	7.52
51.38	7.52
54.55	8.53
54.75	8.53
55.91	0.31
58.08	3.05
58.59	3.05
61.49	3.05
63.82	8.39
67.17	8.39
67.37	8.39
69.69	7.42
71.12	7.42
72.73	6.04
73.77	6.04
75.44	9.9
77.6	9.9
80.63	9.9
82.02	12.85
84.77	12.85
87.64	6.95
91.1	11.92
93.32	11.92
96.69	8.73
99.93	8.77
101.66	8.77
105.12	8.77
107.56	1.29
109.09	8.71
110.69	8.71
110.92	9.43
113.97	9.43
114.27	9.43
116.95	6.42
117.7	8.73
117.83	8.73
119.26	1.39
120.41	1.39
122.33	1.39
123.1	5.21
123.92	5.21
126.67	9.99
129.74	9.99
131.52	11.99
134.93	11.99
137.46	11.99
140.8	6.38
141.8	6.38
144.01	6.38
147.27	0.85
148.27	8.32
150.3	8.32
151.54	8.6
153.94	5.47
157.02	4.15
157.59	4.15
159.94	4.15
160.42	5.65
162.37	5.65
163.83	5.65
164.86	12.33
166.22	12.33
168.42	12.33
170.44	8.6
173.65	8.6
176.21	8.6
178.92	10.57
179.38	10.57
182.24	12.11
182.92	11.93
183.49	6.46
184.55	2.32
185.19	2.32
185.34	12.34
186.11	12.34
186.6	12.34
187.54	7.75
187.91	8.13
191.2	8.13
192.28	8.12
192.49	0.81
194.02	0.81
196.68	7.49
197.45	7.49
200.33	6.47
203.61	6.47
204.59	6.47
206.53	12.56
209.12	12.56
212.54	12.56
215.99	3.82
218.95	3.82
221.05	3.82
222.41	11.58
223.38	2.6
224.83	2.6
226.49	8.63
228.49	8.63
228.75	8.63
231.99	1.01
233.34	1.01
233.78	1.01
235.75	1.61
238.21	1.61
238.88	0.48
241.25	12.75
243.76	12.03
245.42	12.03
248.12	2.94
250.4	10.78
