2.44	10.91
4.47	10.91
6.85	10.91
9.6	8.36
12.55	8.36
12.68	12.06
13.59	12.06
16.67	3.41
18.71	3.41
21.49	3.41
21.79	8.19
24.45	8.19
24.78	8.19
24.92	3.17
27.19	1.51
28.95	1.51
29.45	1.51
31.71	7.25
33.53	12.57
35.16	12.57
35.3	12.57
35.83	12.5
38.12	10.98
40.17	7.59
43.4	5.63
45.52	5.63
46.85	5.63
48.85	11.23
52.07	11.23
53.19	11.23
56.59	1.43
57.69	12.43
60.14	12.43
62.8	3.68
64.01	3.68
66.75	3.68
67.42	8.4
69.28	8.4
71.45	8.4
71.78	1.93
74.75	7.26
77.15	7.26
78.3	7.26
78.8	2.34
79.38	2.34
81.47	2.34
83.65	11.57
86.52	11.57
87.45	11.57
88.28	3.07
90.9	0.41
94.3	10.64
96.83	10.64
98.22	10.64
100.25	6.98
100.99	6.98
104.25	6.98
107.75	4.35
110.32	4.35
110.93	4.35
111.27	3.51
112.87	12.07
114.94	1.19
116.36	1.19
117.37	11.13
119.61	11.13
123.09	3.37
123.51	3.37
124.4	9.17
124.59	9.17
127.91	9.57
128.63	9.57
128.75	5.68
131.01	5.68
131.74	5.68
132.79	5.26
134.8	5.26
136.2	5.84
138.16	9.25
140.7	12.52
142.23	6.89
143.53	6.89
146.57	6.89
149.81	9.74
152.44	9.74
155.37	12.53
156.28	12.53
159.41	12.53
160.23	8.83
163.57	0.44
166.91	0.44
168.53	2.63
170.32	9.67
171.76	9.67
173.66	9.67
176.7	3.52
176.82	1.14
176.96	3.66
177.62	3.75
178.19	11.28
181.36	11.28
184.67	11.51
184.8	0.85
187.17	0.85
187.99	0.85
191.47	9.26
194.08	9.26
195.21	12.01
196.27	3.15
197.71	8.06
201.06	7.34
203.4	7.34
204.43	7.34
204.83	12.81
208.24	12.81
211.49	8.91
212.2	8.91
214.63	8.91
217.3	12.86
220.08	11.42
222.85	11.42
225.77	11.42
225.91	9.15
229.27	9.15
231.52	9.15
234.45	5.4
237.19	5.4
239.67	5.4
240.67	6.79
243.0	6.79
244.2	6.79
245.28	0.91
247.0	0.91
249.08	0.91
251.16	0.63
