2.03	11.57
5.22	11.57
7.35	1.37
10.68	1.37
11.81	1.37
15.08	9.1
16.67	9.1
17.62	9.1
20.69	1.47
21.95	1.47
23.6	12.92
24.88	12.92
27.52	8.28
29.83	8.28
32.32	7.25
32.89	0.23
36.17	0.23
38.28	4.44
40.42	4.44
42.77	4.44
44.25	9.86
46.58	9.86
48.86	9.04
49.75	6.03
51.57	6.03
54.43	6.03
54.81	2.84
55.87	2.84
59.04	10.33
61.15	10.33
62.58	3.63
63.37	3.63
65.2	3.63
67.66	11.83
68.32	11.83
68.51	11.83
70.33	11.16
71.76	1.81
75.04	1.81
78.12	10.43
81.29	10.43
84.18	10.79
86.41	10.79
87.7	10.79
91.03	9.41
93.07	7.47
96.05	7.47
96.65	2.44
99.2	2.44
100.68	11.62
102.44	7.03
105.52	7.03
107.97	7.03
108.37	11.34
109.79	11.34
111.1	11.34
114.47	8.08
115.11	3.93
116.76	2.18
117.33	2.18
120.08	2.18
121.78	4.74
122.74	4.74
123.4	4.74
126.47	3.67
129.75	3.67
133.18	3.67
134.92	3.09
136.09	3.09
137.3	3.09
139.47	5.79
142.04	11.33
143.1	11.33
146.2	11.33
148.14	7.42
148.55	7.42
151.44	1.11
154.25	1.11
155.07	12.21
157.37	12.21
160.64	8.28
162.84	8.28
164.54	3.75
166.42	3.75
169.19	3.75
172.62	2.66
173.87	2.66
176.82	2.66
177.83	12.63
179.88	12.63
182.26	11.69
184.48	8.5
186.65	8.5
186.87	8.5
188.01	0.61
190.73	11.69
191.75	0.4
192.42	0.4
194.96	0.4
197.76	4.1
199.7	4.1
202.6	4.1
204.26	5.66
207.46	3.27
208.81	3.27
211.79	3.27
215.06	8.94
215.78	8.94
216.14	11.11
217.63	11.11
218.17	11.11
218.8	11.2
222.18	12.51
225.32	12.51
228.8	11.76
231.17	11.76
233.38	9.0
234.87	1.0
237.7	1.0
238.83	1.0
240.38	9.96
241.42	9.96
242.9	9.29
243.71	9.29
245.84	0.87
247.68	0.87
250.97	0.87
