2.97	9.65
3.8	9.65
4.38	8.06
5.69	8.06
7.89	8.06
9.59	8.83
12.21	8.83
13.92	8.83
17.31	11.75
17.72	11.75
20.04	11.75
20.63	3.76
21.02	3.76
21.33	3.76
22.51	1.01
24.67	10.98
24.93	10.98
25.21	6.15
26.79	2.44
27.19	2.44
27.82	4.43
30.1	4.43
30.73	4.43
30.86	9.27
31.76	9.27
33.71	9.27
36.42	2.32
37.1	2.32
38.27	2.32
41.34	12.14
43.89	0.9
46.98	0.9
47.17	2.47
47.66	2.47
50.73	10.18
50.94	4.57
51.86	4.57
54.22	4.57
56.04	0.23
56.37	0.23
59.19	2.31
59.52	2.31
61.51	5.11
62.5	5.11
65.99	8.15
66.7	8.15
68.6	5.58
70.98	5.58
71.11	7.98
72.61	7.98
73.3	3.47
76.11	3.23
78.02	3.23
80.04	3.23
83.29	11.09
85.19	11.09
86.48	11.98
86.89	11.98
88.1	11.98
91.1	3.62
94.06	3.62
96.82	6.75
98.86	6.75
99.35	7.48
101.84	7.48
103.55	7.48
104.86	4.2
105.55	4.2
105.94	4.2
108.8	3.14
109.53	3.14
112.11	4.7
114.25	10.01
117.43	10.01
117.93	7.96
121.27	5.02
123.72	0.67
126.95	0.67
128.28	0.67
129.58	9.06
130.77	9.06
131.67	9.06
132.37	1.33
133.76	8.67
134.76	8.67
137.57	8.67
138.28	5.82
139.82	5.82
142.86	5.82
143.61	1.64
146.96	1.64
149.35	11.8
150.02	11.8
152.39	11.8
154.42	8.16
155.57	8.16
158.1	8.16
160.0	12.81
160.43	12.81
160.57	12.07
162.7	12.07
166.01	4.48
166.74	4.48
169.67	5.74
172.29	5.74
174.35	5.74
177.0	12.63
177.59	11.81
179.49	6.56
180.02	7.75
183.08	8.03
184.42	8.03
186.24	3.85
187.28	3.85
188.85	5.68
190.92	5.68
194.22	7.02
197.54	7.02
199.31	7.02
199.65	10.84
201.13	10.84
201.29	10.84
204.75	7.62
206.58	7.62
208.01	7.62
210.83	7.24
211.19	7.24
211.92	8.1
212.26	8.1
214.65	11.03
215.71	11.03
217.94	11.03
220.66	7.7
224.1	7.7
225.99	7.24
228.58	4.59
230.61	4.59
231.84	4.59
232.74	7.24
233.66	10.24
235.84	0.56
236.35	0.56
236.95	10.55
237.62	10.55
239.21	1.05
240.98	1.05
241.64	0.78
241.95	0.78
245.33	8.31
246.6	8.31
248.4	8.31
251.74	11.57
