3.0	5.14
4.54	5.14
5.24	5.14
8.33	0.63
9.13	11.59
12.17	4.44
14.56	4.44
14.96	1.93
17.45	1.93
18.89	1.93
21.48	0.72
21.72	6.14
25.12	6.14
25.55	12.58
28.62	7.55
29.4	7.55
29.53	7.55
30.4	5.09
31.34	5.09
34.64	5.09
36.38	7.22
36.87	7.22
37.78	1.16
41.21	8.31
43.59	3.18
44.8	3.18
45.01	8.96
47.32	8.96
48.12	8.96
49.16	3.55
51.87	3.55
54.67	3.55
54.78	3.43
57.84	3.43
58.79	4.23
60.21	4.23
62.2	4.16
64.53	4.16
67.25	6.02
68.3	6.02
68.46	6.02
70.92	11.51
73.79	11.51
74.48	4.61
76.47	4.61
78.15	4.61
80.57	2.93
80.96	2.93
82.33	2.93
83.33	6.44
86.36	6.44
89.28	6.01
92.36	6.01
95.71	6.01
97.47	8.52
99.8	8.52
100.59	8.52
100.88	9.02
104.05	6.57
105.63	6.57
107.89	6.57
108.3	5.69
110.28	1.66
112.13	5.79
113.65	5.79
115.7	2.2
118.92	2.2
121.62	2.2
123.25	9.95
123.45	9.95
124.31	4.46
125.39	4.46
128.29	3.66
129.82	3.66
131.67	3.66
133.51	8.46
134.19	8.46
135.02	8.46
136.05	9.5
136.38	9.5
139.5	2.32
141.22	2.32
141.64	2.32
144.12	11.34
146.26	12.33
148.13	12.33
149.68	8.69
152.95	3.15
153.62	3.15
153.96	3.15
155.8	7.07
158.08	6.04
161.43	6.04
163.42	7.69
163.73	7.69
166.27	7.69
168.81	1.31
169.77	1.31
171.73	1.31
173.53	0.77
176.82	0.77
179.33	12.19
182.42	12.19
184.4	8.34
186.73	8.34
188.67	11.84
190.49	11.84
192.43	11.84
194.12	1.13
195.69	1.13
198.83	0.68
199.91	1.74
201.82	1.74
203.19	2.42
204.32	2.42
206.96	11.52
207.22	11.52
210.43	10.86
213.42	10.26
216.57	10.26
218.97	10.26
219.72	4.71
221.56	7.52
222.95	7.52
224.96	9.32
228.05	9.32
229.91	9.32
233.4	8.85
234.79	8.85
237.4	5.12
239.92	5.12
241.21	5.12
243.92	10.11
246.19	10.11
248.34	10.11
250.21	5.97
