2.05	9.66
2.56	9.66
3.03	7.09
5.72	7.09
9.13	7.09
9.78	4.68
11.64	4.68
14.42	4.68
16.49	0.42
19.67	0.42
20.75	10.31
23.01	10.31
26.0	10.31
27.88	11.97
30.15	11.97
32.31	11.97
32.57	8.12
34.39	5.67
35.29	5.67
37.98	5.67
39.34	7.09
42.6	7.09
44.02	9.44
44.27	9.44
46.88	10.99
49.14	2.9
51.4	7.86
52.71	1.55
54.81	1.55
58.26	6.28
59.23	6.28
60.69	6.28
62.8	7.93
63.38	1.99
65.1	1.99
66.41	1.99
69.8	8.62
71.28	8.62
73.1	11.94
75.3	11.94
77.92	11.94
81.31	3.55
82.71	3.55
85.52	3.55
88.8	2.91
90.68	2.91
91.72	2.91
94.54	10.4
94.71	5.36
95.92	5.36
98.83	5.36
99.6	6.94
100.96	6.94
102.06	4.7
103.83	4.7
104.57	9.12
106.51	9.12
107.59	8.49
109.22	8.49
110.38	3.75
113.45	3.75
116.25	5.06
118.48	5.06
121.96	10.89
124.21	4.22
125.23	1.5
126.26	3.15
129.64	3.78
132.74	3.78
136.17	2.74
136.65	2.74
139.7	2.74
141.16	5.79
143.16	5.79
146.52	10.1
148.63	10.1
151.05	10.1
151.34	4.47
152.03	4.47
152.87	4.47
154.9	5.41
155.3	12.27
156.68	6.0
158.96	6.0
161.85	6.0
164.51	5.58
165.41	6.44
165.56	6.44
166.95	5.15
170.19	5.15
172.42	11.36
174.8	6.52
175.69	6.52
178.87	6.52
179.2	4.06
179.64	12.56
182.09	12.56
184.98	12.56
185.5	2.01
186.6	6.78
187.32	12.2
188.42	12.2
189.24	12.2
192.45	12.29
194.98	12.29
196.37	12.29
198.35	11.63
201.63	11.63
202.99	11.63
204.22	3.68
204.99	3.68
207.81	3.68
209.56	8.27
212.8	8.27
213.16	8.27
215.8	1.71
219.0	1.74
222.08	1.74
225.06	0.31
228.4	0.31
229.07	3.11
231.51	3.11
233.93	3.11
236.15	8.34
239.35	6.71
239.6	6.33
240.34	6.33
240.93	6.33
243.16	5.95
244.72	5.95
247.15	5.95
248.33	3.53
251.72	3.53
