2.55	5.8
2.87	5.8
3.0	5.22
3.21	6.79
5.89	12.22
9.12	6.63
9.38	6.63
9.79	6.63
10.77	0.23
11.91	12.41
14.88	12.41
16.97	6.83
20.21	10.23
21.23	10.23
23.88	10.24
25.19	1.48
26.48	2.56
28.86	2.56
29.34	2.56
32.64	9.15
35.02	11.61
36.94	11.61
39.3	9.78
40.55	9.78
42.5	11.23
43.4	11.23
45.04	6.59
45.63	6.59
48.7	6.59
51.4	11.54
54.57	11.54
57.74	11.54
58.2	10.03
61.52	5.29
62.06	6.84
63.32	6.84
64.44	3.74
65.6	6.82
67.75	6.82
68.63	7.65
70.64	7.65
71.36	9.81
73.94	9.81
76.03	9.81
76.59	9.54
79.25	9.54
81.55	11.84
83.35	2.63
83.88	2.63
86.33	12.77
86.97	4.81
87.46	4.81
88.31	4.81
89.24	8.57
90.75	8.57
91.19	8.57
94.51	11.82
95.2	7.42
96.18	7.42
98.91	2.76
99.96	2.76
101.57	9.53
102.9	9.53
105.87	10.51
108.86	12.49
109.9	12.49
111.13	12.49
113.03	12.05
113.36	12.05
113.48	12.05
115.97	7.23
116.44	7.23
119.44	7.23
122.4	1.37
124.59	1.37
125.32	1.37
126.06	6.91
127.2	6.91
129.59	6.21
129.91	6.21
130.6	3.57
132.05	3.57
133.67	3.57
136.37	0.83
137.03	10.42
140.26	12.4
140.58	12.4
144.0	12.4
144.68	11.41
147.73	11.41
151.2	4.08
152.9	4.08
154.42	4.08
155.94	8.42
159.23	8.61
162.29	8.61
162.42	8.61
164.32	4.14
167.2	12.61
167.86	12.61
170.26	12.61
172.33	2.29
175.36	10.56
178.56	10.56
178.99	10.56
181.8	6.41
182.74	6.41
184.06	6.41
184.33	4.86
187.52	4.86
189.03	4.86
192.02	11.35
193.25	11.35
193.86	11.35
196.8	3.87
197.94	3.87
199.71	6.98
202.68	6.98
204.09	1.41
204.51	10.88
207.02	10.88
207.53	3.32
208.82	3.32
210.39	3.41
212.74	3.41
215.83	3.41
216.32	0.55
216.5	0.55
217.09	0.55
220.45	4.63
221.16	4.63
221.31	8.87
223.58	8.87
223.78	8.87
225.8	11.07
227.58	11.07
228.16	10.8
230.09	10.8
230.77	4.56
231.02	4.56
231.57	9.0
231.79	9.0
233.08	5.69
234.43	5.69
236.65	5.69
238.1	8.96
239.69	8.96
241.0	0.38
243.0	0.38
243.4	0.38
244.58	0.84
248.08	0.84
251.0	4.24
