3.12	5.18
5.41	5.18
8.35	5.18
10.99	6.1
12.46	11.33
15.17	11.33
16.45	11.33
18.6	0.31
21.77	0.31
24.45	0.31
27.35	4.75
30.11	2.36
33.43	2.36
35.19	2.36
38.54	1.15
39.77	1.15
41.34	1.15
44.73	6.93
44.91	6.93
45.44	11.4
46.93	11.4
49.82	12.02
52.36	12.02
55.13	12.02
56.47	5.14
57.36	5.14
60.32	5.14
61.41	11.85
64.18	11.85
67.53	11.85
70.71	10.63
70.91	8.42
72.36	8.42
72.58	8.42
73.3	2.82
76.48	6.85
77.33	7.0
80.39	7.0
83.04	11.12
86.5	11.12
88.12	6.23
88.37	6.23
90.58	3.11
91.95	9.54
95.32	9.54
97.68	12.05
99.02	12.05
100.0	6.74
101.5	6.74
104.47	6.74
106.54	8.33
107.48	7.16
110.78	0.49
113.99	0.49
117.06	0.49
118.22	11.91
120.33	7.66
121.91	2.32
125.18	2.32
127.59	2.32
130.22	8.44
131.36	1.2
133.96	12.27
134.35	12.27
136.51	12.27
139.47	7.24
142.91	0.59
145.16	4.99
146.79	4.99
148.73	3.91
149.81	3.91
152.29	3.91
155.03	10.35
156.72	10.35
157.87	2.62
161.18	2.62
161.93	11.0
164.35	11.0
165.55	11.0
168.04	9.98
168.95	9.98
172.14	9.98
174.4	6.65
174.62	8.7
176.46	8.7
178.92	0.71
181.28	0.71
183.0	12.24
185.9	12.24
186.38	12.24
186.83	10.76
190.3	10.76
191.49	10.76
192.27	9.11
193.98	9.11
194.81	9.11
196.92	4.39
197.59	9.35
197.79	9.35
198.97	3.63
199.48	3.63
202.34	3.63
202.54	8.29
204.64	10.83
204.79	10.83
207.29	10.83
209.03	4.78
209.46	4.78
209.85	4.78
210.17	6.28
211.66	5.62
212.44	10.35
215.12	10.35
216.67	10.35
217.23	9.76
217.77	11.58
218.19	9.79
220.18	3.87
221.63	3.87
223.09	12.24
224.23	12.24
227.62	12.24
229.85	2.3
232.91	2.3
233.14	12.16
233.94	12.16
237.44	6.61
240.18	0.51
241.98	11.83
242.44	11.83
244.79	11.83
245.64	6.8
246.69	5.02
249.11	10.73
251.62	10.73
