2.24	9.1
5.25	9.1
6.23	2.5
8.09	2.5
10.0	2.5
10.85	7.18
13.14	7.18
16.0	7.18
16.12	7.75
18.27	5.47
20.69	5.47
22.43	7.57
25.24	7.57
28.37	1.06
28.49	6.51
31.53	6.51
33.14	2.16
36.45	2.16
37.26	2.16
39.14	9.01
42.22	1.95
42.54	0.39
43.93	0.39
44.8	1.86
47.22	1.86
49.54	11.14
49.66	11.14
52.08	4.63
52.6	4.63
54.22	2.48
54.96	2.48
56.76	2.48
57.23	9.67
60.01	9.67
62.73	9.67
65.09	2.87
65.49	2.87
65.72	2.87
68.98	11.29
71.56	11.29
74.12	10.31
76.01	10.31
79.38	10.31
81.69	12.98
84.99	12.98
85.71	12.98
87.12	6.43
90.52	6.43
91.04	6.43
91.88	9.5
92.52	9.5
95.26	6.05
98.22	3.14
100.04	12.99
101.45	5.9
103.04	5.9
103.51	7.97
105.28	7.97
108.28	7.97
111.51	10.6
114.47	10.6
116.63	11.61
117.8	11.61
119.17	11.61
121.42	3.17
123.31	3.17
125.04	9.9
128.31	9.9
128.57	9.9
130.38	2.56
131.55	2.56
135.02	0.92
138.27	0.92
140.06	1.07
140.44	1.07
143.24	1.07
144.83	2.64
148.12	2.64
151.54	2.64
151.68	5.76
154.72	5.76
154.82	5.76
156.92	8.51
157.99	8.51
160.1	1.22
161.96	1.22
164.35	1.22
166.36	11.42
166.49	11.42
166.93	11.42
169.44	4.47
170.76	4.47
173.38	4.47
176.11	12.94
177.89	12.94
179.22	12.94
180.11	3.28
182.75	3.28
185.31	3.28
186.3	10.86
187.94	10.86
188.55	3.63
190.05	3.63
193.49	3.63
194.17	0.98
196.92	0.98
199.01	0.21
199.86	0.21
200.68	6.09
201.59	6.09
202.4	5.93
204.62	5.93
206.41	5.93
206.65	5.24
209.62	8.14
212.77	8.14
215.68	8.14
216.96	0.76
219.59	5.78
221.81	5.78
224.98	12.17
227.04	11.25
228.54	11.25
228.87	11.25
232.36	1.24
233.25	12.97
234.81	12.97
236.48	5.32
239.56	8.82
242.9	8.82
244.47	9.06
247.23	9.06
250.39	6.52
