3.03	0.77
5.68	0.77
7.54	5.23
10.34	5.23
13.82	5.23
16.23	4.05
17.54	4.05
20.64	4.05
22.02	0.69
23.12	0.69
23.85	0.69
24.79	2.01
25.75	2.01
26.71	2.01
30.13	10.98
32.53	10.98
34.71	10.98
35.85	7.37
37.51	7.37
38.56	6.07
41.86	12.28
44.34	9.82
44.49	9.82
44.85	3.72
46.5	3.72
48.77	11.32
49.89	11.32
50.8	11.32
53.21	11.32
55.0	11.32
58.16	11.32
61.32	6.46
64.47	6.46
67.64	6.46
68.15	4.26
68.74	4.26
71.32	4.26
72.14	10.42
72.33	1.95
73.87	2.03
75.99	2.03
78.14	2.03
78.43	2.58
81.44	2.58
84.68	10.09
86.57	10.09
87.68	7.24
88.67	7.9
91.5	7.9
91.95	7.9
94.23	11.4
94.82	11.4
97.09	6.48
97.72	1.85
99.62	8.67
100.58	8.02
103.73	8.02
105.34	8.02
105.85	7.33
108.37	0.96
109.99	0.96
111.22	0.96
111.63	3.5
114.94	3.5
115.96	10.34
116.49	10.34
118.21	2.55
119.55	11.73
121.82	11.73
122.07	11.89
122.51	11.89
124.45	8.42
126.86	8.42
129.98	8.42
133.18	8.49
133.54	8.49
135.61	8.49
136.54	9.1
139.69	3.07
143.13	3.07
146.03	3.07
147.38	0.27
150.17	0.27
151.18	8.05
152.25	8.05
155.4	1.17
158.69	1.17
161.18	6.26
163.59	6.26
164.81	6.26
165.11	5.7
165.31	5.7
165.8	8.15
166.61	3.12
167.12	3.12
168.52	9.83
171.09	9.82
171.33	9.82
173.53	9.82
176.16	3.47
179.46	9.92
181.69	9.92
182.49	9.92
183.92	11.26
185.69	10.0
186.84	10.0
188.89	10.0
190.64	1.21
191.62	1.21
194.71	1.21
197.22	5.31
199.32	11.97
201.45	11.97
204.92	9.34
205.47	4.33
206.42	4.33
207.37	4.99
208.92	4.99
210.0	2.92
212.38	2.92
215.63	10.74
218.45	10.74
221.31	2.42
224.47	2.42
227.55	2.42
228.76	2.26
229.12	2.26
231.76	2.26
235.24	3.24
235.61	3.24
237.44	12.92
237.71	12.92
239.46	12.92
242.79	11.64
244.07	11.64
244.31	11.64
245.02	11.91
246.61	11.91
247.43	11.91
250.54	2.43
