2.69	9.2
5.64	9.2
8.34	9.2
10.47	9.56
11.17	9.56
13.51	5.71
15.7	5.04
16.35	5.04
19.81	5.04
22.14	11.43
24.06	10.76
26.97	10.76
28.61	10.76
31.89	3.19
33.35	3.19
33.67	3.19
35.68	7.78
36.91	9.44
37.95	9.44
40.89	4.64
43.64	7.51
44.26	7.51
47.49	10.9
50.78	10.9
53.45	10.9
55.1	6.97
55.41	2.4
58.08	12.63
61.53	8.86
64.54	8.86
66.01	4.61
68.61	4.61
70.88	4.61
72.99	9.48
75.82	10.5
77.49	10.5
79.8	10.5
79.96	6.82
80.71	12.97
81.92	12.97
82.19	8.11
85.11	0.4
85.23	2.55
85.79	2.55
88.64	2.55
91.13	9.44
94.02	9.44
94.43	9.44
97.11	10.24
98.81	3.44
100.15	3.44
100.83	3.44
102.15	10.67
103.36	11.9
105.62	3.71
106.72	3.71
107.51	3.71
109.71	7.82
113.1	7.82
116.02	7.82
117.21	5.78
118.96	10.26
120.34	4.37
121.54	4.37
124.42	8.87
125.81	11.39
128.67	11.39
131.1	7.16
133.43	7.16
135.9	8.38
138.49	10.01
140.81	6.09
142.32	6.09
145.57	6.09
148.68	6.04
150.33	7.0
152.65	5.16
155.35	5.16
158.09	9.31
159.57	9.31
161.72	5.31
163.9	5.31
165.45	5.31
168.69	0.45
169.16	0.45
170.83	1.67
172.96	1.67
175.2	1.67
175.31	6.04
177.1	6.04
180.43	6.04
183.82	4.22
184.29	4.22
187.1	7.59
188.08	7.59
189.26	5.15
191.89	2.76
193.3	2.02
195.12	2.02
196.11	11.04
199.5	11.04
201.17	4.82
201.33	2.44
202.72	2.44
203.4	2.44
203.83	9.0
204.73	9.0
206.55	11.65
207.23	9.13
209.5	9.13
211.57	9.13
212.62	11.93
214.25	11.93
216.91	11.93
219.85	6.25
221.66	6.25
222.91	6.25
224.39	9.59
224.68	9.59
225.41	10.17
226.56	10.17
228.1	5.72
230.34	5.72
233.46	8.57
234.73	8.57
235.64	8.57
236.62	9.32
236.88	2.62
238.42	2.62
240.1	5.77
243.5	0.8
244.01	0.8
245.44	0.8
245.97	9.64
246.26	9.64
247.39	9.64
249.8	1.19
252.03	1.19
