2.44	7.96
4.18	7.96
7.35	6.86
10.65	12.51
13.96	12.51
15.76	11.34
16.8	6.09
17.48	6.09
20.29	6.09
23.52	9.94
26.81	4.65
29.44	4.65
32.59	4.65
33.8	9.19
36.56	0.31
36.77	11.8
40.04	11.8
42.6	5.53
45.19	5.53
45.87	12.85
47.94	5.69
51.01	3.9
52.41	3.9
55.18	8.24
57.27	8.24
59.82	8.24
62.37	7.3
62.65	10.52
65.33	10.52
68.01	0.6
69.97	0.6
70.91	10.76
72.18	10.76
74.51	10.76
77.24	4.44
77.46	10.7
78.07	10.7
80.5	2.44
83.16	2.44
84.83	2.44
85.77	8.4
87.68	8.8
88.12	11.11
88.32	11.11
90.7	8.65
93.0	8.65
94.27	8.65
96.96	6.7
99.79	6.7
100.31	1.94
100.81	1.94
101.89	1.94
102.47	0.48
105.46	1.38
106.49	1.38
108.31	7.05
108.45	7.05
110.59	3.29
113.0	3.29
113.88	3.29
115.42	5.49
116.54	8.91
119.39	11.66
121.48	11.66
121.65	11.66
123.7	2.43
125.45	2.43
127.72	3.61
130.32	3.61
132.76	2.92
135.67	2.92
138.1	6.61
139.58	6.61
142.68	6.61
143.68	11.54
146.17	11.54
149.6	11.54
151.86	12.0
155.03	1.9
158.08	3.46
160.88	3.46
164.32	4.98
165.73	4.98
166.35	2.94
169.13	2.94
172.16	2.94
173.36	0.51
173.76	3.96
174.51	3.96
176.02	9.31
179.49	9.31
180.77	9.31
183.43	0.78
184.23	0.78
187.38	0.78
190.12	6.29
191.97	6.29
195.14	8.43
196.87	8.43
197.07	8.43
198.72	11.41
200.63	0.39
201.64	0.39
204.75	3.54
205.34	3.54
205.55	9.28
207.12	9.28
209.32	9.28
210.01	5.06
212.41	3.25
215.82	3.25
219.04	3.25
220.42	7.94
223.16	10.1
224.96	1.27
226.59	1.27
229.63	1.27
230.42	1.79
231.77	1.79
232.58	1.79
234.81	1.15
237.47	1.15
240.08	7.35
242.01	7.35
243.87	8.84
244.86	8.84
245.54	8.84
246.3	1.23
246.45	8.81
247.18	8.81
248.73	2.97
249.94	5.8
251.67	5.8
