1.21	7.27
3.77	3.29
6.78	3.29
7.42	3.29
9.91	6.53
12.77	6.53
16.12	6.53
17.69	12.63
20.77	5.06
21.69	5.06
22.39	10.3
22.86	10.3
26.1	11.38
27.91	9.52
30.16	5.99
32.88	3.55
35.05	3.55
37.64	3.55
39.13	1.84
40.57	1.03
42.33	6.98
43.35	6.98
43.96	6.11
44.79	10.3
46.4	10.3
49.7	10.3
53.11	12.17
55.84	12.17
56.77	6.19
59.52	3.15
61.26	0.85
62.96	2.23
63.41	0.82
65.53	0.82
68.95	0.82
71.19	3.54
74.53	3.54
77.07	3.8
78.88	3.8
82.17	3.8
83.78	8.1
86.54	8.1
88.92	6.11
91.5	6.11
93.58	6.11
93.85	5.96
97.2	5.96
98.81	5.96
101.24	4.73
103.79	4.73
105.95	4.73
108.39	4.35
109.79	4.35
110.82	4.35
110.96	1.38
111.8	1.38
112.57	1.38
114.21	6.1
117.11	7.97
120.57	7.97
122.59	2.29
123.65	2.29
124.88	12.85
126.6	7.89
127.98	11.27
130.6	4.25
132.15	4.25
132.65	4.25
135.37	12.7
137.07	2.92
140.31	2.92
141.8	2.92
144.71	1.1
147.93	6.19
149.18	8.6
149.45	8.6
151.35	4.77
151.89	11.58
154.47	11.58
155.69	11.58
156.65	4.26
159.06	4.26
159.84	5.81
160.25	0.46
161.34	9.98
163.9	9.98
164.02	0.64
167.13	0.64
168.86	1.3
171.27	9.86
173.37	9.86
174.43	11.8
177.27	11.8
177.47	11.8
179.01	8.98
181.45	6.13
182.38	4.52
183.59	4.52
184.42	6.62
185.56	1.62
186.44	5.23
187.09	5.23
190.3	11.18
192.44	11.18
195.15	11.18
197.95	1.19
199.16	1.19
201.25	1.19
203.11	4.7
205.59	4.7
206.82	1.52
207.2	1.52
210.27	9.84
212.48	3.86
214.31	3.86
215.95	3.86
218.16	4.28
218.73	10.94
220.0	10.94
221.95	10.94
224.94	5.64
227.52	5.64
229.95	5.64
231.42	8.08
232.62	8.08
235.86	12.87
236.92	12.87
237.73	12.87
239.59	8.04
240.19	8.04
241.65	5.07
245.07	12.27
245.26	0.64
246.37	8.49
248.61	8.94
249.0	8.94
251.68	8.94
