2.72	9.5
4.02	0.77
4.29	2.68
4.46	9.77
5.32	9.77
7.04	9.77
9.51	5.21
10.93	5.21
14.23	0.73
14.73	0.73
16.71	12.04
19.45	12.04
22.56	1.82
24.86	1.82
26.09	8.31
29.08	8.31
29.22	8.7
29.82	9.01
30.89	9.01
33.37	12.28
35.42	8.0
35.8	3.86
39.08	3.86
40.16	0.86
42.9	0.86
46.2	0.86
49.49	12.59
52.67	12.59
54.3	12.59
56.72	1.46
56.91	1.46
60.37	1.46
62.34	3.06
63.48	2.89
64.92	9.53
66.23	9.53
67.72	9.53
70.9	7.25
73.54	7.25
76.84	9.33
77.33	9.33
80.73	7.02
81.78	5.23
82.44	5.23
83.33	8.96
83.6	8.96
84.04	11.64
85.74	11.64
88.86	11.9
91.61	11.9
92.31	11.5
94.32	11.5
95.88	5.82
99.13	6.48
102.27	6.48
102.59	9.93
103.25	9.78
106.17	9.78
109.58	5.76
111.63	12.68
112.43	12.68
115.29	12.68
117.91	2.98
121.11	2.98
123.22	5.4
125.11	5.4
126.59	5.4
129.95	3.38
132.47	4.49
134.03	4.49
136.32	0.5
136.93	0.5
139.86	2.34
140.92	3.86
142.43	3.86
145.51	11.84
147.76	4.59
148.27	5.95
148.59	5.95
151.0	5.95
151.95	10.09
152.51	5.77
155.74	5.77
158.96	5.8
162.46	5.8
163.35	5.8
166.79	11.69
167.89	11.69
169.53	5.37
172.25	5.37
172.87	12.11
174.71	12.11
177.34	11.82
179.91	11.82
180.56	11.82
182.42	0.64
183.62	5.94
184.5	5.94
185.72	5.94
187.85	2.68
189.47	2.68
190.33	2.68
193.23	4.72
193.43	12.25
194.82	12.25
197.52	12.25
199.84	3.51
203.28	3.51
205.9	3.51
207.03	10.25
210.25	10.25
212.22	10.25
214.91	5.65
217.75	6.37
218.24	6.37
218.77	8.03
220.31	8.03
222.16	12.62
224.13	12.62
226.16	4.8
227.86	1.51
228.18	1.51
229.37	5.93
232.7	5.93
235.86	0.55
237.51	11.99
239.25	11.99
239.85	11.99
241.8	3.23
244.37	1.68
244.7	1.68
245.76	1.68
246.6	1.7
247.78	1.7
249.59	6.82
250.15	6.82
