2.94	3.97
6.02	4.25
6.85	0.98
9.54	0.98
10.31	0.98
12.54	5.68
14.47	10.43
15.19	10.43
16.34	10.43
19.68	0.45
19.88	6.55
21.27	6.55
23.74	6.55
26.5	12.9
27.46	0.56
28.52	9.08
29.47	9.08
32.43	9.08
35.06	2.25
37.84	1.38
37.98	1.38
39.72	9.74
41.58	9.74
43.05	9.74
43.38	7.62
44.83	7.05
45.55	7.05
48.76	7.05
50.44	0.79
50.8	0.79
54.12	0.79
55.23	7.79
58.34	7.79
60.82	7.79
63.37	6.52
64.21	1.35
66.72	1.35
68.74	5.44
69.87	5.44
72.86	3.3
74.31	0.66
74.96	2.31
76.26	2.31
79.29	10.74
80.91	10.74
82.03	8.32
84.64	8.32
87.34	0.52
87.57	0.52
88.51	0.52
90.38	11.61
91.84	11.55
92.27	11.55
92.71	11.55
94.07	4.27
95.91	4.27
97.92	3.35
100.61	11.23
101.97	0.43
103.31	0.43
104.9	0.43
106.99	10.03
109.42	10.03
111.42	4.01
112.82	4.01
115.71	4.01
117.46	3.17
118.86	3.17
120.46	3.96
122.09	3.96
124.53	3.96
126.11	8.53
128.87	9.79
129.93	9.79
130.06	9.71
131.23	6.93
131.81	6.93
132.01	6.94
134.77	6.94
135.2	10.53
135.37	10.53
137.26	10.53
137.88	9.65
140.86	9.65
142.91	9.65
145.0	7.99
147.54	7.99
148.59	6.21
149.6	6.21
151.31	4.56
152.65	8.6
154.71	8.6
157.95	8.6
161.13	2.16
162.83	2.5
166.06	2.5
168.01	2.5
169.07	10.44
169.59	4.06
171.19	4.06
173.42	4.06
176.52	10.35
178.29	10.35
179.22	10.35
181.81	10.48
182.78	10.48
185.38	10.48
185.53	6.97
188.32	6.97
191.15	6.97
192.94	7.5
193.88	7.5
196.74	7.5
198.91	12.53
200.63	12.53
203.81	12.53
205.66	6.27
208.96	6.27
210.41	7.28
213.68	7.28
215.63	7.28
217.62	12.9
218.45	12.9
221.07	12.9
223.56	3.59
225.37	11.54
227.57	1.2
230.89	1.2
232.89	1.2
233.81	7.24
233.91	5.21
234.07	5.21
235.94	5.21
238.81	0.62
240.02	0.62
240.9	0.62
242.72	8.61
244.29	8.61
245.02	9.23
247.13	8.78
248.05	8.78
250.72	8.78
