0.55	6.79
2.45	6.79
2.82	6.79
5.63	12.08
6.5	8.69
8.04	8.69
10.84	11.5
14.27	8.52
17.47	8.52
17.8	8.52
20.72	9.04
23.04	9.04
23.6	6.38
26.6	6.38
30.08	12.5
31.56	12.5
33.32	5.96
35.83	5.96
38.26	5.96
38.74	1.77
39.42	1.77
42.35	5.39
44.19	3.35
44.39	3.35
47.44	3.35
47.85	8.18
50.09	8.18
50.45	8.18
52.09	12.58
55.34	4.92
57.56	4.92
60.56	4.92
60.89	10.72
61.1	1.92
62.39	11.69
63.74	11.69
64.96	11.69
65.45	7.93
67.88	10.18
68.76	10.18
69.67	10.18
73.07	1.98
73.2	1.98
76.64	1.98
78.75	11.99
80.31	11.99
82.99	5.84
86.24	5.84
87.55	9.5
88.72	12.6
89.73	4.19
90.77	4.19
92.24	9.69
92.54	3.9
94.95	3.9
97.75	3.9
98.03	10.3
99.43	10.3
100.73	10.3
102.53	8.78
103.97	8.78
104.93	8.78
107.68	3.51
109.39	6.6
111.74	6.6
113.64	6.6
114.61	0.23
114.8	0.23
116.74	1.66
119.26	1.66
121.17	1.66
122.09	10.74
123.06	10.74
124.5	10.74
125.71	0.44
129.11	8.67
129.4	8.67
132.64	8.67
134.67	1.04
134.86	1.04
135.25	12.85
137.14	9.27
138.71	9.27
140.78	9.27
143.15	4.47
145.17	4.47
147.51	4.47
150.26	9.49
151.95	3.03
152.12	11.49
154.08	6.9
154.3	2.66
156.8	10.8
157.27	1.7
160.25	1.7
160.42	1.7
163.49	1.02
163.74	1.02
165.59	1.76
167.34	1.76
169.15	6.62
172.36	10.39
175.82	10.39
178.76	8.76
180.66	8.51
181.76	5.03
182.89	5.03
183.11	5.03
184.47	8.76
187.05	0.97
189.63	0.97
189.95	3.16
191.16	3.16
193.42	3.16
196.29	12.45
198.67	12.45
199.96	4.52
200.92	5.22
202.43	5.23
203.67	2.77
204.37	2.77
207.12	5.43
208.01	5.43
208.98	5.43
211.35	5.69
214.08	5.69
214.19	4.11
215.88	4.11
217.71	7.71
220.73	7.71
220.92	7.71
223.41	2.11
224.83	2.11
226.44	12.41
227.62	12.41
230.92	12.41
233.01	4.07
233.31	4.07
235.18	4.07
236.74	8.82
239.15	8.82
239.59	1.93
241.57	1.93
242.61	4.92
245.36	4.92
245.61	0.68
247.73	0.68
249.11	12.67
249.98	0.63
253.25	9.89
