3.06	5.28
3.52	6.25
6.14	6.25
7.7	6.74
9.45	1.74
9.96	1.74
13.02	7.72
16.45	7.72
17.04	7.18
18.91	7.18
19.62	12.13
22.04	11.35
25.01	6.6
28.26	6.6
30.81	10.85
31.05	10.85
31.38	10.69
34.84	10.69
37.96	11.07
39.07	11.07
41.91	11.07
45.26	4.83
48.04	4.95
50.45	4.54
50.79	12.98
53.02	12.98
55.34	7.31
56.54	7.31
57.24	7.31
57.38	9.57
60.31	9.57
61.82	9.57
63.26	4.1
64.18	4.1
64.45	4.1
67.36	8.33
70.12	11.85
71.2	11.85
73.27	11.85
74.86	10.88
75.62	10.88
76.72	12.47
76.84	12.47
79.51	12.47
82.81	11.58
85.37	11.58
87.1	1.47
87.96	1.47
90.24	9.64
91.64	5.14
94.58	0.28
97.55	0.28
97.84	0.28
98.62	4.36
99.95	4.36
101.21	8.01
104.66	3.1
107.29	3.1
108.99	8.75
109.16	8.75
110.74	8.75
111.06	9.49
112.71	9.49
115.04	9.49
117.34	7.16
118.04	7.16
121.17	7.16
123.95	11.76
127.1	11.76
129.3	11.76
130.55	1.63
133.82	1.63
135.09	9.71
137.0	9.71
140.04	9.71
143.3	11.57
144.97	11.57
145.92	11.57
146.1	10.55
149.02	10.55
150.18	8.5
153.01	8.5
154.1	8.5
155.14	0.83
157.68	0.83
159.71	3.25
161.57	3.25
165.06	10.46
166.08	6.69
167.68	6.69
169.12	6.69
172.55	8.73
174.63	6.77
175.46	0.77
177.95	5.27
181.07	0.61
182.16	0.61
183.53	0.61
186.06	12.84
186.5	9.84
188.01	4.66
190.6	4.66
193.52	4.66
194.85	4.17
196.04	12.79
198.48	9.38
199.62	3.46
201.73	3.46
202.52	12.15
205.47	12.15
207.7	12.15
208.4	0.78
210.07	0.78
212.1	5.12
212.8	2.31
213.97	2.31
217.26	2.31
219.56	5.81
222.1	5.81
225.35	5.81
228.29	1.25
229.7	1.25
230.29	1.39
231.35	1.39
232.99	9.65
234.67	9.65
237.52	9.65
240.87	4.94
241.4	4.94
244.3	4.94
245.38	8.78
245.8	8.78
247.26	8.78
248.97	2.14
251.89	6.48
