0.81	4.69
2.48	5.94
3.44	3.16
6.0	3.16
8.21	3.16
11.48	8.01
14.94	8.01
15.79	8.01
17.78	7.02
20.73	6.14
21.78	8.99
23.18	12.12
26.21	0.87
28.96	8.39
31.73	8.39
35.16	8.39
35.49	4.64
38.5	4.88
39.82	4.88
40.65	4.88
42.46	8.01
44.64	1.27
46.01	3.78
46.19	10.88
47.87	10.88
50.75	10.88
52.87	7.73
55.91	7.73
58.56	5.24
61.29	5.84
61.9	7.9
64.6	7.9
66.9	7.9
67.63	6.29
67.96	6.29
70.29	6.03
72.01	10.81
73.05	1.8
75.81	1.8
76.45	1.8
77.13	12.65
79.69	1.88
80.51	1.88
82.13	4.92
84.89	4.92
85.56	3.36
86.63	2.81
87.04	2.81
87.69	7.11
90.74	7.11
94.17	3.93
94.54	4.72
95.31	4.72
98.7	4.72
101.53	8.67
104.41	4.17
106.5	9.7
106.91	9.7
107.93	9.7
110.65	1.71
112.87	1.71
114.96	1.71
115.95	5.0
117.41	5.0
119.55	5.0
122.18	12.83
124.32	12.83
125.78	12.83
126.73	10.44
127.8	10.44
129.4	10.44
132.35	3.27
133.74	3.27
135.81	4.0
137.69	4.0
137.92	9.34
138.74	9.34
141.77	9.34
143.98	11.2
145.54	11.2
147.5	0.87
149.91	0.87
152.51	0.87
154.57	8.66
155.4	8.66
158.0	10.51
161.23	10.51
163.41	4.79
163.89	11.41
166.36	8.41
167.01	8.41
167.55	3.95
170.49	3.95
173.45	8.04
175.19	8.04
178.24	1.4
180.81	1.4
184.24	1.4
185.42	2.66
187.62	2.66
189.62	3.97
191.91	3.97
195.28	6.1
197.21	6.1
200.61	6.1
202.97	9.26
203.86	9.26
205.2	9.26
207.39	12.69
207.89	6.33
208.19	3.59
209.42	4.39
210.95	4.39
213.11	4.39
216.49	8.95
217.92	8.95
218.72	3.23
220.09	3.23
222.62	5.62
222.77	5.62
225.41	5.62
226.88	0.88
228.93	1.44
229.17	1.44
230.84	1.44
233.95	7.52
234.81	7.52
237.93	7.52
240.86	7.46
243.82	7.46
246.77	7.46
248.61	2.82
250.42	7.76
