2.92	11.96
3.36	11.96
6.58	11.96
9.99	11.14
11.75	11.14
12.69	4.0
15.04	4.0
18.39	4.43
19.04	8.57
20.93	8.57
24.39	8.57
24.79	0.78
27.56	0.78
28.89	8.48
31.4	8.48
31.66	8.48
32.93	11.15
34.84	10.0
35.05	10.0
37.3	1.9
39.52	7.83
41.44	5.24
44.5	5.24
47.88	12.68
49.11	12.68
51.11	9.03
52.68	9.03
55.56	9.03
58.58	9.63
60.63	9.63
60.86	9.63
64.28	6.55
67.71	6.55
67.88	2.75
70.44	2.75
70.93	4.58
74.38	4.58
77.17	4.58
78.99	3.15
81.16	3.15
84.17	3.15
86.83	9.38
88.32	9.38
91.51	9.38
93.28	7.94
95.65	0.33
96.28	0.33
99.02	0.81
101.93	0.81
103.49	0.81
106.16	8.59
106.31	7.19
109.3	7.19
109.83	7.19
111.45	7.33
113.2	12.53
116.22	12.53
118.97	12.53
120.41	11.16
121.69	10.82
123.61	10.82
126.09	10.82
128.55	8.98
130.66	8.98
130.77	9.25
133.65	7.37
134.06	7.37
136.0	12.58
136.92	3.6
139.6	3.6
140.97	9.02
141.93	5.39
143.18	5.39
144.06	7.34
145.82	6.58
147.05	5.94
148.14	11.2
150.69	11.2
153.91	10.94
156.75	10.94
158.92	9.75
162.39	9.75
164.17	11.77
165.13	11.77
165.42	11.09
168.88	7.23
169.09	7.23
170.18	7.23
172.16	10.27
173.04	4.39
175.82	10.93
178.93	9.91
180.21	4.61
181.79	1.88
185.04	8.25
186.17	8.25
186.52	8.25
188.03	6.77
188.61	6.77
189.87	6.77
190.51	4.31
192.24	7.52
195.46	7.52
196.88	0.49
198.12	0.49
200.02	0.49
201.82	6.09
202.33	6.09
205.63	6.09
206.71	4.48
209.15	4.48
209.66	11.38
211.39	10.5
211.82	10.5
212.38	10.5
215.43	0.45
218.03	10.86
220.19	5.02
221.52	5.02
222.55	5.02
225.4	6.53
225.86	6.53
226.83	8.22
227.48	8.22
227.84	3.39
228.13	3.39
228.74	3.39
228.94	8.06
229.26	8.06
229.52	9.26
232.81	9.26
234.34	7.33
235.59	7.33
237.29	1.11
238.89	1.11
239.62	11.1
241.42	12.25
242.93	10.94
245.85	10.94
247.6	3.51
248.16	2.75
251.47	2.75
