1.89	7.28
2.2	7.28
4.72	7.28
5.95	11.9
6.66	11.9
6.84	11.9
9.71	7.08
10.12	7.08
11.8	7.08
14.33	8.5
16.06	8.5
16.79	2.41
20.15	2.41
22.4	2.41
24.47	6.62
27.05	6.62
27.97	6.62
28.63	10.86
30.5	10.86
33.65	10.86
34.0	8.99
35.38	8.99
37.76	8.99
40.76	12.39
41.18	12.92
41.84	5.65
42.31	5.65
45.33	11.84
46.82	11.84
49.6	11.84
50.72	13.0
52.22	13.0
53.57	4.73
56.8	4.73
60.29	4.73
62.74	5.44
65.95	4.33
67.9	4.33
71.13	13.0
72.3	13.0
74.94	13.0
75.54	8.48
75.78	8.48
78.87	12.79
81.79	12.79
83.84	5.61
84.82	5.61
85.51	8.04
86.01	1.24
86.46	10.12
87.67	10.12
90.51	3.31
92.3	3.31
93.95	10.11
95.34	10.19
96.2	11.84
96.99	10.07
98.36	10.07
100.67	10.07
101.07	4.97
103.34	6.66
104.46	6.66
106.51	5.87
108.97	1.63
109.55	3.22
111.0	11.07
112.82	11.07
113.15	12.62
114.95	12.62
115.5	10.65
116.68	10.65
119.79	6.28
121.87	6.28
125.35	6.28
125.76	12.64
127.62	12.64
129.26	12.64
129.89	5.21
132.84	5.21
135.47	5.21
137.92	5.73
140.16	5.73
141.4	6.03
144.68	10.13
145.28	10.13
145.88	0.57
147.62	11.36
148.42	11.36
150.55	11.36
153.61	12.28
156.31	6.41
157.05	7.97
158.84	7.97
158.97	8.39
161.5	10.64
162.69	10.64
165.93	10.64
167.8	9.69
169.68	9.69
170.63	10.83
171.62	10.83
172.38	10.83
173.71	0.46
176.36	0.46
178.77	8.89
180.19	8.89
180.39	8.89
182.63	8.86
183.12	8.86
185.6	2.59
186.24	2.59
188.06	2.08
190.15	2.08
193.09	0.71
193.7	0.31
196.87	0.31
198.69	0.31
201.26	7.95
201.79	7.95
203.26	12.2
206.18	12.2
206.72	7.94
208.13	7.94
209.0	7.94
210.76	12.96
212.88	12.94
213.6	3.98
214.58	3.98
216.03	3.98
218.32	1.5
219.05	1.78
221.69	6.31
222.86	6.31
224.74	6.31
225.4	5.04
227.63	5.04
230.15	1.63
231.55	8.5
233.4	10.66
235.14	10.66
235.76	7.79
238.09	5.68
239.78	3.46
240.48	4.76
243.83	11.03
246.56	2.29
248.63	12.54
251.57	12.54
