2.36	10.22
5.84	10.22
6.63	0.97
8.29	12.35
9.84	11.85
12.23	12.34
13.73	12.34
14.63	12.34
15.79	8.5
18.39	8.5
20.14	8.5
23.43	10.58
25.15	9.37
26.86	9.37
28.06	4.7
29.14	4.7
30.76	4.7
33.77	5.19
37.23	5.19
39.31	5.19
40.83	3.15
41.73	0.48
41.99	4.02
42.89	9.0
44.06	0.99
45.33	6.21
46.9	6.21
50.03	6.21
52.78	6.67
55.13	6.67
56.17	6.67
59.45	8.6
62.28	8.6
64.93	3.81
66.01	3.81
66.69	3.81
69.98	3.82
71.33	3.82
72.74	3.82
73.71	2.07
74.86	4.52
76.18	4.52
76.95	4.52
80.08	5.24
82.2	0.29
82.81	8.38
84.32	8.38
84.8	12.64
85.15	12.64
88.06	12.64
90.01	9.43
92.58	9.43
93.13	9.43
94.77	0.46
97.83	10.7
100.26	2.06
102.0	2.06
105.48	3.82
107.36	3.25
107.58	3.25
108.88	3.25
110.09	10.09
112.46	10.09
113.18	9.69
116.24	9.69
119.24	9.69
120.13	1.29
122.16	1.29
124.55	1.29
127.58	5.61
128.94	5.61
130.88	0.87
132.64	0.87
135.13	8.3
135.83	9.72
136.46	7.68
139.63	7.68
140.73	5.18
143.32	5.18
146.48	5.18
148.91	9.09
149.35	7.17
150.75	10.47
151.18	9.77
152.7	9.77
152.98	4.47
154.76	4.47
155.35	11.69
158.3	11.69
161.0	9.54
161.98	9.54
164.77	11.89
166.47	11.89
167.87	8.61
171.19	0.97
172.17	0.97
175.23	1.1
175.69	1.1
176.34	8.14
179.3	8.14
179.9	8.6
180.93	3.14
183.04	3.14
184.85	3.14
187.69	9.16
189.63	9.16
191.77	12.5
194.18	2.87
196.39	2.87
199.12	2.87
200.82	11.21
201.99	11.21
205.33	10.99
206.45	10.99
207.2	10.07
207.75	12.07
209.68	12.07
211.54	12.07
214.59	7.19
215.87	7.19
216.88	7.19
220.26	9.33
220.82	9.33
223.7	11.21
224.43	11.21
226.45	11.21
229.35	6.22
231.11	7.38
231.22	7.38
233.24	4.86
234.01	4.86
237.51	7.35
239.64	3.64
240.69	2.53
242.48	2.53
245.66	2.53
245.81	12.7
247.74	7.93
248.37	7.93
249.99	7.93
250.24	5.24
