0.83	5.1
3.25	10.21
5.24	1.9
6.12	9.55
6.96	9.55
10.46	9.55
12.2	6.43
13.29	6.74
15.93	11.79
17.02	11.79
19.34	10.2
19.88	10.2
21.67	10.2
23.98	10.37
25.2	10.37
26.55	10.37
27.07	1.24
27.69	2.86
29.83	2.86
30.07	2.86
32.61	3.16
32.99	3.16
33.56	8.02
36.66	8.02
37.79	8.02
40.36	3.42
41.19	8.36
44.67	8.99
47.42	5.22
49.55	5.37
52.84	5.37
53.68	3.1
56.25	3.1
56.63	3.1
58.35	6.13
61.44	6.13
64.17	6.13
66.0	0.89
69.16	0.89
71.7	0.89
74.64	12.74
77.0	12.74
79.19	12.74
79.33	1.64
79.96	1.64
82.78	1.64
83.09	3.84
86.23	9.1
86.95	7.97
87.29	10.38
89.34	10.38
92.74	9.24
93.06	9.24
96.32	3.45
96.97	2.84
100.03	2.84
100.32	2.84
102.17	10.33
103.65	10.33
104.23	11.15
106.01	11.15
109.0	11.15
110.08	2.83
112.89	2.83
115.51	2.83
117.87	12.11
120.73	12.11
122.44	8.43
125.01	8.43
126.52	8.43
128.59	9.24
131.15	9.24
134.5	9.24
136.99	3.44
137.13	10.32
139.01	12.1
142.48	7.68
145.43	10.21
147.92	10.21
150.18	10.21
153.48	10.69
154.77	10.69
156.31	9.27
157.53	12.27
159.44	12.27
162.08	9.25
163.74	9.25
167.19	3.21
167.64	3.21
168.96	3.21
171.49	5.42
172.58	11.8
174.71	11.8
177.13	6.45
178.32	6.45
181.3	6.45
181.68	4.64
183.37	4.64
185.26	4.64
186.2	12.25
188.53	4.34
190.89	4.34
191.87	7.4
192.21	7.4
194.22	7.4
196.23	7.36
198.06	0.86
201.36	0.86
201.95	11.31
204.12	11.31
204.35	11.31
206.02	0.43
209.35	0.43
209.51	0.43
211.02	12.47
214.26	12.47
215.71	12.47
216.3	0.5
217.05	0.5
218.91	9.22
221.41	9.22
221.52	11.39
224.55	11.39
224.87	11.39
226.81	6.98
230.02	4.1
231.6	4.1
232.68	6.46
234.79	6.46
234.94	4.78
238.2	4.78
239.67	11.49
242.84	11.49
244.8	11.49
246.66	2.58
247.44	2.58
250.25	11.97
