2.73	12.74
2.92	12.74
5.02	12.74
5.57	11.91
6.01	11.91
8.0	11.91
8.86	10.57
9.77	10.57
11.58	10.57
12.6	9.35
13.05	1.18
15.93	7.86
18.44	7.86
21.05	0.65
22.9	0.65
25.87	0.65
27.59	3.17
29.74	3.99
32.16	5.99
34.9	2.86
36.44	12.17
38.05	12.17
40.87	12.17
41.58	4.35
45.05	4.35
46.32	4.35
46.68	9.98
47.24	9.98
48.13	8.71
50.96	11.8
53.99	11.8
55.07	11.8
55.39	2.94
57.23	2.94
59.74	3.35
60.63	1.79
61.76	1.79
63.77	7.16
64.54	7.16
66.69	1.57
70.07	11.5
72.43	11.5
74.85	11.5
75.78	8.7
77.28	6.67
77.7	10.7
79.42	10.7
79.71	3.64
82.55	3.64
85.91	3.64
86.6	4.75
89.0	4.75
90.81	4.75
92.68	0.53
94.04	2.05
96.03	2.05
96.41	5.07
96.83	5.67
99.62	5.67
101.42	5.67
102.47	2.75
104.98	0.85
108.03	0.85
110.75	0.85
114.13	6.34
117.54	6.34
120.55	6.34
123.1	1.23
125.3	1.23
128.56	7.46
128.8	2.35
129.67	2.35
131.49	2.35
133.58	10.54
133.84	10.54
134.9	10.54
136.24	2.67
137.81	2.67
141.17	2.67
144.43	0.85
146.01	11.42
149.14	11.42
152.22	11.42
154.88	12.89
158.13	6.11
161.35	6.59
163.2	6.59
164.99	6.59
168.02	1.59
171.41	1.59
171.59	2.94
171.8	7.76
174.36	7.76
176.17	8.21
177.58	8.21
178.02	3.77
179.56	3.77
182.76	3.77
185.98	0.5
188.39	0.5
191.2	0.5
193.63	12.95
195.64	10.31
197.89	10.31
201.13	10.31
203.89	12.49
207.18	12.49
208.58	12.49
212.08	5.68
213.02	7.29
214.04	7.29
215.37	12.79
218.22	3.22
219.32	10.54
220.32	10.54
221.55	5.0
224.35	5.0
227.26	5.0
230.75	5.26
232.71	5.26
233.51	4.05
235.51	4.05
238.03	4.11
239.21	6.76
242.58	6.76
244.13	6.76
246.13	9.03
247.26	9.03
250.63	9.03
