2.06	12.12
2.53	12.12
3.01	12.12
4.2	10.78
4.43	10.78
4.77	10.78
5.91	10.43
8.62	0.45
8.9	0.45
10.36	0.45
12.46	7.85
13.42	7.85
14.23	7.05
16.65	7.05
17.57	7.05
20.35	7.55
23.71	7.55
24.75	7.55
27.23	7.33
29.85	7.33
32.02	7.33
35.43	6.04
37.7	6.04
39.68	12.18
43.11	9.02
43.81	9.02
44.17	9.02
45.91	8.25
47.9	8.25
49.71	8.25
52.08	9.26
54.82	9.26
57.02	4.71
57.47	4.71
59.11	12.77
60.21	12.77
62.88	12.77
65.46	9.48
65.77	9.48
67.98	9.48
71.02	10.94
72.42	10.94
74.79	8.97
76.38	8.97
78.92	4.96
81.55	4.96
83.66	9.91
85.12	9.91
85.81	3.8
87.24	3.8
90.38	3.8
91.24	0.22
94.1	0.22
95.62	0.22
96.14	4.12
99.44	4.12
99.7	4.12
101.55	7.33
103.86	7.33
106.36	7.33
106.73	12.54
107.17	12.54
108.96	0.43
110.77	0.43
111.79	7.57
114.85	7.57
115.22	9.6
115.51	9.6
115.9	9.6
116.89	6.55
117.55	6.55
119.37	6.55
121.11	4.92
123.08	4.92
126.13	7.2
127.42	7.2
127.63	8.68
130.12	10.93
131.54	7.28
132.22	6.22
132.39	6.65
132.51	1.07
133.81	1.07
136.45	8.06
139.83	8.06
140.97	7.02
141.55	7.02
144.97	1.95
145.17	1.95
148.36	4.1
149.42	4.1
150.12	11.16
153.34	11.16
156.69	11.16
157.24	7.38
157.72	7.38
160.09	7.38
161.12	9.71
163.19	11.67
163.86	11.67
167.31	11.67
170.78	9.85
171.07	9.85
172.7	9.85
173.26	1.32
174.43	1.32
175.47	1.32
176.1	1.88
177.23	11.99
179.33	11.99
182.78	11.99
185.96	7.97
187.47	0.68
189.43	7.64
190.28	7.64
191.48	7.64
192.37	5.97
194.76	5.97
197.8	5.97
199.07	12.02
200.49	12.02
201.3	8.16
204.33	8.16
206.89	6.7
210.04	6.7
210.33	6.7
213.29	7.88
214.65	7.88
216.97	2.03
217.96	8.55
220.84	8.55
222.05	1.16
222.18	4.44
224.05	4.44
225.4	6.48
225.63	6.48
227.71	0.6
229.27	2.0
230.39	2.0
233.89	2.0
234.98	4.37
235.8	4.37
237.61	6.3
238.41	6.3
239.75	10.41
243.14	10.41
245.16	10.41
246.76	4.9
247.34	4.9
247.45	4.9
247.91	7.34
250.63	4.02
