2.5	7.17
5.74	7.17
8.86	7.17
11.77	1.72
12.58	1.72
15.0	1.72
15.21	8.13
16.09	7.44
17.21	5.25
17.54	2.14
17.81	2.14
20.86	1.55
22.46	0.99
22.66	0.99
24.7	5.0
26.16	5.0
27.84	5.01
28.08	5.98
28.21	5.98
29.94	7.63
31.5	7.63
32.13	7.63
33.98	5.38
35.8	10.91
38.57	3.41
40.59	8.76
43.88	8.76
45.06	9.21
47.7	9.21
51.02	1.34
51.89	1.34
52.84	1.0
53.79	1.0
54.43	1.0
55.92	0.23
56.69	8.62
59.3	8.62
60.67	3.48
61.57	10.5
64.82	10.5
67.54	10.5
69.45	0.67
72.0	2.4
72.2	2.27
73.13	2.27
73.94	5.89
74.99	5.89
77.76	8.98
79.71	8.98
82.33	8.98
83.76	5.32
86.01	5.32
89.46	1.59
91.03	1.59
91.24	1.59
94.29	12.42
94.82	12.42
96.19	3.29
96.84	3.29
99.6	9.15
101.04	9.15
102.54	1.36
105.33	1.36
106.05	1.36
108.04	1.7
108.44	0.81
109.17	0.81
110.55	0.81
111.62	11.7
112.88	2.03
113.13	2.03
116.14	2.03
118.2	10.06
119.19	10.06
122.24	10.06
123.55	4.46
123.7	4.46
124.11	1.43
126.92	2.18
127.67	2.18
129.43	7.59
131.33	7.59
132.7	8.67
133.16	8.67
134.38	2.16
136.44	2.16
137.71	0.69
139.53	0.69
141.75	0.69
144.84	0.47
146.54	0.47
146.88	0.47
149.98	8.94
151.59	8.94
152.72	8.94
155.46	10.47
156.34	9.87
158.96	9.87
159.62	9.91
160.36	9.91
161.96	3.44
162.7	3.25
165.09	3.25
168.47	7.3
170.91	7.3
171.56	11.93
174.31	12.87
177.06	9.57
179.7	8.53
181.24	10.99
181.53	10.99
184.15	12.66
184.87	12.66
185.95	12.66
189.02	9.02
191.39	9.02
191.88	9.02
194.28	5.64
194.84	8.48
195.4	3.75
195.66	3.75
198.25	3.75
198.51	10.96
198.95	10.96
200.85	8.11
202.89	8.11
204.41	8.11
206.07	3.3
208.67	3.3
211.37	3.3
212.3	1.94
215.44	11.15
217.43	1.25
219.88	4.07
220.19	4.07
223.26	6.33
224.42	6.33
225.9	6.33
226.55	7.61
227.47	7.61
229.96	10.6
231.22	10.6
233.09	10.6
235.8	7.78
239.19	7.78
242.15	7.78
243.23	5.41
245.66	5.41
247.25	5.41
247.43	0.38
248.84	12.35
249.05	12.35
249.62	12.35
252.32	10.52
