1.25	8.95
1.79	0.22
4.04	8.82
6.62	8.82
7.89	7.68
9.41	5.66
11.78	5.66
14.55	12.55
15.39	12.03
15.72	3.59
18.39	3.59
21.66	3.99
23.74	3.99
24.59	3.99
26.9	9.91
28.92	9.91
30.66	9.91
32.97	9.5
35.75	9.5
38.27	10.74
39.34	10.74
41.1	5.76
44.31	5.76
44.54	5.76
44.99	0.84
48.05	0.84
49.1	0.84
52.11	5.18
52.3	0.76
55.16	0.76
55.66	9.16
56.83	9.16
59.89	3.1
62.65	3.1
65.44	3.1
66.73	10.87
67.27	10.87
70.62	10.87
73.44	12.2
74.65	6.22
77.36	6.22
77.89	2.96
80.91	2.96
81.89	6.6
84.34	6.6
86.82	6.6
90.24	9.34
92.24	2.75
93.42	1.2
95.87	1.2
99.32	1.2
102.33	10.76
105.54	10.76
108.73	11.87
109.29	10.7
111.8	8.66
114.33	3.93
116.81	12.73
119.05	12.73
119.73	12.73
123.04	11.21
124.14	5.92
127.59	5.92
128.06	5.92
130.01	10.52
132.96	1.76
136.15	1.76
139.01	1.76
139.36	6.41
140.73	8.81
142.52	8.81
145.15	8.81
146.67	3.27
146.84	3.27
148.84	3.27
150.47	4.1
153.61	12.31
154.89	12.31
156.27	12.31
157.94	9.14
160.58	9.14
163.24	9.14
165.05	4.09
167.07	4.09
167.85	4.09
170.26	11.51
171.54	8.8
172.93	8.8
176.07	8.8
176.55	1.27
178.14	1.27
178.88	9.65
181.73	9.65
183.97	9.65
184.5	10.12
186.68	10.12
188.01	10.12
190.95	7.41
194.23	7.41
194.94	5.1
197.37	1.74
198.42	1.74
199.43	1.74
200.7	11.79
202.8	11.79
205.1	11.79
206.03	2.55
208.37	12.94
210.94	12.94
211.86	12.94
215.03	6.68
218.37	6.68
221.58	6.79
221.8	10.37
223.35	10.37
226.17	10.37
226.45	2.5
227.29	2.5
227.83	2.72
229.92	4.27
230.28	4.27
232.25	4.27
232.76	8.51
236.23	1.35
236.77	10.45
238.75	10.45
240.81	10.45
241.45	3.93
244.08	12.31
247.48	12.31
250.89	8.2
