0.46	0.93
3.96	6.89
6.94	6.89
7.7	2.35
9.11	2.35
11.77	2.35
13.83	0.82
14.88	9.79
14.98	9.79
16.19	9.79
18.29	3.12
19.57	3.12
22.99	3.12
26.01	8.65
28.32	8.65
28.65	8.65
29.91	5.55
30.07	12.55
33.09	0.68
35.7	8.16
38.84	8.16
41.71	8.07
44.36	8.07
45.37	12.82
47.37	12.82
50.82	12.82
51.73	2.1
53.53	2.1
55.35	2.1
55.79	2.55
58.05	6.92
60.77	7.04
62.9	7.04
64.25	7.04
66.94	4.64
68.7	4.64
70.39	4.64
71.28	8.15
73.49	8.15
75.35	7.1
75.5	7.1
78.72	12.22
79.63	12.22
80.69	12.22
82.79	6.3
85.06	6.3
86.67	4.61
89.65	5.41
92.14	5.41
92.57	4.89
92.83	4.89
96.14	4.89
96.62	12.85
99.56	9.2
101.53	9.2
103.21	12.76
103.53	12.76
103.71	12.76
107.12	6.06
107.31	6.06
110.63	6.06
111.68	5.64
113.59	5.64
115.84	5.64
117.88	12.55
120.05	12.55
120.73	12.55
122.45	6.45
125.62	6.45
128.04	6.45
130.07	10.82
132.44	10.21
132.76	10.21
136.2	10.21
136.76	11.42
140.16	11.42
142.24	11.42
144.26	1.92
146.7	1.92
148.1	1.92
149.55	4.6
152.27	4.6
152.49	3.9
155.31	7.46
158.35	7.46
158.58	7.46
159.91	4.56
160.76	12.56
162.91	12.56
163.16	10.68
164.26	10.68
166.88	10.68
167.23	2.64
170.27	2.64
170.86	2.64
174.11	7.57
175.44	7.57
177.17	7.57
178.84	8.76
181.37	8.76
184.26	7.58
187.27	7.58
188.22	4.88
190.98	4.88
191.2	4.88
194.27	5.73
195.67	5.73
197.26	5.73
197.77	5.81
200.0	5.81
202.54	5.11
206.04	5.11
208.31	8.76
208.77	8.76
209.21	8.76
210.99	1.56
213.9	1.56
215.99	1.56
219.0	10.25
220.99	10.25
221.24	4.42
221.5	2.66
223.26	8.43
223.6	8.43
226.1	8.43
226.79	5.71
229.92	5.71
232.5	3.97
235.61	3.97
238.22	0.29
240.42	0.29
243.42	0.29
244.11	6.17
246.61	6.17
248.65	6.17
249.0	2.17
249.46	7.91
251.18	7.91
