0.17	5.56
2.85	3.09
4.88	3.09
7.38	0.95
9.68	0.95
10.72	0.95
12.36	5.18
14.48	5.18
17.21	5.18
17.57	5.08
20.99	2.94
23.12	3.64
24.76	3.64
26.65	3.64
29.59	8.81
31.84	8.81
34.45	8.81
37.67	1.54
38.88	1.54
40.63	1.18
42.66	1.18
44.61	1.18
45.36	1.92
46.61	1.56
47.78	1.56
49.47	1.35
50.19	7.28
53.68	9.4
55.26	9.4
56.75	8.76
58.96	1.5
60.34	12.31
63.19	12.31
63.61	12.31
64.21	7.36
66.85	2.66
68.98	2.66
69.99	2.66
73.43	4.03
76.14	8.32
79.1	8.32
81.9	5.89
82.95	5.89
83.71	9.93
85.52	9.93
86.07	9.93
87.75	0.71
88.07	0.71
88.19	0.71
89.92	1.76
91.29	1.76
91.44	3.95
93.51	9.05
95.8	9.05
97.49	11.51
100.83	11.51
104.28	9.83
107.4	9.83
108.83	9.83
110.92	7.86
113.15	7.86
114.11	7.86
114.82	1.87
117.02	1.87
120.09	4.93
122.54	4.93
123.31	8.05
126.28	10.04
128.81	10.04
130.11	4.02
131.53	7.74
133.12	7.74
135.36	3.69
137.39	3.69
137.99	3.69
141.31	1.13
141.77	1.13
144.23	1.13
145.48	10.95
147.98	11.45
150.37	11.45
152.47	4.78
154.69	4.78
155.14	10.35
156.09	10.35
157.02	10.04
159.73	10.04
161.59	10.04
164.48	12.66
166.24	12.66
167.46	8.68
170.9	7.57
171.61	8.57
173.61	8.57
177.11	1.78
180.16	10.66
183.13	11.01
185.27	7.38
187.21	7.38
188.33	3.36
188.52	3.36
191.86	10.75
192.77	7.98
195.9	7.98
198.19	12.85
201.54	12.85
204.94	0.2
207.85	0.2
211.05	0.2
212.13	9.43
212.89	9.43
213.99	9.43
216.99	7.86
219.65	6.1
219.77	8.71
223.11	8.71
223.96	1.29
226.1	1.29
227.62	1.29
229.3	8.62
232.06	0.99
235.34	6.73
237.91	6.73
238.2	6.73
238.96	10.55
239.3	10.55
239.56	11.36
242.83	11.36
246.02	11.36
249.32	5.93
252.63	5.52
