2.87	5.07
5.2	5.07
5.32	5.07
6.73	2.17
7.1	2.17
8.71	3.44
10.72	3.44
13.62	6.6
14.84	0.39
16.1	0.39
17.09	1.64
18.09	1.64
20.6	1.64
23.84	13.0
27.18	13.0
28.93	6.17
30.24	9.55
32.03	9.55
34.38	10.24
37.41	9.7
39.07	9.7
39.66	9.7
40.76	6.8
42.08	6.8
44.92	6.8
46.85	2.8
47.41	0.87
49.72	0.87
51.73	0.87
53.14	1.85
54.17	7.45
54.38	7.45
56.98	9.86
59.68	9.86
60.6	12.11
62.79	11.62
64.86	11.62
65.83	11.62
66.03	0.36
67.8	0.36
69.64	6.16
69.92	10.43
70.41	8.88
73.41	8.88
74.01	9.5
75.8	9.5
78.0	12.21
78.2	12.21
79.63	12.21
82.89	6.8
84.7	6.8
86.93	6.8
88.5	11.53
89.26	11.53
91.39	3.55
91.81	7.45
93.83	7.45
94.33	7.45
97.68	3.63
98.32	3.63
100.69	3.63
102.33	7.08
105.25	1.38
106.34	1.38
109.67	1.38
111.98	6.76
114.52	5.78
114.66	5.78
115.25	1.83
117.84	1.83
118.01	7.04
120.59	7.04
122.71	7.04
124.91	7.86
125.56	7.86
127.1	5.79
127.46	5.79
129.96	9.49
132.09	9.49
133.21	9.49
135.68	0.28
138.1	6.74
138.28	6.74
139.88	7.91
141.63	10.4
144.84	10.4
147.09	10.4
148.02	3.98
150.35	3.98
153.17	3.98
154.4	6.87
156.04	6.87
159.23	6.87
160.45	3.96
160.66	10.04
163.81	8.72
166.41	8.72
167.9	8.72
168.52	9.61
171.11	9.61
172.46	8.84
175.5	8.84
175.72	8.84
177.04	9.16
179.5	9.16
182.51	9.16
182.79	4.16
182.98	4.16
186.42	4.16
187.25	5.8
188.2	5.8
190.39	1.34
193.62	1.34
196.6	1.34
197.53	9.67
200.65	9.67
203.72	9.67
205.51	11.95
208.8	11.95
210.04	12.01
211.79	12.01
213.05	12.01
213.82	6.39
214.9	6.39
216.18	1.17
217.63	1.17
217.86	1.17
220.38	6.78
221.98	6.78
225.4	12.52
228.41	12.52
229.76	12.52
231.22	6.58
232.03	6.58
233.99	11.24
234.88	1.59
237.07	1.59
240.18	12.29
242.04	12.29
243.05	11.56
244.19	4.42
245.52	4.42
248.87	4.42
249.26	11.04
251.36	12.67
