2.39	1.98
2.76	1.98
3.6	1.98
5.36	10.52
6.93	10.52
9.01	4.23
10.85	6.01
12.02	7.1
15.39	7.1
18.11	0.67
19.15	0.67
21.78	1.13
22.22	8.61
22.73	2.1
23.24	2.1
26.04	4.64
28.46	4.64
29.09	1.92
31.64	1.92
31.91	1.92
33.04	6.15
35.91	4.08
36.49	4.08
37.69	4.08
41.11	10.46
42.31	10.46
44.38	3.64
46.88	3.86
47.47	2.3
50.48	3.03
52.14	12.66
54.33	12.66
54.65	5.97
56.13	4.71
57.93	4.71
58.18	4.71
60.4	12.57
63.62	12.57
65.8	12.57
67.27	6.04
69.41	6.04
72.0	5.86
73.75	5.86
76.38	5.71
78.3	5.71
79.86	5.71
81.32	1.8
84.34	1.8
85.35	6.94
88.06	3.11
90.7	1.05
93.96	4.8
95.78	1.28
96.88	1.28
97.61	0.63
99.58	5.63
99.7	5.63
100.99	5.63
103.08	0.75
104.96	11.2
106.5	11.2
107.95	6.37
110.99	7.22
113.5	7.22
113.86	7.22
115.64	5.79
117.12	10.87
118.15	10.87
119.28	7.84
122.06	7.84
122.73	7.84
123.03	6.31
126.21	6.31
128.53	10.46
129.55	10.46
130.12	0.49
131.53	11.74
133.13	11.81
133.69	11.81
136.61	8.58
138.13	8.58
139.73	8.58
140.87	8.58
143.39	6.03
145.82	6.03
148.34	6.03
151.09	7.57
151.67	7.57
153.77	2.16
156.89	2.16
160.03	2.16
163.11	3.4
165.24	3.4
165.58	4.23
168.25	1.3
171.68	4.0
173.99	4.0
177.15	7.12
179.48	12.87
181.56	1.12
184.36	5.67
187.48	5.67
190.24	5.67
191.29	9.83
191.87	9.83
194.79	5.5
196.05	5.5
196.37	5.5
198.02	0.83
199.88	0.83
202.3	0.83
205.73	7.95
209.21	7.95
210.05	7.95
210.18	7.3
212.26	5.88
215.31	5.88
218.78	7.29
221.18	7.29
222.97	7.29
224.53	11.22
226.48	11.22
228.28	7.08
230.33	0.68
232.57	0.68
233.62	0.68
233.82	6.88
236.81	9.6
239.96	9.6
242.25	9.6
242.39	4.0
243.44	4.0
244.22	9.31
246.61	9.31
249.56	10.74
252.7	10.74
