3.37	12.48
4.51	12.48
5.52	3.64
5.63	3.17
7.0	3.17
7.88	2.35
11.14	2.35
12.28	2.35
12.97	7.52
15.36	7.52
15.97	7.52
19.45	5.56
20.25	7.01
23.49	7.01
24.34	7.01
26.46	9.25
29.72	10.47
32.46	10.47
34.19	10.47
35.81	6.36
37.28	6.36
39.32	6.36
41.8	2.37
43.57	2.37
45.01	2.37
45.69	10.29
48.39	10.29
51.23	10.29
52.14	7.77
52.31	7.77
53.47	7.77
56.45	6.41
57.24	2.97
58.15	6.83
60.88	6.83
63.49	6.83
65.07	0.24
68.08	0.24
69.7	7.93
73.0	7.93
75.0	8.05
78.03	10.82
81.36	10.82
83.7	10.82
86.28	6.49
86.48	10.89
88.51	10.89
91.31	3.93
94.67	3.93
97.53	4.67
98.68	4.67
99.68	4.83
100.44	7.72
100.77	7.72
102.56	3.76
102.92	6.32
104.86	11.43
107.5	11.43
108.54	11.43
111.7	0.72
112.11	0.72
112.85	0.43
114.52	0.43
117.81	0.43
120.69	11.25
123.07	2.21
124.91	9.24
125.39	9.24
125.71	9.24
127.41	8.21
129.69	8.21
131.33	8.21
134.36	8.19
135.37	1.89
136.24	11.64
138.43	12.3
140.49	1.87
143.23	2.69
146.43	3.69
149.75	3.69
152.3	11.43
153.09	0.85
155.54	0.85
156.48	0.85
156.82	9.82
157.64	2.94
158.45	2.94
160.57	6.15
161.64	6.15
164.81	6.21
167.33	6.21
170.12	6.21
171.99	3.81
172.59	3.81
172.92	3.81
176.22	6.3
179.44	6.3
181.78	6.3
185.18	0.83
187.98	1.02
188.58	1.02
189.16	7.52
191.56	7.52
194.49	1.01
195.35	1.01
196.34	0.86
199.21	0.86
201.2	11.43
204.54	11.43
207.28	11.43
209.29	12.22
211.15	9.79
211.46	9.79
212.9	4.81
214.52	4.81
216.37	4.81
216.72	4.75
216.91	4.75
217.85	4.75
218.15	11.16
220.98	1.55
222.15	11.21
223.29	11.21
224.51	11.21
225.48	2.65
225.94	2.65
228.57	11.65
231.94	11.65
232.32	11.65
233.02	5.43
234.87	9.93
237.27	9.93
238.02	11.23
241.41	11.23
243.91	11.23
246.27	10.44
248.4	2.18
250.41	2.18
