3.3	10.88
5.13	10.88
7.91	10.88
8.43	8.81
11.27	8.81
14.58	8.64
16.37	8.64
16.49	8.64
17.27	4.42
19.2	4.42
19.65	4.42
21.95	5.62
24.92	5.62
27.69	5.62
29.69	3.73
32.94	3.73
33.12	7.95
34.46	2.89
37.77	2.89
40.87	4.14
41.45	4.14
43.3	4.14
44.32	9.0
44.84	9.0
46.44	9.0
46.66	1.99
49.09	2.77
50.93	2.77
53.67	2.77
54.81	7.09
57.26	7.09
57.82	7.09
60.44	2.96
61.15	3.12
61.68	3.12
62.38	3.12
63.1	6.12
66.53	6.12
69.41	7.45
71.34	9.43
73.07	9.43
76.43	10.47
79.09	10.47
81.83	10.47
82.27	11.82
85.48	11.82
88.74	11.82
91.03	9.65
93.44	9.65
96.86	9.65
97.08	10.53
98.86	10.53
101.89	6.86
103.18	6.86
106.22	6.86
108.17	9.69
110.42	9.69
112.24	1.9
115.32	1.9
116.99	1.9
118.81	7.77
120.13	7.77
121.67	12.89
122.65	12.89
123.33	12.89
124.14	3.58
126.69	3.58
126.97	3.58
130.18	10.8
132.95	10.8
135.87	10.8
136.63	9.0
139.94	9.0
143.02	6.52
143.86	6.52
146.11	6.52
146.92	9.92
148.74	3.15
149.35	3.15
151.23	1.88
152.17	1.88
155.15	9.93
155.29	9.93
156.82	5.31
159.01	5.31
159.16	5.31
161.5	12.95
162.49	12.95
165.97	12.95
169.05	4.65
170.26	9.1
170.47	9.1
172.37	9.1
174.26	11.53
175.98	0.27
177.87	0.27
180.77	0.27
182.16	8.36
184.01	10.13
187.1	10.13
189.42	10.13
191.54	5.74
191.77	12.19
194.33	12.19
196.78	12.19
197.4	12.8
200.61	9.08
203.95	9.08
204.46	9.08
206.49	8.4
209.73	8.4
210.51	8.4
212.53	11.18
215.25	11.18
215.8	7.56
218.75	7.56
218.98	7.56
219.12	0.69
220.97	0.69
221.98	0.69
222.94	5.94
224.45	5.94
226.5	5.94
229.02	6.71
230.09	6.71
231.33	12.42
232.18	12.64
234.91	12.64
236.38	12.64
237.53	10.01
237.85	10.01
237.97	10.49
239.4	12.62
239.97	8.26
240.54	8.26
241.34	5.79
243.85	0.85
246.29	0.85
248.3	0.85
251.02	7.74
