0.61	11.21
2.36	11.21
3.97	11.21
5.86	7.25
6.22	7.25
8.39	7.25
8.55	12.07
9.07	5.7
10.87	5.7
12.75	8.45
14.17	8.45
15.95	8.82
16.63	8.82
18.15	8.82
21.01	5.73
22.17	5.73
23.56	6.35
25.81	10.2
26.29	10.2
26.66	10.2
27.67	7.42
27.78	6.17
29.46	6.17
31.22	12.31
32.38	7.04
34.42	7.04
35.49	7.04
35.99	7.14
36.77	7.14
36.97	7.14
39.06	9.38
41.77	9.38
42.9	0.53
44.38	4.62
46.84	4.62
48.91	4.62
50.22	9.34
50.5	9.34
53.54	9.34
56.58	7.49
59.95	9.54
60.84	9.54
62.99	2.52
63.7	2.52
64.84	2.52
65.75	11.24
67.28	1.06
70.1	7.13
70.97	7.13
73.96	10.91
76.61	11.64
79.58	11.64
80.43	11.64
80.9	9.71
83.69	9.71
85.25	12.01
88.19	12.01
89.6	4.58
92.95	4.58
93.74	4.58
95.38	1.17
97.05	9.39
99.91	9.39
101.31	5.83
101.44	5.24
102.06	5.24
103.06	9.01
106.14	0.42
109.37	0.42
111.77	0.42
113.56	8.4
116.47	8.4
117.81	8.4
119.9	2.42
120.79	2.42
123.54	2.42
123.99	12.66
125.02	12.66
127.38	12.66
129.27	10.43
132.23	10.43
133.41	6.04
136.12	6.04
136.88	6.89
139.29	7.04
140.59	6.98
143.18	1.85
144.54	3.33
146.12	3.33
147.55	10.68
148.76	2.03
151.4	2.03
152.64	4.63
155.69	4.63
159.02	4.63
161.51	10.91
163.46	10.91
163.95	10.91
166.37	6.89
169.78	9.97
172.4	9.97
172.57	9.97
173.97	1.49
177.34	1.49
180.58	2.68
182.06	8.66
185.27	8.66
185.57	8.66
187.63	0.24
190.95	0.24
194.03	0.24
195.94	1.03
198.41	10.08
201.54	7.79
202.83	7.79
204.8	4.16
208.28	4.16
210.3	11.54
211.38	11.54
213.86	2.13
214.05	2.05
216.21	2.05
217.49	5.16
218.46	5.16
219.17	5.16
220.53	3.46
223.31	3.78
225.21	3.78
225.42	11.39
228.73	7.33
229.78	7.33
230.1	7.33
232.11	1.68
233.18	1.68
236.45	1.74
237.71	1.74
238.35	6.91
241.3	3.85
242.45	2.34
242.77	2.34
243.91	2.47
247.05	2.47
250.03	10.07
