0.89	9.4
2.5	12.1
4.58	12.1
7.29	12.1
9.19	5.27
12.67	5.27
15.04	5.33
15.77	4.37
17.87	4.37
19.67	3.76
21.79	11.06
24.09	2.52
27.28	2.52
28.99	7.08
29.22	2.51
31.82	2.51
32.18	2.25
34.67	2.25
36.13	2.25
38.17	10.02
40.72	5.69
43.46	5.69
45.53	5.69
47.04	4.1
47.17	2.76
50.24	2.76
51.42	9.93
51.97	9.93
54.74	1.74
55.9	1.74
56.42	1.77
57.27	1.77
58.08	6.16
58.52	6.16
60.58	6.16
61.91	9.74
65.27	9.74
67.29	8.8
68.55	5.99
70.52	5.99
70.78	11.07
72.85	11.07
75.36	11.07
77.15	7.07
80.09	7.07
83.46	7.07
84.9	3.01
86.0	3.01
87.27	3.01
87.87	0.8
89.66	10.04
92.96	10.04
94.53	8.7
97.58	8.7
100.65	9.65
102.92	9.65
105.02	9.65
107.16	2.11
110.12	2.11
110.77	0.52
113.49	0.52
113.88	0.52
116.21	8.5
116.33	8.5
119.69	7.47
120.15	7.47
121.54	8.59
122.98	10.6
124.62	10.6
126.91	4.09
127.81	3.91
130.18	1.84
132.77	1.84
133.87	6.64
136.35	9.28
137.0	9.28
138.06	9.28
140.33	12.57
140.67	12.57
142.45	12.57
143.63	0.85
146.98	0.85
150.0	0.85
150.74	6.06
151.76	6.06
152.62	11.72
153.76	11.72
153.92	11.72
155.67	10.04
156.85	10.04
158.95	10.04
160.12	5.75
161.21	5.75
162.46	2.33
162.59	2.33
164.01	4.28
166.66	4.28
166.89	4.28
169.86	6.43
172.01	6.43
172.22	4.93
173.96	4.93
175.59	4.93
178.97	0.7
179.22	0.7
179.65	0.7
182.85	8.42
185.94	11.01
187.55	11.01
189.74	11.01
192.8	8.06
193.02	8.06
194.54	10.67
197.29	11.89
198.44	11.89
200.81	11.89
201.17	11.7
202.83	11.7
204.67	11.7
205.95	11.65
208.84	12.75
210.48	12.75
213.34	12.75
214.33	4.43
214.71	4.43
216.53	4.43
217.81	3.21
220.18	1.05
223.02	1.05
223.86	1.05
225.26	2.29
226.72	2.29
229.91	2.29
230.71	11.49
232.66	11.49
234.61	5.57
236.12	5.57
239.47	5.57
240.07	3.84
240.83	5.12
242.76	2.27
243.98	2.11
245.88	12.69
246.28	12.69
247.4	12.69
248.32	6.05
251.76	6.05
