0.22	2.05
3.29	6.65
3.49	6.89
3.64	6.89
6.28	6.89
7.93	1.93
9.53	1.93
12.54	1.93
15.01	11.55
16.78	11.55
20.2	2.4
21.4	2.4
23.45	2.4
26.73	12.14
28.06	12.14
29.69	3.01
31.06	3.01
31.9	8.47
33.27	8.55
34.68	8.55
35.56	8.55
36.85	5.1
38.94	5.1
41.71	6.5
42.53	6.5
43.43	8.87
45.61	8.87
47.36	8.87
48.65	1.98
49.7	1.98
50.23	8.52
52.37	8.52
53.02	8.2
54.96	8.2
57.01	5.63
59.55	5.63
60.54	6.4
63.75	6.4
64.13	6.4
65.09	4.4
68.49	4.4
68.75	4.4
68.87	4.46
70.84	4.46
74.17	11.85
76.77	11.85
78.81	6.42
80.18	3.17
83.62	3.17
85.06	0.45
88.26	0.45
89.15	0.45
90.96	12.46
92.07	12.46
93.28	12.46
93.84	1.25
94.29	1.25
95.62	1.25
95.81	3.4
97.43	4.82
100.63	4.26
100.98	4.26
103.67	4.26
104.25	3.09
107.12	3.09
110.58	1.22
113.85	8.91
114.06	8.91
115.2	8.91
116.97	2.5
118.65	2.5
118.81	2.5
121.08	3.05
123.12	4.95
124.63	6.88
128.03	6.88
130.88	6.88
134.15	7.91
136.34	7.44
139.16	7.44
142.61	9.43
142.92	9.43
144.05	0.87
146.81	0.5
150.28	0.5
152.96	0.21
154.81	9.51
156.73	10.47
157.92	10.47
160.14	10.47
161.73	4.63
162.63	4.63
165.74	4.63
168.37	3.65
168.8	3.65
170.49	3.65
171.25	3.42
173.68	8.19
177.07	8.19
180.52	8.19
183.62	1.23
183.91	5.08
185.57	5.08
185.83	5.08
189.32	0.75
189.97	0.75
191.77	11.94
193.86	11.94
194.38	4.61
197.44	4.61
199.9	0.62
203.28	4.18
206.49	3.12
209.6	3.12
210.06	11.46
210.28	11.46
211.11	11.46
213.84	1.29
215.64	12.08
215.97	8.61
218.6	8.61
220.32	5.83
221.58	6.17
222.43	5.14
223.05	5.14
225.93	0.48
228.35	5.5
229.71	0.44
232.96	0.44
233.68	0.44
234.11	4.33
236.26	4.33
238.59	5.22
240.65	5.22
241.24	2.54
242.98	2.54
244.37	4.78
245.84	11.65
247.21	11.65
248.76	9.39
252.02	9.39
