3.21	3.51
3.4	10.73
3.7	11.8
4.94	2.39
6.46	5.27
8.44	4.15
10.19	8.79
12.7	8.79
13.82	8.39
16.17	8.39
18.82	8.6
20.92	4.49
21.28	4.49
24.09	2.15
27.23	0.21
28.82	5.38
31.96	5.38
32.26	5.38
32.83	4.93
36.02	4.93
38.51	4.93
40.86	5.42
43.45	5.42
46.38	5.42
49.81	12.59
51.96	12.59
52.4	8.59
53.92	8.59
56.92	7.32
57.38	7.32
58.5	4.48
60.97	4.48
62.31	4.48
63.03	2.31
64.52	2.31
65.22	2.31
68.12	1.77
70.43	2.25
73.02	2.25
73.2	5.62
74.75	5.62
74.96	5.62
76.21	2.05
77.5	6.43
79.38	6.43
81.77	6.47
83.73	6.47
85.24	8.0
86.83	8.0
89.49	5.08
92.14	8.97
93.12	2.97
96.56	2.97
98.24	7.63
100.69	4.47
103.5	4.47
105.8	4.47
107.56	11.1
110.55	5.26
112.1	5.26
115.09	5.26
117.52	9.4
120.83	9.4
121.07	3.38
121.34	3.38
124.1	3.09
125.72	3.09
128.59	3.09
129.2	9.29
131.59	9.29
135.01	9.29
138.27	1.91
139.62	1.91
142.77	8.14
145.78	7.57
146.04	7.57
146.74	7.57
147.78	3.77
149.56	0.79
151.07	4.52
154.42	4.52
154.55	9.49
155.56	9.49
156.43	6.22
156.66	6.22
157.94	6.22
160.22	8.8
162.56	8.8
163.43	8.8
166.15	10.33
166.57	8.99
167.26	8.99
169.34	8.99
170.72	7.82
173.36	7.82
176.78	6.4
176.98	6.4
180.33	6.4
183.77	3.91
184.41	3.91
187.57	3.91
189.94	3.83
193.22	9.99
195.34	9.99
196.84	9.99
198.37	10.05
198.53	10.05
201.74	10.05
202.87	2.27
205.07	1.14
206.08	0.45
207.08	0.45
207.79	1.51
207.94	1.51
210.91	1.51
213.48	12.36
214.94	2.29
216.44	4.93
219.26	4.93
220.58	4.93
222.88	0.28
225.08	0.28
226.01	0.28
228.0	4.97
231.09	1.94
231.34	1.94
234.23	1.94
235.53	7.67
237.41	7.67
240.31	7.67
241.12	12.65
241.6	12.65
242.32	12.65
242.58	5.29
245.67	5.29
248.17	2.16
250.07	2.16
