1.56	5.24
2.3	5.24
3.18	6.1
5.99	6.62
7.79	6.96
10.83	6.2
13.95	6.2
16.12	12.08
16.9	12.09
19.39	7.02
20.25	2.48
22.7	2.48
24.51	2.48
26.99	2.51
30.36	2.51
30.52	2.51
32.85	11.25
33.22	4.72
35.65	2.99
39.14	2.99
41.81	2.99
42.02	5.17
43.81	5.17
45.1	12.0
47.75	12.0
48.65	12.0
49.98	0.3
51.96	0.3
55.24	0.3
56.93	3.59
57.62	3.59
60.1	9.72
61.57	9.72
64.37	9.72
67.14	3.05
69.39	3.05
71.83	3.05
74.91	0.7
76.59	0.7
77.5	11.29
78.17	2.37
79.05	2.37
80.15	8.37
83.61	8.37
85.66	8.37
86.3	11.71
88.81	11.71
89.83	3.27
92.83	3.27
95.66	8.94
98.6	8.94
101.52	1.92
101.85	4.6
104.55	4.6
106.59	2.71
107.16	9.46
109.1	9.46
110.53	11.85
113.79	11.85
114.84	11.85
118.31	9.39
120.27	9.39
122.75	9.39
123.73	7.55
124.67	2.64
126.29	3.12
127.36	11.75
130.81	11.75
132.26	11.75
134.88	7.69
136.26	7.69
139.52	7.69
141.75	3.5
143.73	3.5
144.67	4.48
146.61	10.63
149.75	10.63
152.41	10.63
153.55	8.06
156.59	8.06
158.76	5.95
161.21	5.95
163.54	12.33
166.45	12.33
168.76	1.85
169.53	1.85
169.85	1.85
170.36	8.25
170.94	8.25
172.95	0.46
173.79	0.46
177.26	0.46
180.05	12.99
181.86	12.99
183.52	12.99
185.92	8.5
187.2	8.5
190.24	8.5
193.19	5.68
196.49	5.68
198.42	5.68
198.68	4.06
199.07	4.06
202.06	7.98
204.89	10.23
205.0	12.88
206.92	12.88
208.75	0.44
208.92	0.44
210.73	0.44
211.31	7.34
214.56	1.49
216.92	1.49
217.86	1.49
219.79	3.57
221.71	3.57
224.53	3.57
226.05	8.85
227.35	8.85
230.22	8.85
233.52	0.99
236.42	0.99
238.46	3.7
241.92	3.7
244.61	3.7
244.78	12.31
247.6	12.31
249.68	12.31
250.94	3.84
