2.56	9.22
3.29	9.22
6.0	5.04
8.68	5.04
11.83	5.24
13.09	5.24
14.32	5.24
16.6	8.45
16.79	11.06
18.26	11.06
21.19	11.06
21.75	8.17
22.56	9.14
25.76	9.14
26.36	12.52
27.37	12.52
29.97	12.52
31.11	2.25
33.53	2.25
34.84	2.25
37.0	3.43
38.12	3.43
40.58	10.2
40.68	0.26
42.11	0.26
43.57	10.63
46.16	10.63
47.74	10.63
51.18	0.35
53.42	0.35
53.77	2.02
56.67	2.02
57.98	7.95
58.18	7.95
61.05	1.62
62.13	1.62
64.7	4.45
67.82	4.45
69.4	4.45
72.01	8.03
74.64	9.17
76.09	9.17
77.41	9.17
80.61	11.29
81.17	11.29
84.44	11.29
84.58	9.26
87.21	9.26
88.89	11.08
91.23	11.08
92.44	11.08
95.67	3.1
97.47	3.1
100.14	3.1
103.46	7.4
104.05	7.4
107.04	2.62
110.34	5.64
112.89	2.37
115.86	7.51
117.29	4.87
120.07	4.87
123.1	12.75
124.0	10.34
124.43	10.34
125.22	0.97
127.48	0.97
130.03	0.97
130.77	4.05
132.15	8.1
135.4	1.27
138.32	1.27
140.19	1.27
140.86	11.48
143.12	11.48
144.62	9.48
144.91	9.48
146.88	2.71
148.61	2.71
149.36	2.71
150.58	0.87
151.15	0.87
154.0	0.87
154.88	3.83
155.25	3.83
157.62	3.83
158.49	12.82
161.88	4.56
163.74	7.69
166.81	7.69
168.2	7.69
169.21	3.91
170.56	3.91
172.41	3.91
175.15	6.58
175.99	6.58
176.42	2.76
178.77	11.78
179.12	11.78
180.19	3.14
181.73	4.04
182.34	4.04
183.18	6.16
183.96	6.16
187.13	6.16
188.09	3.28
190.2	3.28
192.45	11.82
194.83	11.82
195.58	9.94
197.41	9.94
200.07	0.21
200.53	0.21
202.47	9.26
203.1	9.26
205.69	12.66
206.6	12.66
207.92	2.15
209.43	2.15
210.8	2.15
212.98	0.53
213.65	0.53
217.11	3.96
220.0	3.96
222.07	3.96
225.53	4.16
228.8	4.16
231.54	4.15
233.45	4.15
234.49	11.21
235.62	12.1
236.25	12.1
237.97	9.87
239.05	1.08
241.08	1.08
244.37	8.63
245.95	8.63
247.86	4.14
250.75	12.25
