2.31	5.64
5.03	12.96
7.04	12.96
9.31	8.52
12.44	8.52
14.62	8.27
15.07	8.27
18.34	6.64
21.83	2.22
24.48	2.22
25.23	9.01
26.34	12.05
28.71	10.65
31.0	2.82
34.4	4.99
34.54	4.99
35.81	4.99
38.48	4.71
40.13	4.71
41.18	4.71
42.54	10.53
45.57	6.91
46.68	12.85
49.86	12.85
50.9	12.85
52.34	7.38
54.76	7.38
57.08	7.38
58.21	9.85
59.7	7.4
62.5	7.4
63.93	11.4
66.74	12.42
67.25	3.17
68.37	3.17
69.08	3.17
71.53	5.03
72.3	5.03
74.24	6.22
77.36	4.46
77.75	12.86
79.55	1.43
82.37	4.31
83.2	4.31
84.31	4.31
87.14	11.23
87.32	11.23
90.28	3.14
90.62	3.14
92.56	3.14
94.07	11.5
95.77	3.0
96.33	3.0
97.51	3.0
100.39	7.22
102.19	10.1
103.07	6.13
103.37	6.13
103.59	6.13
103.74	10.44
104.0	10.44
104.83	10.44
105.92	9.7
108.59	9.7
110.79	9.7
113.0	1.53
115.87	1.53
118.06	1.53
121.05	4.64
122.0	4.64
124.64	9.61
127.48	12.23
130.8	12.23
132.72	0.96
135.31	0.96
136.6	0.96
138.25	12.64
139.36	12.64
140.63	6.88
142.3	6.88
145.51	7.65
148.29	7.65
148.81	3.44
149.14	3.36
149.53	10.38
150.63	10.38
152.54	10.17
152.78	10.17
153.6	10.17
155.58	0.72
158.06	6.01
160.66	6.01
160.99	8.84
162.36	8.84
164.96	1.83
166.32	12.37
169.33	12.37
170.32	12.9
172.29	0.54
175.18	7.52
175.45	7.52
175.99	11.07
177.92	11.07
180.43	11.07
183.8	4.47
186.38	9.52
187.63	9.52
187.73	9.52
191.09	11.45
193.47	11.45
196.63	11.45
199.94	0.89
200.43	2.61
202.91	8.36
205.91	8.36
209.25	8.36
210.42	6.17
212.92	6.17
215.56	6.17
218.23	6.6
218.59	6.6
220.38	10.67
223.85	10.67
224.97	10.87
227.93	10.87
230.33	10.87
233.58	7.91
235.8	8.98
237.35	8.98
238.69	8.98
241.16	2.5
244.37	2.5
247.82	9.49
249.25	9.49
249.56	7.18
250.43	7.18
