3.46	10.19
5.56	10.19
7.8	10.12
7.95	4.28
8.13	11.11
11.61	11.11
13.89	11.11
14.44	9.38
16.37	3.75
18.15	3.75
18.95	3.75
21.35	4.3
23.31	4.3
24.82	4.3
25.03	12.55
25.21	1.12
26.74	1.12
29.4	1.52
31.03	1.52
33.92	1.52
35.88	10.37
38.6	10.37
39.71	2.52
40.16	2.52
42.38	2.52
42.69	7.81
43.12	7.81
43.35	7.81
45.07	8.52
47.74	8.52
47.91	8.19
48.91	4.85
52.01	4.85
53.68	5.06
54.33	5.06
57.79	5.06
60.8	6.35
63.5	12.4
66.21	12.4
67.81	12.08
70.15	12.08
73.32	12.08
76.82	10.5
77.74	10.5
80.38	10.5
81.51	7.48
84.66	10.18
87.57	10.18
88.63	10.18
89.33	4.83
89.45	2.06
92.22	2.33
92.33	2.33
93.39	2.33
93.76	5.47
93.86	5.47
96.06	8.88
96.28	8.88
98.84	8.07
100.62	8.07
104.11	2.25
107.07	2.25
108.19	2.25
110.86	6.87
112.6	6.87
114.32	6.87
117.66	7.74
121.05	7.74
123.3	5.11
126.15	9.82
128.1	9.82
128.21	5.3
131.35	0.75
131.76	7.2
133.99	10.06
137.14	10.36
140.23	10.36
140.64	10.36
141.18	11.02
141.76	1.12
143.99	1.12
144.36	12.03
145.8	12.03
145.97	4.12
149.41	4.12
149.96	4.12
152.9	1.18
153.13	11.63
154.59	4.73
156.76	7.31
160.18	7.31
163.54	8.43
165.89	8.43
167.59	10.9
167.97	4.11
171.16	8.54
171.28	8.54
174.44	2.46
174.56	2.46
176.84	8.48
178.37	8.48
179.98	8.48
182.43	3.14
184.98	3.14
185.3	1.23
188.38	1.23
191.47	1.23
191.75	0.58
192.63	0.58
194.24	0.58
194.98	5.43
198.03	5.43
200.88	5.43
203.99	6.71
206.14	6.28
207.5	6.28
209.59	6.28
211.54	6.01
214.91	0.51
216.57	8.77
217.63	11.56
219.53	12.07
220.82	12.07
221.73	12.07
224.5	5.22
225.8	5.22
227.25	3.21
229.95	3.21
233.06	8.3
236.18	8.3
239.6	4.58
240.09	8.95
240.91	8.95
243.6	8.95
243.86	6.79
246.94	6.79
247.37	9.17
250.06	9.17
