0.18	7.15
1.78	7.15
2.4	7.15
5.71	1.97
6.58	5.25
8.9	5.25
11.61	6.89
12.03	6.64
12.55	5.82
12.69	6.08
15.77	1.06
18.63	8.21
21.93	6.65
22.6	11.96
25.92	7.49
27.72	7.49
30.21	7.49
32.75	12.05
34.53	12.22
36.28	7.02
38.98	7.02
41.92	7.02
43.21	6.8
45.43	6.8
46.06	0.41
46.42	0.41
47.28	12.87
48.35	12.87
51.64	12.87
53.98	8.82
54.33	3.45
54.92	1.07
57.51	1.07
58.31	1.07
60.28	8.83
63.37	8.83
65.06	5.63
66.8	8.54
68.0	8.54
69.16	8.54
71.21	7.85
73.89	2.98
74.22	2.98
74.94	2.98
77.54	5.79
80.05	5.79
83.44	5.79
86.85	6.48
89.62	6.48
91.22	10.58
91.38	10.58
92.29	10.58
95.39	12.11
98.47	12.11
101.16	12.11
103.37	7.82
103.51	6.29
103.82	6.29
104.16	8.75
105.89	6.12
108.26	4.0
108.69	4.0
111.68	5.39
112.97	5.39
113.43	5.39
114.61	3.82
116.42	3.82
117.39	3.82
120.11	5.83
121.63	10.03
124.89	5.29
127.51	10.2
128.23	10.2
129.97	10.2
132.58	10.11
135.3	10.11
137.69	10.11
138.39	3.34
141.81	3.34
142.42	3.34
144.72	3.87
147.53	3.87
149.24	4.54
152.01	4.54
155.3	4.54
157.54	1.24
159.95	1.24
160.73	7.97
163.91	7.97
167.19	7.32
169.89	1.98
170.72	1.98
171.74	1.98
172.19	1.04
174.1	1.04
176.85	9.16
177.12	9.16
178.86	9.16
180.01	6.21
181.98	6.21
183.71	6.21
185.71	4.53
189.17	7.11
191.17	7.11
191.64	7.11
192.43	12.18
194.43	12.18
195.33	12.18
197.99	8.66
201.44	11.04
203.49	5.2
204.3	5.2
206.97	12.0
209.68	12.0
211.86	8.87
214.82	8.87
217.93	5.93
219.47	5.93
219.9	9.24
220.09	4.68
221.63	4.68
221.87	4.68
224.88	6.62
227.7	9.14
228.11	8.75
230.11	10.37
232.0	12.39
234.67	12.39
234.89	5.26
236.4	5.26
239.82	5.26
240.59	3.01
243.21	3.01
243.72	3.01
244.98	4.03
247.04	4.03
250.04	4.03
