2.44	10.38
4.18	10.38
7.35	8.94
10.65	16.36
13.96	16.36
15.76	14.83
16.8	7.93
17.48	7.93
20.29	7.93
23.52	12.99
26.81	6.04
29.44	6.04
32.59	6.04
33.8	12.0
36.56	0.35
36.77	15.43
40.04	15.43
42.6	7.2
45.19	7.2
45.87	16.8
47.94	7.41
51.01	5.06
52.41	5.06
55.18	10.75
57.27	10.75
59.82	10.75
62.37	9.52
62.65	13.75
65.33	13.75
68.01	0.73
69.97	0.73
70.91	14.06
72.18	14.06
74.51	14.06
77.24	5.77
77.46	13.98
78.07	13.98
80.5	3.13
83.16	3.13
84.83	3.13
85.77	10.97
87.68	11.49
88.12	14.52
88.32	14.52
90.7	11.29
93.0	11.29
94.27	11.29
96.96	8.73
99.79	8.73
100.31	2.49
100.81	2.49
101.89	2.49
102.47	0.57
105.46	1.74
106.49	1.74
108.31	9.19
108.45	9.19
110.59	4.25
113.0	4.25
113.88	4.25
115.42	7.14
116.54	11.63
119.39	15.24
121.48	15.24
121.65	15.24
123.7	3.13
125.45	3.13
127.72	4.67
130.32	4.67
132.76	3.77
135.67	3.77
138.1	8.62
139.58	8.62
142.68	8.62
143.68	15.08
146.17	15.08
149.6	15.08
151.86	15.68
155.03	2.44
158.08	4.48
160.88	4.48
164.32	6.47
165.73	6.47
166.35	3.79
169.13	3.79
172.16	3.79
173.36	0.6
173.76	5.14
174.51	5.14
176.02	12.16
179.49	12.16
180.77	12.16
183.43	0.96
184.23	0.96
187.38	0.96
190.12	8.19
191.97	8.19
195.14	11.0
196.87	11.0
197.07	11.0
198.72	14.92
200.63	0.45
201.64	0.45
204.75	4.59
205.34	4.59
205.55	12.11
207.12	12.11
209.32	12.11
210.01	6.58
212.41	4.2
215.82	4.2
219.04	4.2
220.42	10.36
223.16	13.19
224.96	1.61
226.59	1.61
229.63	1.61
230.42	2.29
231.77	2.29
232.58	2.29
234.81	1.44
237.47	1.44
240.08	9.58
242.01	9.58
243.87	11.54
244.86	11.54
245.54	11.54
246.3	1.55
246.45	11.5
247.18	11.5
248.73	3.84
249.94	7.55
251.67	7.55
