3.36	3.47
4.63	3.47
6.61	15.74
9.01	15.74
9.95	5.56
12.58	12.7
13.74	12.7
15.41	12.7
15.91	12.88
17.13	15.49
18.12	8.13
18.83	8.13
19.31	1.61
21.03	1.61
23.77	9.36
25.59	4.79
26.24	10.57
27.23	2.45
30.64	2.45
31.39	10.77
33.21	10.77
34.14	13.19
36.41	9.19
37.04	9.19
38.26	9.19
39.77	3.84
40.38	14.35
42.98	14.35
43.81	3.18
46.77	3.18
48.38	3.18
51.81	4.84
54.52	4.84
54.98	4.84
58.04	14.53
60.7	14.53
61.09	11.39
63.82	11.39
64.09	11.39
67.17	13.45
69.15	13.71
72.53	5.55
74.46	5.55
75.58	5.55
77.39	14.6
77.59	14.6
79.96	14.6
81.71	14.42
81.98	14.42
82.86	14.45
84.46	14.45
85.88	8.54
86.86	8.54
89.0	8.54
92.05	2.21
94.59	2.21
97.32	2.21
100.73	11.36
102.39	11.36
104.93	11.36
108.33	0.95
111.04	14.58
111.46	9.15
114.57	9.15
117.23	4.16
119.02	3.59
120.72	3.59
122.94	13.05
126.32	15.57
129.66	15.57
130.29	5.18
131.26	14.85
133.25	4.16
136.69	4.16
138.85	4.16
141.6	9.92
142.58	9.92
145.78	6.71
147.96	0.54
148.99	15.33
150.42	15.33
152.36	14.48
153.98	14.48
154.35	14.48
155.08	2.61
156.68	2.61
158.88	12.17
160.77	12.17
163.92	14.31
167.13	4.71
169.96	4.71
172.91	4.71
175.2	9.61
177.12	5.03
180.45	6.8
181.56	6.8
182.09	6.8
183.66	5.49
186.2	4.9
189.38	4.9
190.73	4.9
192.8	16.95
193.94	16.95
196.49	16.95
199.22	11.35
199.5	11.35
201.11	11.35
201.25	7.23
201.88	7.23
201.99	7.23
205.15	14.66
208.32	14.66
208.77	14.66
211.83	1.42
213.22	3.66
213.45	14.65
216.8	14.65
219.89	14.65
222.23	11.19
225.66	11.19
227.55	11.19
229.69	3.17
230.69	3.17
232.63	3.17
235.3	5.6
237.4	14.87
237.92	14.87
241.34	13.95
244.45	9.62
246.55	9.62
248.74	9.62
252.15	10.72
