2.24	11.88
5.25	11.88
6.23	3.21
8.09	3.21
10.0	3.21
10.85	9.37
13.14	9.37
16.0	9.37
16.12	10.11
18.27	7.12
20.69	7.12
22.43	9.87
25.24	9.87
28.37	1.33
28.49	8.48
31.53	8.48
33.14	2.77
36.45	2.77
37.26	2.77
39.14	11.76
42.22	2.5
42.54	0.44
43.93	0.44
44.8	2.38
47.22	2.38
49.54	14.57
49.66	14.57
52.08	6.02
52.6	6.02
54.22	3.2
54.96	3.2
56.76	3.2
57.23	12.62
60.01	12.62
62.73	12.62
65.09	3.7
65.49	3.7
65.72	3.7
68.98	14.75
71.56	14.75
74.12	13.47
76.01	13.47
79.38	13.47
81.69	16.97
84.99	16.97
85.71	16.97
87.12	8.38
90.52	8.38
91.04	8.38
91.88	12.41
92.52	12.41
95.26	7.88
98.22	4.06
100.04	16.98
101.45	7.68
103.04	7.68
103.51	10.4
105.28	10.4
108.28	10.4
111.51	13.85
114.47	13.85
116.63	15.18
117.8	15.18
119.17	15.18
121.42	4.1
123.31	4.1
125.04	12.93
128.31	12.93
128.57	12.93
130.38	3.29
131.55	3.29
135.02	1.14
138.27	1.14
140.06	1.34
140.44	1.34
143.24	1.34
144.83	3.41
148.12	3.41
151.54	3.41
151.68	7.5
154.72	7.5
154.82	7.5
156.92	11.11
157.99	11.11
160.1	1.54
161.96	1.54
164.35	1.54
166.36	14.93
166.49	14.93
166.93	14.93
169.44	5.81
170.76	5.81
173.38	5.81
176.11	16.92
177.89	16.92
179.22	16.92
180.11	4.24
182.75	4.24
185.31	4.24
186.3	14.2
187.94	14.2
188.55	4.71
190.05	4.71
193.49	4.71
194.17	1.22
196.92	1.22
199.01	0.21
199.86	0.21
200.68	7.93
201.59	7.93
202.4	7.72
204.62	7.72
206.41	7.72
206.65	6.81
209.62	10.63
212.77	10.63
215.68	10.63
216.96	0.94
219.59	7.52
221.81	7.52
224.98	15.92
227.04	14.7
228.54	14.7
228.87	14.7
232.36	1.56
233.25	16.97
234.81	16.97
236.48	6.92
239.56	11.52
242.9	11.52
244.47	11.82
247.23	11.82
250.39	8.49
