1.68	9.25
2.28	9.25
2.7	3.15
2.91	3.15
3.1	3.86
3.4	3.86
6.84	1.05
9.29	1.05
12.61	12.33
14.03	12.33
17.17	5.3
17.29	5.3
20.05	8.55
21.05	8.55
23.58	2.76
24.58	2.18
27.55	2.18
29.24	11.28
30.01	1.86
32.15	1.86
34.17	0.77
35.33	0.77
38.68	0.77
41.09	4.65
42.67	4.65
44.46	4.65
45.26	7.91
45.44	7.91
46.41	7.91
47.13	9.02
50.32	9.02
53.63	9.02
56.7	9.17
58.3	9.17
60.62	9.17
63.97	15.69
65.92	15.69
68.24	15.69
71.63	7.05
73.09	7.38
74.31	7.38
76.1	7.38
79.56	8.99
80.52	9.24
81.18	9.24
81.84	9.24
83.37	15.65
85.71	15.65
86.07	14.04
88.06	3.79
88.19	4.46
90.06	4.46
91.65	4.46
92.16	11.58
94.15	5.75
96.44	5.75
96.63	5.75
98.08	4.76
100.51	4.76
100.61	2.25
103.36	2.25
104.5	2.25
107.24	12.66
107.54	12.66
107.9	12.66
108.76	6.97
112.21	6.97
112.47	6.97
115.73	3.61
117.27	3.35
119.39	3.35
122.42	0.75
125.08	0.75
125.34	9.57
126.65	9.57
128.29	8.53
131.29	12.63
133.58	6.0
136.94	10.59
140.08	10.59
143.54	11.18
144.43	11.18
145.61	11.18
146.3	13.57
148.04	13.57
150.6	13.57
152.64	4.15
155.38	1.28
157.78	1.28
161.17	6.9
163.22	11.21
166.66	10.95
170.01	10.95
170.55	16.47
171.36	8.9
171.78	8.9
175.01	8.9
176.9	16.73
177.17	16.73
180.59	2.27
181.53	2.27
184.45	10.3
187.73	10.3
189.97	16.16
191.29	11.98
194.17	15.84
195.28	15.84
198.4	15.84
200.52	9.95
201.16	13.18
202.04	13.18
203.39	13.18
204.75	13.57
206.74	13.57
207.57	13.57
209.36	10.36
210.22	10.36
211.09	5.94
213.95	5.94
216.09	5.94
218.65	9.97
222.06	9.69
224.51	3.68
227.41	3.68
228.43	3.68
231.09	7.67
231.89	7.67
232.21	7.67
233.01	5.96
233.69	5.96
236.73	5.96
238.44	12.65
240.84	11.93
241.07	11.93
241.84	12.15
242.77	12.15
245.43	12.15
246.78	15.3
248.83	15.3
252.07	15.3
