3.3	11.72
5.87	10.89
8.07	10.89
8.6	10.89
9.7	10.23
12.02	10.23
14.41	10.23
17.3	6.91
18.56	6.91
20.81	12.91
22.31	12.91
24.83	12.91
25.32	10.82
28.17	10.82
31.28	16.51
31.95	16.51
34.84	16.51
35.29	0.61
36.26	10.83
39.05	12.58
42.39	12.58
44.57	12.58
47.35	3.48
50.3	2.01
52.87	2.01
53.78	2.01
57.2	6.82
58.1	6.82
58.94	6.98
61.13	4.63
61.33	12.24
61.85	12.24
62.41	12.24
64.12	15.98
65.88	4.78
67.06	4.37
70.1	4.37
73.01	4.37
74.38	13.3
74.58	13.3
75.38	13.3
76.14	15.67
79.52	15.67
81.56	16.15
81.71	1.2
83.85	1.2
83.99	5.95
84.75	5.95
86.5	4.8
86.75	4.8
89.91	4.8
93.31	13.82
95.72	13.82
98.88	13.82
99.55	2.04
99.7	2.04
100.2	2.04
102.87	7.06
104.89	7.06
108.13	15.12
109.1	15.12
112.49	14.92
115.5	10.4
116.84	8.58
117.14	4.92
118.18	13.49
121.3	15.36
121.62	0.52
123.54	0.52
125.13	0.52
127.92	5.18
130.96	5.18
133.37	5.18
135.26	3.02
137.59	3.02
138.46	11.14
140.28	11.14
140.99	11.14
141.35	11.45
143.68	11.45
145.48	7.97
147.38	7.97
150.12	10.76
153.23	9.76
155.56	8.66
156.94	8.66
159.23	8.66
160.5	7.95
163.13	16.61
164.18	16.61
166.44	16.61
167.38	8.28
170.61	8.28
173.9	8.28
175.88	15.3
176.35	15.3
176.73	8.91
179.79	8.91
182.03	8.91
182.59	5.78
183.88	6.52
185.3	6.52
187.62	6.52
187.79	2.98
189.75	2.98
192.57	2.98
194.42	9.41
196.42	9.41
198.12	15.9
200.41	15.9
202.52	15.9
204.8	14.79
206.47	14.79
208.39	14.79
211.79	8.93
213.21	8.93
213.37	8.93
216.72	13.69
219.5	8.7
221.32	3.34
223.73	11.19
223.88	11.19
223.99	11.19
224.2	4.57
226.44	4.57
227.05	4.57
229.44	10.33
232.32	10.33
234.04	6.64
235.15	9.14
237.05	9.14
240.52	9.14
241.51	3.22
241.77	3.22
244.86	3.22
245.03	8.05
245.54	8.05
245.97	0.59
247.57	0.59
250.91	1.87
