2.92	15.63
3.36	15.63
6.58	15.63
9.99	14.56
11.75	14.56
12.69	5.19
15.04	5.19
18.39	5.75
19.04	11.19
20.93	11.19
24.39	11.19
24.79	0.96
27.56	0.96
28.89	11.07
31.4	11.07
31.66	11.07
32.93	14.57
34.84	13.07
35.05	13.07
37.3	2.43
39.52	10.21
41.44	6.82
44.5	6.82
47.88	16.58
49.11	16.58
51.11	11.79
52.68	11.79
55.56	11.79
58.58	12.58
60.63	12.58
60.86	12.58
64.28	8.54
67.71	8.54
67.88	3.55
70.44	3.55
70.93	5.94
74.38	5.94
77.17	5.94
78.99	4.08
81.16	4.08
84.17	4.08
86.83	12.25
88.32	12.25
91.51	12.25
93.28	10.35
95.65	0.37
96.28	0.37
99.02	1.0
101.93	1.0
103.49	1.0
106.16	11.21
106.31	9.38
109.3	9.38
109.83	9.38
111.45	9.55
113.2	16.39
116.22	16.39
118.97	16.39
120.41	14.58
121.69	14.14
123.61	14.14
126.09	14.14
128.55	11.72
130.66	11.72
130.77	12.08
133.65	9.61
134.06	9.61
136.0	16.45
136.92	4.66
139.6	4.66
140.97	11.78
141.93	7.02
143.18	7.02
144.06	9.57
145.82	8.58
147.05	7.73
148.14	14.63
150.69	14.63
153.91	14.3
156.75	14.3
158.92	12.74
162.39	12.74
164.17	15.39
165.13	15.39
165.42	14.49
168.88	9.42
169.09	9.42
170.18	9.42
172.16	13.42
173.04	5.7
175.82	14.28
178.93	12.95
180.21	5.99
181.79	2.4
185.04	10.77
186.17	10.77
186.52	10.77
188.03	8.82
188.61	8.82
189.87	8.82
190.51	5.59
192.24	9.81
195.46	9.81
196.88	0.59
198.12	0.59
200.02	0.59
201.82	7.93
202.33	7.93
205.63	7.93
206.71	5.82
209.15	5.82
209.66	14.87
211.39	13.72
211.82	13.72
212.38	13.72
215.43	0.53
218.03	14.19
220.19	6.53
221.52	6.53
222.55	6.53
225.4	8.51
225.86	8.51
226.83	10.73
227.48	10.73
227.84	4.39
228.13	4.39
228.74	4.39
228.94	10.51
229.26	10.51
229.52	12.09
232.81	12.09
234.34	9.55
235.59	9.55
237.29	1.4
238.89	1.4
239.62	14.5
241.42	16.02
242.93	14.3
245.85	14.3
247.6	4.54
248.16	3.55
251.47	3.55
