1.95	9.42
2.75	9.42
4.64	5.55
6.02	5.55
7.92	0.94
8.49	2.6
10.02	2.6
10.75	3.38
14.18	3.38
15.1	3.38
15.75	14.19
17.49	13.43
18.64	13.43
22.14	1.78
24.43	1.78
25.43	1.78
27.22	16.03
27.71	16.03
28.81	16.03
31.14	16.83
33.57	16.83
35.7	16.83
38.77	13.77
41.57	13.77
41.86	13.77
43.92	4.08
46.08	4.08
46.28	13.85
47.39	10.22
50.16	13.55
51.73	13.55
52.31	4.22
52.86	4.22
54.42	11.88
55.3	11.88
56.34	14.63
57.7	7.53
61.01	7.77
61.69	7.77
64.05	7.77
66.92	15.29
70.4	15.29
72.59	15.29
75.02	7.44
75.54	6.56
78.58	6.56
81.35	6.56
81.85	8.72
83.29	8.72
84.97	14.95
85.79	14.14
87.29	14.14
89.13	7.37
91.65	7.37
95.05	7.37
97.99	6.62
98.46	6.62
99.51	6.62
102.99	15.01
105.63	15.01
107.16	15.01
110.06	16.29
111.14	16.29
114.57	15.9
115.53	15.9
116.75	15.9
118.05	5.39
119.19	5.39
122.18	6.6
125.5	14.07
126.26	14.07
128.17	6.35
128.51	13.07
130.62	13.07
132.27	11.31
135.46	11.31
137.01	10.69
137.14	11.61
137.54	11.61
139.76	11.61
140.08	8.45
140.5	8.45
141.58	14.15
141.88	14.15
143.84	13.94
146.87	13.94
147.91	13.94
148.81	3.98
150.56	7.98
151.16	7.98
153.21	16.35
155.25	1.61
157.08	1.61
160.24	12.04
161.84	12.04
164.26	16.94
166.17	16.98
168.98	16.98
170.29	1.14
172.4	1.14
175.41	1.14
176.93	5.28
180.38	5.28
181.77	4.17
183.79	4.17
187.27	4.72
189.46	4.72
192.0	2.05
193.16	2.05
193.68	5.36
195.27	5.36
196.3	5.36
198.67	15.71
200.33	15.71
202.27	6.15
205.68	6.15
206.31	6.15
209.58	5.31
211.57	5.31
213.53	1.02
215.79	12.77
216.17	9.56
218.04	9.56
218.76	9.56
220.23	11.33
222.25	11.33
223.57	7.36
224.59	7.36
226.61	0.39
228.23	0.39
231.66	16.0
231.85	16.0
232.64	6.02
233.37	14.97
234.74	14.97
236.6	14.97
239.47	4.1
241.31	4.1
242.23	4.1
242.71	14.01
245.82	14.01
249.18	13.59
250.16	13.59
