0.46	1.16
3.96	8.98
6.94	8.98
7.7	3.02
9.11	3.02
11.77	3.02
13.83	1.02
14.88	12.79
14.98	12.79
16.19	12.79
18.29	4.04
19.57	4.04
22.99	4.04
26.01	11.29
28.32	11.29
28.65	11.29
29.91	7.22
30.07	16.41
33.09	0.84
35.7	10.65
38.84	10.65
41.71	10.53
44.36	10.53
45.37	16.76
47.37	16.76
50.82	16.76
51.73	2.69
53.53	2.69
55.35	2.69
55.79	3.29
58.05	9.02
60.77	9.18
62.9	9.18
64.25	9.18
66.94	6.03
68.7	6.03
70.39	6.03
71.28	10.63
73.49	10.63
75.35	9.26
75.5	9.26
78.72	15.98
79.63	15.98
80.69	15.98
82.79	8.2
85.06	8.2
86.67	5.98
89.65	7.04
92.14	7.04
92.57	6.36
92.83	6.36
96.14	6.36
96.62	16.8
99.56	12.01
101.53	12.01
103.21	16.69
103.53	16.69
103.71	16.69
107.12	7.89
107.31	7.89
110.63	7.89
111.68	7.34
113.59	7.34
115.84	7.34
117.88	16.41
120.05	16.41
120.73	16.41
122.45	8.4
125.62	8.4
128.04	8.4
130.07	14.14
132.44	13.34
132.76	13.34
136.2	13.34
136.76	14.92
140.16	14.92
142.24	14.92
144.26	2.46
146.7	2.46
148.1	2.46
149.55	5.97
152.27	5.97
152.49	5.05
155.31	9.73
158.35	9.73
158.58	9.73
159.91	5.92
160.76	16.42
162.91	16.42
163.16	13.96
164.26	13.96
166.88	13.96
167.23	3.4
170.27	3.4
170.86	3.4
174.11	9.87
175.44	9.87
177.17	9.87
178.84	11.44
181.37	11.44
184.26	9.89
187.27	9.89
188.22	6.34
190.98	6.34
191.2	6.34
194.27	7.46
195.67	7.46
197.26	7.46
197.77	7.57
200.0	7.57
202.54	6.64
206.04	6.64
208.31	11.44
208.77	11.44
209.21	11.44
210.99	1.99
213.9	1.99
215.99	1.99
219.0	13.39
220.99	13.39
221.24	5.74
221.5	3.43
223.26	11.0
223.6	11.0
226.1	11.0
226.79	7.43
229.92	7.43
232.5	5.15
235.61	5.15
238.22	0.32
240.42	0.32
243.42	0.32
244.11	8.04
246.61	8.04
248.65	8.04
249.0	2.79
249.46	10.31
251.18	10.31
