0.43	2.42
3.28	2.42
5.22	2.42
8.07	8.41
8.67	8.41
11.36	8.11
14.14	10.11
15.1	10.11
18.35	6.57
21.76	6.57
23.54	8.71
24.65	0.44
27.69	7.79
27.98	7.79
29.82	7.79
32.16	1.15
34.51	13.89
35.84	6.91
36.71	6.91
37.62	6.91
39.12	7.59
41.75	7.59
42.81	13.61
44.46	6.78
47.04	6.78
49.94	6.78
51.4	5.38
51.66	5.38
52.29	13.58
53.17	13.58
56.15	12.31
56.3	13.23
56.52	15.05
58.17	15.05
59.31	4.25
60.84	4.25
64.11	8.65
66.13	13.65
68.4	13.65
69.37	13.65
72.81	5.3
75.46	5.3
76.73	5.95
78.75	5.95
79.67	5.95
80.9	15.43
82.31	15.43
83.43	2.22
86.13	14.6
87.93	14.6
90.99	14.6
93.22	11.41
94.09	11.41
95.34	11.41
96.65	13.3
98.82	13.24
100.85	13.24
102.64	6.03
103.75	5.71
105.44	1.38
106.43	15.5
109.63	15.5
111.09	3.01
113.57	3.01
113.77	3.01
114.79	10.02
118.24	10.02
118.63	10.02
121.49	11.74
124.93	11.74
125.63	8.04
128.29	8.04
130.52	8.04
133.69	8.47
133.96	8.47
134.32	8.47
136.87	6.18
140.03	6.18
140.14	6.18
142.56	3.54
143.81	3.54
146.45	3.54
149.14	3.53
149.75	3.53
152.08	3.53
155.57	3.08
158.12	7.65
161.25	3.39
161.83	3.39
161.95	3.39
162.58	9.3
164.26	9.3
166.22	9.3
168.15	14.65
168.39	13.08
170.26	13.08
171.63	13.08
171.78	9.71
173.91	9.71
177.24	9.71
178.72	3.99
179.25	3.99
180.62	10.71
182.88	10.71
184.43	15.74
186.27	15.74
186.43	1.34
189.52	4.82
191.32	4.82
191.89	15.57
193.78	15.57
195.03	2.01
197.95	2.01
201.24	2.01
201.41	1.29
201.58	1.29
203.89	1.29
206.35	1.57
208.63	0.24
211.54	0.24
211.76	8.52
213.56	8.52
215.95	8.52
218.56	10.12
219.97	10.12
220.74	6.15
222.29	6.15
225.68	2.09
226.53	2.09
227.67	2.09
229.77	3.99
230.96	3.99
231.6	3.99
234.68	3.93
237.11	16.97
238.59	0.25
240.66	0.25
243.68	0.25
247.12	15.97
249.52	15.97
252.89	15.97
