0.48	14.99
2.15	14.99
5.52	2.97
7.4	10.88
9.17	12.07
10.04	12.07
10.61	12.07
11.44	13.7
13.49	8.72
16.74	8.72
18.46	8.72
19.79	2.13
21.41	2.13
24.07	15.88
24.99	15.88
28.37	15.88
31.75	2.94
35.18	2.94
38.63	2.94
38.74	15.92
41.18	2.01
42.77	2.01
42.96	2.01
45.54	15.2
47.92	15.2
50.36	15.41
51.82	15.41
55.19	9.06
56.18	9.06
58.76	9.06
61.18	9.07
61.52	9.07
64.83	9.07
67.23	7.45
70.61	7.45
72.07	7.45
73.54	6.35
75.73	2.86
76.53	2.86
78.54	15.2
80.08	10.28
82.98	10.28
85.33	10.28
86.19	12.76
88.21	11.58
91.65	11.58
94.4	1.21
96.28	1.21
97.24	8.65
97.95	10.8
100.92	7.45
101.31	7.45
101.65	7.45
104.62	5.11
107.43	9.99
109.79	9.99
111.18	1.25
113.79	8.58
114.89	8.58
115.17	8.58
115.54	6.51
116.16	0.3
117.73	1.62
118.41	1.62
121.82	1.62
124.44	13.6
127.59	4.67
129.8	4.67
130.11	4.67
133.51	15.85
135.48	15.85
138.0	3.02
140.61	0.4
142.96	0.4
145.83	6.07
148.88	6.07
150.71	4.26
151.89	4.26
155.04	4.26
157.08	5.23
159.23	5.23
162.34	5.23
165.41	16.73
168.61	14.0
170.27	14.0
171.8	14.0
174.61	7.12
176.14	11.92
178.16	11.92
180.23	11.92
182.75	1.27
185.35	1.27
188.77	11.67
190.16	11.75
190.96	2.41
191.35	9.3
191.55	8.65
192.66	8.65
194.99	13.68
196.06	13.68
198.37	5.32
199.06	5.32
201.34	15.78
204.22	15.78
207.35	15.78
207.84	8.1
210.14	8.1
213.21	16.68
213.53	16.68
215.06	16.68
217.53	9.46
219.63	9.46
219.78	6.68
220.58	8.71
221.8	8.71
224.61	8.71
226.84	2.13
230.13	2.13
231.04	2.13
232.51	3.37
235.75	3.37
235.96	3.37
237.36	14.51
238.8	8.94
242.18	1.93
242.51	1.93
243.8	1.93
244.07	6.6
244.25	5.74
246.56	6.37
249.87	8.0
252.89	9.78
