0.8	12.52
2.35	12.52
3.51	12.52
4.99	13.19
8.02	13.19
9.26	10.44
9.99	10.44
11.21	16.65
14.01	8.48
15.1	10.98
17.19	10.98
17.44	16.74
20.17	3.08
22.1	0.97
25.07	0.97
27.36	5.54
28.73	5.54
28.97	5.54
30.08	9.98
30.24	8.23
32.7	8.23
33.7	15.59
37.15	3.42
38.02	3.42
40.38	3.22
41.57	3.22
43.17	3.22
46.19	14.03
47.34	14.03
47.8	14.03
47.99	12.59
51.1	12.59
52.76	12.87
52.87	2.35
53.71	2.35
57.0	2.35
59.94	10.36
60.16	10.36
63.06	12.29
63.17	12.29
64.92	14.16
66.92	14.16
67.41	12.96
69.96	12.96
70.14	6.61
71.28	6.61
71.46	10.85
73.09	11.75
73.57	11.75
74.28	11.75
75.75	16.35
77.68	8.11
78.11	8.11
79.19	9.74
81.05	9.74
82.42	10.63
85.18	4.52
85.67	4.52
86.4	4.52
87.62	2.97
90.28	2.97
93.74	15.7
95.26	6.03
97.23	6.03
98.65	13.83
101.23	8.83
101.77	8.83
104.85	8.83
104.99	5.73
108.28	5.73
109.45	1.3
110.47	1.3
113.71	10.03
116.95	10.03
117.9	10.03
119.56	14.4
119.85	14.4
120.32	4.4
121.03	4.4
122.76	14.21
124.12	14.21
125.68	9.2
127.05	6.77
130.13	15.37
130.98	15.37
132.36	15.37
132.51	7.54
134.26	7.54
136.44	8.93
139.08	5.12
139.8	5.12
140.52	11.67
142.1	3.79
143.99	3.27
147.32	2.74
150.24	2.74
151.3	16.05
153.01	16.05
155.73	9.7
156.43	9.7
156.82	7.88
158.22	7.88
159.48	3.28
160.62	3.28
161.27	3.76
162.4	3.76
165.89	11.1
168.97	11.1
170.49	10.48
172.31	10.48
173.15	11.2
175.3	11.2
178.76	11.2
181.78	13.76
183.95	13.76
185.88	5.88
189.09	9.89
190.48	16.28
192.11	7.04
193.48	7.04
195.63	7.04
197.38	10.97
198.12	10.97
201.26	10.97
203.56	7.26
204.91	7.26
206.02	4.42
207.59	4.42
208.3	4.42
209.52	14.54
209.79	14.54
210.66	14.54
214.06	4.74
217.35	4.74
217.62	4.74
218.67	8.61
221.54	8.61
224.23	10.68
226.09	13.48
228.95	11.52
232.14	11.52
233.06	6.92
235.66	6.92
239.04	3.55
241.83	3.55
244.67	3.55
246.4	3.62
247.02	3.62
249.42	3.62
249.88	11.12
253.37	11.12
