0.18	8.73
3.1	8.73
6.39	8.73
6.62	8.99
8.88	1.94
9.5	4.66
10.46	4.66
13.3	12.86
14.2	12.86
15.66	6.52
18.78	6.52
19.14	6.52
21.6	3.29
24.51	3.29
24.83	3.29
26.33	11.07
29.6	11.07
32.1	11.07
32.75	12.41
34.25	2.12
35.31	16.29
37.23	16.29
37.48	16.29
38.15	3.25
38.67	3.25
42.07	2.15
44.72	2.15
44.95	11.83
45.12	15.73
46.21	13.9
48.93	13.9
50.02	14.38
51.56	14.38
52.91	15.55
53.88	2.76
54.85	6.99
57.0	6.99
59.24	4.97
59.69	4.97
60.52	6.62
63.89	6.62
65.17	2.22
65.88	2.22
68.48	2.22
69.0	12.62
70.8	12.62
74.24	12.62
75.39	2.7
78.33	2.7
78.95	10.05
79.61	10.05
81.74	5.17
84.6	0.27
86.74	15.97
89.65	15.97
92.17	13.86
92.76	13.86
96.01	14.01
98.03	1.66
101.02	1.66
103.84	1.66
105.81	16.83
108.0	16.83
108.55	16.83
109.19	7.29
110.58	7.29
111.38	7.29
113.41	6.49
114.22	6.49
115.59	12.35
118.28	12.35
121.3	12.35
123.49	8.85
125.55	13.51
128.08	12.97
128.49	12.97
131.72	9.56
134.24	9.56
135.87	9.56
136.31	8.51
138.08	8.51
141.38	7.19
143.23	7.19
143.89	7.19
144.57	2.24
144.9	2.24
146.43	3.23
147.71	5.03
149.88	5.03
152.81	5.03
153.07	1.2
155.66	5.72
159.12	5.72
162.33	1.17
163.02	1.17
163.72	1.17
167.01	6.26
168.98	4.34
169.19	4.34
170.15	7.49
170.28	7.49
170.47	7.49
171.43	7.05
173.88	7.05
177.1	7.05
179.97	3.33
180.93	3.33
181.07	1.14
181.54	6.24
182.32	3.65
183.65	3.65
185.32	3.65
188.01	1.92
188.97	3.17
190.12	3.17
191.84	3.17
193.69	5.19
194.15	0.82
194.59	0.82
196.66	0.82
198.44	15.37
199.47	15.37
200.98	1.7
202.56	1.7
205.68	15.18
207.73	15.18
209.22	4.12
212.63	4.12
213.02	4.12
216.31	14.7
217.56	14.7
217.93	8.33
218.74	8.33
221.81	8.33
222.66	11.9
226.12	16.46
227.25	11.89
227.8	3.31
230.7	8.3
230.89	8.3
231.88	8.3
232.36	12.92
234.98	12.92
236.26	9.34
239.05	9.34
242.17	12.38
243.78	12.38
245.92	1.01
246.49	1.01
249.98	1.01
251.49	9.65
