2.73	16.66
2.92	16.66
5.02	16.66
5.57	15.57
6.01	15.57
8.0	15.57
8.86	13.81
9.77	13.81
11.58	13.81
12.6	12.21
13.05	1.48
15.93	10.25
18.44	10.25
21.05	0.79
22.9	0.79
25.87	0.79
27.59	4.1
29.74	5.18
32.16	7.8
34.9	3.69
36.44	15.92
38.05	15.92
40.87	15.92
41.58	5.65
45.05	5.65
46.32	5.65
46.68	13.04
47.24	13.04
48.13	11.37
50.96	15.43
53.99	15.43
55.07	15.43
55.39	3.8
57.23	3.8
59.74	4.33
60.63	2.28
61.76	2.28
63.77	9.33
64.54	9.33
66.69	2.0
70.07	15.03
72.43	15.03
74.85	15.03
75.78	11.36
77.28	8.69
77.7	13.99
79.42	13.99
79.71	4.71
82.55	4.71
85.91	4.71
86.6	6.17
89.0	6.17
90.81	6.17
92.68	0.63
94.04	2.63
96.03	2.63
96.41	6.59
96.83	7.38
99.62	7.38
101.42	7.38
102.47	3.55
104.98	1.06
108.03	1.06
110.75	1.06
114.13	8.26
117.54	8.26
120.55	8.26
123.1	1.55
125.3	1.55
128.56	9.72
128.8	3.02
129.67	3.02
131.49	3.02
133.58	13.77
133.84	13.77
134.9	13.77
136.24	3.44
137.81	3.44
141.17	3.44
144.43	1.06
146.01	14.93
149.14	14.93
152.22	14.93
154.88	16.85
158.13	7.96
161.35	8.59
163.2	8.59
164.99	8.59
168.02	2.03
171.41	2.03
171.59	3.79
171.8	10.13
174.36	10.13
176.17	10.72
177.58	10.72
178.02	4.88
179.56	4.88
182.76	4.88
185.98	0.6
188.39	0.6
191.2	0.6
193.63	16.94
195.64	13.46
197.89	13.46
201.13	13.46
203.89	16.33
207.18	16.33
208.58	16.33
212.08	7.4
213.02	9.51
214.04	9.51
215.37	16.72
218.22	4.17
219.32	13.78
220.32	13.78
221.55	6.5
224.35	6.5
227.26	6.5
230.75	6.84
232.71	6.84
233.51	5.26
235.51	5.26
238.03	5.33
239.21	8.81
242.58	8.81
244.13	8.81
246.13	11.78
247.26	11.78
250.63	11.78
