0.41	3.05
3.23	3.05
6.52	6.25
8.57	6.25
8.9	6.25
12.11	15.57
14.32	15.57
17.65	15.57
20.25	14.0
23.63	9.36
24.64	9.36
25.08	2.73
25.24	13.44
27.02	13.44
27.65	2.8
30.46	2.8
32.57	3.36
33.19	3.36
36.45	3.09
37.41	3.09
39.03	3.42
40.24	3.42
41.8	11.66
43.64	11.66
43.95	11.66
44.17	10.0
47.65	10.0
48.18	7.09
50.17	7.09
50.7	15.42
51.73	15.35
52.61	15.35
55.3	15.35
56.66	9.87
57.8	6.45
60.08	6.45
61.95	2.99
62.33	2.99
65.16	2.99
67.29	11.37
70.11	9.41
71.2	13.08
73.09	13.08
75.99	15.91
77.86	15.91
79.92	12.99
83.11	12.99
85.94	12.99
86.67	15.14
89.18	15.14
89.48	3.35
91.53	3.35
91.69	5.62
92.89	5.62
94.64	3.7
97.77	12.76
100.08	12.76
102.12	12.76
105.48	5.21
108.98	16.25
109.19	16.25
110.39	3.26
110.99	11.53
111.77	11.53
115.12	11.53
118.55	4.38
120.81	4.38
123.5	7.66
126.79	7.66
127.79	7.66
129.33	11.38
130.74	11.38
131.65	11.38
134.9	10.72
136.78	10.72
139.27	4.19
141.39	4.19
143.35	2.71
143.94	6.68
146.87	6.68
149.3	16.15
151.53	16.15
154.83	16.15
158.09	8.08
161.52	6.55
164.34	6.55
166.76	15.92
166.99	15.92
168.39	15.92
169.73	0.68
170.36	0.68
171.08	9.57
172.26	9.57
175.13	9.57
177.97	15.29
179.24	15.29
179.46	14.19
180.68	14.19
182.52	4.42
184.36	15.14
187.61	15.14
188.77	15.14
190.42	4.77
192.23	4.77
193.72	4.77
194.75	14.61
195.14	14.61
196.81	2.76
197.6	2.76
197.86	2.76
198.2	2.72
201.66	2.72
202.03	2.72
204.96	4.22
207.4	4.22
209.98	4.22
210.93	13.08
211.57	13.08
211.68	2.69
212.4	12.34
214.94	10.5
215.9	10.5
216.61	10.5
217.86	4.88
219.11	7.58
222.33	7.58
223.39	7.58
225.2	2.93
226.25	2.93
227.71	2.93
230.93	11.59
233.58	7.62
235.2	14.11
236.31	7.5
239.59	7.5
240.82	11.16
241.62	11.16
244.5	11.16
245.17	4.35
246.87	4.35
249.87	14.49
250.16	14.49
