2.27	11.5
3.16	3.8
3.68	3.8
4.21	15.11
6.6	15.11
7.07	15.11
9.63	4.67
10.36	4.67
13.7	6.62
14.29	6.62
16.15	1.64
19.55	4.89
20.61	4.89
22.81	1.19
24.16	1.19
24.81	1.19
27.12	4.03
28.36	2.92
29.54	3.29
30.6	7.78
31.8	9.08
31.99	9.08
32.16	16.11
34.68	16.11
36.06	16.11
37.8	14.27
38.62	14.27
41.38	14.05
43.7	14.05
45.39	14.05
48.01	5.52
50.47	5.52
53.06	5.07
54.93	5.07
56.07	5.07
56.64	10.45
57.81	6.72
59.46	7.19
62.21	7.19
64.49	7.19
67.1	7.15
69.14	5.3
69.42	11.94
70.27	12.05
71.05	12.05
73.35	4.34
74.05	2.93
74.44	1.85
77.28	10.69
78.34	10.69
80.06	10.69
80.77	13.85
82.69	2.49
84.62	5.51
86.76	5.51
88.71	11.34
89.09	3.65
91.7	3.65
94.19	0.65
95.84	3.72
97.02	3.72
97.16	5.56
99.66	5.56
100.99	4.54
103.94	15.27
104.6	6.69
106.95	6.69
108.1	6.69
108.33	1.57
110.9	1.57
113.62	1.57
114.43	6.86
117.7	6.86
120.39	10.45
121.08	12.09
124.33	12.09
124.44	12.09
125.08	11.55
125.65	11.55
128.39	5.53
130.17	9.93
132.02	9.93
132.93	9.93
133.93	0.45
135.75	13.57
138.99	13.57
139.29	0.38
140.1	0.38
143.38	5.04
144.61	5.01
146.55	5.01
148.03	13.6
149.69	1.1
152.16	13.68
153.65	13.68
156.76	6.59
159.9	4.69
161.8	6.93
164.72	9.16
166.39	9.16
167.06	10.5
167.2	10.5
167.33	10.5
169.08	10.18
172.52	10.18
174.96	2.95
176.6	2.95
179.53	2.95
180.14	8.78
181.06	8.78
183.47	13.61
185.45	13.61
186.42	4.19
188.36	4.19
188.79	4.19
189.08	4.26
192.01	4.26
195.09	4.26
196.66	1.12
197.09	1.12
200.49	1.12
202.78	8.82
205.51	8.82
206.44	3.1
207.41	3.1
207.97	3.1
210.63	3.64
211.06	3.64
211.92	3.64
214.64	14.7
216.54	14.7
219.16	7.99
219.98	7.99
220.52	7.99
222.11	14.56
225.15	14.56
228.56	14.56
228.86	6.0
232.24	9.08
233.32	5.3
236.63	7.82
236.87	7.82
238.0	7.82
238.18	8.21
240.05	5.0
241.43	5.0
244.86	16.6
247.09	1.77
247.39	1.77
250.31	0.49
