3.46	13.32
5.56	13.32
7.8	13.22
7.95	5.55
8.13	14.51
11.61	14.51
13.89	14.51
14.44	12.25
16.37	4.86
18.15	4.86
18.95	4.86
21.35	5.58
23.31	5.58
24.82	5.58
25.03	16.41
25.21	1.41
26.74	1.41
29.4	1.94
31.03	1.94
33.92	1.94
35.88	13.55
38.6	13.55
39.71	3.24
40.16	3.24
42.38	3.24
42.69	10.18
43.12	10.18
43.35	10.18
45.07	11.12
47.74	11.12
47.91	10.69
48.91	6.3
52.01	6.3
53.68	6.57
54.33	6.57
57.79	6.57
60.8	8.27
63.5	16.22
66.21	16.22
67.81	15.8
70.15	15.8
73.32	15.8
76.82	13.72
77.74	13.72
80.38	13.72
81.51	9.75
84.66	13.29
87.57	13.29
88.63	13.29
89.33	6.28
89.45	2.64
92.22	2.99
92.33	2.99
93.39	2.99
93.76	7.12
93.86	7.12
96.06	11.59
96.28	11.59
98.84	10.53
100.62	10.53
104.11	2.89
107.07	2.89
108.19	2.89
110.86	8.96
112.6	8.96
114.32	8.96
117.66	10.1
121.05	10.1
123.3	6.65
126.15	12.83
128.1	12.83
128.21	6.89
131.35	0.92
131.76	9.39
133.99	13.14
137.14	13.53
140.23	13.53
140.64	13.53
141.18	14.4
141.76	1.41
143.99	1.41
144.36	15.73
145.8	15.73
145.97	5.34
149.41	5.34
149.96	5.34
152.9	1.49
153.13	15.2
154.59	6.14
156.76	9.53
160.18	9.53
163.54	11.0
165.89	11.0
167.59	14.24
167.97	5.34
171.16	11.14
171.28	11.14
174.44	3.16
174.56	3.16
176.84	11.06
178.37	11.06
179.98	11.06
182.43	4.05
184.98	4.05
185.3	1.55
188.38	1.55
191.47	1.55
191.75	0.7
192.63	0.7
194.24	0.7
194.98	7.06
198.03	7.06
200.88	7.06
203.99	8.74
206.14	8.17
207.5	8.17
209.59	8.17
211.54	7.82
214.91	0.6
216.57	11.45
217.63	15.11
219.53	15.78
220.82	15.78
221.73	15.78
224.5	6.78
225.8	6.78
227.25	4.15
229.95	4.15
233.06	10.83
236.18	10.83
239.6	5.95
240.09	11.68
240.91	11.68
243.6	11.68
243.86	8.86
246.94	8.86
247.37	11.97
250.06	11.97
