0.61	0.68
3.17	9.56
4.22	9.56
5.68	9.56
9.08	7.18
10.87	7.18
12.28	5.05
14.87	4.0
15.91	11.52
18.56	11.52
19.9	16.96
21.93	0.93
23.27	15.98
24.05	15.98
27.34	16.14
28.39	16.14
28.7	16.14
29.04	10.25
30.91	10.25
32.36	10.25
34.89	1.89
35.37	1.89
36.61	1.89
38.66	13.66
40.89	13.66
43.19	13.66
43.75	2.76
45.38	2.76
46.89	2.76
48.96	9.23
49.13	12.94
50.6	12.94
51.01	16.73
52.64	16.73
54.79	5.89
55.83	12.42
57.78	12.42
59.29	2.38
60.06	15.55
62.99	15.55
65.49	15.55
66.19	14.05
67.76	14.05
70.83	14.05
73.82	16.8
76.48	5.93
77.62	5.93
80.04	11.11
80.56	11.11
81.89	11.11
84.41	15.09
87.44	15.09
89.16	13.65
92.51	13.65
93.02	14.3
96.03	3.85
97.29	3.85
100.76	3.85
101.29	15.71
103.93	15.71
104.41	14.53
107.26	14.53
109.26	16.58
109.39	16.58
111.47	16.58
112.54	15.02
112.95	12.95
113.56	12.95
116.59	6.28
119.33	6.28
120.35	6.28
120.78	3.16
121.98	3.16
124.5	3.16
125.6	5.44
128.88	5.44
128.99	9.89
131.63	9.89
132.42	10.79
132.84	10.79
135.29	10.79
138.01	4.11
140.8	11.34
142.44	12.67
144.43	6.81
145.12	6.81
148.29	6.81
149.25	8.09
149.72	8.09
152.33	8.09
155.61	16.25
159.09	16.25
161.89	5.54
165.05	5.54
168.24	10.49
170.06	10.49
170.68	0.89
173.65	13.37
173.81	13.37
176.74	13.37
178.49	2.1
181.11	2.1
181.35	11.17
181.71	11.17
182.12	11.17
183.37	10.11
185.03	10.27
185.41	10.27
186.4	10.27
186.65	4.46
187.99	4.39
188.27	4.39
191.73	4.39
194.78	12.57
196.4	12.57
199.26	12.57
202.39	7.37
204.42	7.37
207.86	6.63
210.72	6.63
213.73	6.63
216.9	7.9
219.86	7.9
220.62	4.43
223.96	4.43
225.49	4.43
227.93	3.91
229.39	0.96
230.88	8.87
232.55	8.87
234.87	4.77
236.68	4.77
238.52	2.46
239.23	2.46
239.93	0.6
240.19	5.44
242.23	5.44
244.63	8.85
247.42	8.85
249.99	5.93
250.59	5.93
