0.16	14.32
1.47	2.07
4.59	9.99
5.5	9.99
8.62	9.99
10.84	11.86
13.65	11.86
14.57	1.57
17.06	1.57
18.49	1.57
21.84	0.39
23.11	0.39
23.81	0.39
26.02	14.15
29.16	14.15
32.06	14.15
34.73	9.04
38.21	9.04
39.73	9.04
40.72	6.7
44.2	12.78
45.39	12.78
46.57	12.78
47.6	7.4
49.62	7.4
51.25	5.25
52.16	5.25
53.63	5.25
54.1	4.03
57.49	4.03
60.54	3.81
62.36	3.81
65.57	2.01
69.02	2.01
71.81	6.91
72.93	6.91
74.25	11.99
74.84	8.46
77.09	8.46
78.69	8.46
81.28	2.57
82.32	8.96
82.58	8.96
84.39	8.96
85.02	11.6
87.42	11.6
88.61	2.77
91.66	2.77
94.53	12.01
94.95	12.01
96.34	15.09
99.27	15.09
102.26	15.09
105.56	3.5
107.24	3.5
109.99	15.75
113.42	15.75
116.02	13.32
118.98	13.32
119.47	7.63
122.19	1.62
123.51	1.21
124.58	4.25
126.48	4.25
127.05	4.25
128.75	14.76
128.94	5.62
131.07	5.62
133.13	5.62
135.57	12.83
137.2	12.83
138.76	12.83
139.65	10.8
140.86	10.8
142.13	10.8
145.51	5.39
147.41	15.91
148.22	15.91
151.21	3.79
151.81	0.51
154.95	0.51
155.12	0.51
155.39	4.39
156.29	4.39
158.3	4.39
159.16	2.6
161.77	3.56
163.35	3.56
166.41	3.56
167.88	6.7
169.84	11.85
171.0	11.85
173.56	7.49
176.1	7.49
176.7	7.17
179.9	16.87
181.98	16.87
183.46	16.87
186.21	9.09
187.34	9.09
190.83	9.09
193.09	5.82
196.37	5.28
199.42	5.28
201.0	5.28
203.54	6.8
206.18	8.65
208.9	8.65
212.26	8.4
213.21	4.9
215.32	4.9
217.52	4.9
218.77	2.14
222.23	7.57
223.97	10.41
227.22	10.41
228.98	3.39
231.69	3.39
234.02	3.39
236.39	7.46
239.27	4.15
241.17	12.81
244.32	10.66
246.08	10.66
247.38	10.66
248.62	2.74
249.04	4.25
251.54	4.25
