3.12	6.74
5.41	6.74
8.35	6.74
10.99	7.95
12.46	14.81
15.17	14.81
16.45	14.81
18.6	0.35
21.77	0.35
24.45	0.35
27.35	6.18
30.11	3.03
33.43	3.03
35.19	3.03
38.54	1.45
39.77	1.45
41.34	1.45
44.73	9.03
44.91	9.03
45.44	14.91
46.93	14.91
49.82	15.72
52.36	15.72
55.13	15.72
56.47	6.68
57.36	6.68
60.32	6.68
61.41	15.49
64.18	15.49
67.53	15.49
70.71	13.89
70.91	10.98
72.36	10.98
72.58	10.98
73.3	3.64
76.48	8.93
77.33	9.12
80.39	9.12
83.04	14.53
86.5	14.53
88.12	8.12
88.37	8.12
90.58	4.02
91.95	12.46
95.32	12.46
97.68	15.75
99.02	15.75
100.0	8.78
101.5	8.78
104.47	8.78
106.54	10.87
107.48	9.33
110.78	0.58
113.99	0.58
117.06	0.58
118.22	15.57
120.33	9.99
121.91	2.98
125.18	2.98
127.59	2.98
130.22	11.01
131.36	1.51
133.96	16.04
134.35	16.04
136.51	16.04
139.47	9.44
142.91	0.71
145.16	6.49
146.79	6.49
148.73	5.07
149.81	5.07
152.29	5.07
155.03	13.52
156.72	13.52
157.87	3.37
161.18	3.37
161.93	14.37
164.35	14.37
165.55	14.37
168.04	13.03
168.95	13.03
172.14	13.03
174.4	8.66
174.62	11.35
176.46	11.35
178.92	0.87
181.28	0.87
183.0	16.0
185.9	16.0
186.38	16.0
186.83	14.07
190.3	14.07
191.49	14.07
192.27	11.9
193.98	11.9
194.81	11.9
196.92	5.7
197.59	12.21
197.79	12.21
198.97	4.7
199.48	4.7
202.34	4.7
202.54	10.82
204.64	14.15
204.79	14.15
207.29	14.15
209.03	6.22
209.46	6.22
209.85	6.22
210.17	8.18
211.66	7.32
212.44	13.52
215.12	13.52
216.67	13.52
217.23	12.74
217.77	15.14
218.19	12.79
220.18	5.02
221.63	5.02
223.09	16.01
224.23	16.01
227.62	16.01
229.85	2.95
232.91	2.95
233.14	15.89
233.94	15.89
237.44	8.61
240.18	0.61
241.98	15.46
242.44	15.46
244.79	15.46
245.64	8.86
246.69	6.53
249.11	14.03
251.62	14.03
