2.09	1.02
2.9	6.72
4.85	1.2
7.71	1.2
11.04	5.2
12.54	5.2
12.66	5.2
15.59	6.55
16.3	6.55
18.75	6.55
21.15	1.72
22.93	1.72
26.16	2.78
26.69	2.78
28.4	2.78
29.59	3.02
32.39	3.02
35.82	13.61
39.11	13.61
41.67	13.61
41.94	12.41
43.79	7.17
46.26	7.17
47.01	13.77
48.34	16.4
49.37	16.51
52.0	12.01
53.73	16.58
55.43	16.58
56.59	16.58
57.55	1.92
57.73	1.92
59.38	9.34
60.74	9.34
62.1	9.34
65.35	10.25
65.62	10.25
68.82	10.25
69.93	1.79
71.38	5.65
71.62	5.65
72.37	5.72
75.82	8.15
78.25	8.26
79.2	8.26
80.14	8.26
83.43	3.49
83.74	3.49
85.28	8.34
86.42	8.34
88.8	5.87
91.99	5.87
92.29	5.87
92.69	3.51
95.69	3.51
97.57	3.72
100.52	2.38
102.17	2.38
103.85	13.0
104.22	4.14
106.17	4.14
109.0	13.78
111.31	4.21
111.8	4.21
113.5	13.04
116.99	13.44
119.94	13.44
121.71	14.94
124.98	14.94
125.61	14.94
126.35	14.8
127.15	14.8
128.56	14.8
130.01	7.34
132.83	7.34
134.58	13.11
134.77	13.11
136.95	6.08
139.34	6.08
141.94	8.65
143.18	16.86
144.87	16.86
148.03	12.21
149.1	12.21
149.24	12.21
151.01	14.4
152.55	8.83
153.65	14.73
155.27	14.73
156.98	3.89
158.71	3.89
160.99	0.63
163.23	0.63
165.31	0.57
167.54	0.57
168.27	2.84
168.65	2.84
170.26	2.84
173.35	2.72
175.26	2.72
177.83	2.72
179.03	13.75
182.34	8.36
184.86	5.13
188.1	10.53
189.22	10.53
189.37	14.89
191.01	7.17
191.82	12.97
194.66	12.97
194.86	6.87
196.7	7.4
198.64	7.4
201.14	13.68
202.85	14.59
204.69	14.59
205.41	12.25
206.48	12.25
208.9	12.25
210.33	14.06
210.85	11.22
211.58	2.81
212.04	2.81
213.34	2.81
216.63	3.65
218.33	3.65
218.81	3.65
220.63	16.73
224.09	16.73
226.18	2.27
228.42	2.27
231.71	2.27
232.5	3.97
233.8	16.06
235.01	16.06
237.97	16.06
238.99	12.8
240.74	9.57
242.53	6.03
245.84	15.36
246.49	3.41
248.29	3.41
251.77	3.41
