0.22	2.63
3.29	8.67
3.49	8.99
3.64	8.99
6.28	8.99
7.93	2.48
9.53	2.48
12.54	2.48
15.01	15.1
16.78	15.1
20.2	3.08
21.4	3.08
23.45	3.08
26.73	15.87
28.06	15.87
29.69	3.89
31.06	3.89
31.9	11.05
33.27	11.16
34.68	11.16
35.56	11.16
36.85	6.63
38.94	6.63
41.71	8.47
42.53	8.47
43.43	11.58
45.61	11.58
47.36	11.58
48.65	2.54
49.7	2.54
50.23	11.12
52.37	11.12
53.02	10.69
54.96	10.69
57.01	7.33
59.55	7.33
60.54	8.33
63.75	8.33
64.13	8.33
65.09	5.72
68.49	5.72
68.75	5.72
68.87	5.79
70.84	5.79
74.17	15.48
76.77	15.48
78.81	8.37
80.18	4.09
83.62	4.09
85.06	0.53
88.26	0.53
89.15	0.53
90.96	16.29
92.07	16.29
93.28	16.29
93.84	1.58
94.29	1.58
95.62	1.58
95.81	4.4
97.43	6.27
100.63	5.53
100.98	5.53
103.67	5.53
104.25	3.99
107.12	3.99
110.58	1.53
113.85	11.64
114.06	11.64
115.2	11.64
116.97	3.22
118.65	3.22
118.81	3.22
121.08	3.94
123.12	6.43
124.63	8.97
128.03	8.97
130.88	8.97
134.15	10.32
136.34	9.71
139.16	9.71
142.61	12.31
142.92	12.31
144.05	1.08
146.81	0.6
150.28	0.6
152.96	0.22
154.81	12.42
156.73	13.68
157.92	13.68
160.14	13.68
161.73	6.01
162.63	6.01
165.74	6.01
168.37	4.72
168.8	4.72
170.49	4.72
171.25	4.42
173.68	10.69
177.07	10.69
180.52	10.69
183.62	1.55
183.91	6.6
185.57	6.6
185.83	6.6
189.32	0.93
189.97	0.93
191.77	15.61
193.86	15.61
194.38	5.98
197.44	5.98
199.9	0.75
203.28	5.42
206.49	4.03
209.6	4.03
210.06	14.98
210.28	14.98
211.11	14.98
213.84	1.63
215.64	15.8
215.97	11.24
218.6	11.24
220.32	7.59
221.58	8.04
222.43	6.69
223.05	6.69
225.93	0.57
228.35	7.15
229.71	0.51
232.96	0.51
233.68	0.51
234.11	5.62
236.26	5.62
238.59	6.79
240.65	6.79
241.24	3.28
242.98	3.28
244.37	6.21
245.84	15.23
247.21	15.23
248.76	12.26
252.02	12.26
