0.43	13.58
2.56	13.58
2.8	11.77
5.14	11.77
5.87	1.92
6.61	1.92
7.0	12.83
7.93	12.83
9.11	8.03
12.56	0.39
14.74	0.39
17.29	0.39
18.35	11.79
21.19	12.23
24.27	12.23
27.16	12.23
30.38	1.21
32.7	1.21
33.44	4.89
34.87	4.89
35.3	4.89
37.75	5.74
38.12	2.91
39.96	11.45
43.28	11.45
43.58	11.45
47.02	15.72
48.68	15.82
51.86	9.21
55.21	9.21
57.68	9.21
59.01	14.49
59.87	10.75
61.36	10.75
61.87	10.75
62.59	2.46
63.72	4.38
64.27	4.38
67.71	5.31
69.49	5.31
69.98	15.73
71.38	15.73
74.79	3.9
76.96	6.57
78.4	6.57
80.43	6.57
82.53	15.32
84.33	15.32
85.76	16.0
87.11	16.0
90.43	11.48
90.72	11.48
93.91	13.02
96.97	10.3
97.11	10.3
98.69	10.3
100.87	0.24
102.86	0.24
104.41	4.66
105.19	0.6
107.06	0.6
109.1	0.6
111.84	7.93
113.94	7.93
116.29	13.82
117.86	13.82
118.67	13.82
121.13	8.12
124.14	8.12
124.71	13.98
127.11	16.47
129.53	15.68
130.37	15.68
131.66	15.68
134.47	14.48
136.23	14.48
137.55	14.48
140.27	5.57
141.23	5.57
143.23	5.57
146.05	10.9
147.66	10.9
148.63	3.52
150.57	2.46
150.89	2.46
154.26	10.55
155.99	10.55
158.09	10.55
160.91	10.87
162.27	10.87
164.75	10.87
165.74	15.93
166.73	12.47
169.37	12.47
169.88	13.41
170.53	2.72
171.18	2.72
172.51	15.55
173.73	15.55
176.94	15.55
178.37	10.8
181.67	10.8
183.99	8.07
186.7	8.07
190.02	8.07
191.02	13.84
191.54	12.08
194.86	12.18
197.01	14.15
199.68	13.79
202.56	13.79
204.45	15.2
205.74	15.2
208.56	16.81
210.06	7.49
211.11	2.92
214.23	2.92
216.24	2.92
219.02	7.19
220.4	7.19
223.69	4.76
225.06	4.76
227.58	4.76
228.13	9.69
229.37	9.69
229.72	8.8
230.78	8.8
232.16	15.19
232.7	15.19
235.35	6.98
237.65	6.98
237.91	16.4
239.6	16.4
242.73	16.4
243.73	2.88
246.4	2.88
249.82	3.47
251.49	3.47
