0.93	4.68
3.77	4.68
5.98	10.09
8.73	15.2
9.24	15.2
11.26	15.2
13.68	1.35
14.76	12.89
17.09	12.89
19.24	12.89
19.37	5.65
19.81	5.65
21.02	5.65
23.97	15.95
27.08	6.89
30.23	6.89
33.35	11.51
35.8	11.51
38.25	11.51
41.57	9.39
44.27	9.39
44.57	9.39
45.58	3.56
45.86	3.56
49.25	3.33
49.36	3.33
51.96	4.61
54.29	4.61
56.52	0.87
59.47	3.93
59.6	3.93
61.9	2.37
64.3	2.37
67.31	15.09
68.53	15.09
70.93	15.09
71.1	6.53
71.92	6.53
74.35	10.8
75.82	10.8
76.97	15.13
79.67	15.13
80.42	5.16
81.53	5.16
81.78	5.16
83.69	13.73
86.67	13.73
89.8	7.0
90.48	8.31
91.99	10.73
93.5	10.73
94.55	10.73
94.9	3.56
96.36	3.56
99.67	16.67
100.22	16.67
103.71	16.67
105.33	2.04
107.11	2.04
109.78	2.04
110.48	9.67
113.37	15.98
115.26	15.98
115.65	15.98
119.11	0.67
119.35	0.67
120.26	12.25
122.33	14.47
122.68	14.47
123.67	14.47
126.99	8.9
127.97	8.9
130.32	0.5
132.25	6.36
134.88	6.36
136.75	6.36
138.0	13.75
138.12	13.75
139.2	10.99
142.07	16.68
144.33	16.68
147.28	0.71
149.71	0.71
149.86	0.71
150.43	13.53
153.61	12.59
155.79	12.59
157.88	12.59
159.76	8.4
159.93	15.34
163.4	15.34
166.65	15.34
167.1	16.97
170.32	16.97
171.66	16.97
173.23	7.44
176.41	7.44
178.22	7.48
181.44	14.62
182.21	14.62
185.65	14.62
186.5	12.09
189.69	12.09
190.12	2.28
190.42	2.28
193.6	2.28
195.8	7.55
196.07	13.02
199.19	13.02
201.6	6.55
204.51	6.55
205.21	6.55
206.88	8.07
209.29	11.36
212.32	6.61
214.58	6.61
215.56	10.93
216.99	10.93
218.23	5.87
221.64	0.64
224.26	1.77
226.82	11.82
229.5	11.82
232.81	7.14
235.47	7.14
237.09	13.54
239.58	13.54
241.41	13.54
244.36	11.98
247.25	11.98
247.36	10.78
250.43	10.78
