1.71	7.24
2.77	7.77
2.97	10.3
5.15	10.3
7.0	10.3
8.67	9.49
10.36	9.49
10.56	13.47
11.89	15.48
14.35	1.24
16.98	12.29
17.43	12.29
17.58	13.71
20.74	13.71
21.8	13.71
24.25	6.76
24.45	6.76
25.62	3.03
27.58	3.03
28.13	3.03
30.2	13.98
32.34	13.98
34.83	9.94
35.75	9.94
38.25	9.94
39.95	14.39
42.0	2.83
45.03	0.59
45.72	0.59
46.97	0.59
49.23	8.06
52.17	8.06
52.28	8.06
52.75	1.92
53.55	1.92
54.13	1.92
56.14	5.5
57.18	5.5
58.62	5.5
61.95	3.95
64.68	3.16
65.67	3.16
68.49	6.27
69.69	6.27
73.15	6.27
75.93	10.9
79.22	0.99
82.41	0.99
83.19	0.99
85.54	15.42
88.07	15.42
90.03	15.42
92.98	8.18
95.38	8.48
98.38	8.48
101.23	10.5
104.01	10.5
106.34	10.75
107.9	10.75
108.28	10.75
108.39	2.29
109.79	2.29
112.68	14.92
114.91	14.92
116.18	14.92
118.88	2.2
119.81	8.12
120.04	8.12
122.18	8.12
123.96	5.42
126.33	5.42
126.86	15.57
127.04	14.23
128.01	14.23
128.95	10.38
130.05	14.56
132.8	10.84
133.98	10.84
136.35	4.78
139.81	4.78
141.69	4.78
143.84	11.93
144.71	1.16
147.17	1.16
147.92	4.93
151.42	3.86
153.53	3.86
154.56	3.86
155.9	5.95
158.13	5.95
160.79	5.95
162.61	3.03
163.09	7.77
165.79	7.77
166.5	7.77
166.96	12.61
170.19	12.61
172.06	12.61
175.53	8.54
178.13	8.54
180.6	8.74
183.78	8.74
183.9	8.74
184.15	4.44
185.41	12.06
185.79	5.8
187.21	5.8
188.76	5.8
191.32	8.66
192.57	8.66
192.95	8.66
195.28	9.16
197.97	9.16
200.93	13.93
204.27	15.62
206.42	15.62
207.59	0.21
208.56	0.21
209.68	10.36
210.22	10.56
212.59	10.56
215.69	10.56
219.01	7.15
221.97	9.53
222.61	6.44
223.18	6.44
226.56	6.44
229.2	14.69
230.37	14.69
233.86	14.69
234.51	6.05
237.49	0.8
240.87	0.8
243.54	4.16
244.83	4.16
247.62	15.64
250.55	15.64
