0.76	2.89
0.89	2.89
3.49	2.89
3.98	4.48
4.83	1.11
6.88	1.11
9.03	1.11
10.71	16.35
11.72	12.14
13.04	6.22
13.83	6.22
15.97	6.22
17.99	8.42
18.37	8.42
19.8	8.42
23.12	16.85
26.53	16.85
29.01	16.85
29.64	6.05
30.07	6.05
33.28	6.05
34.36	10.55
35.97	5.63
38.02	5.63
40.16	1.15
40.87	1.15
43.53	1.15
44.51	3.35
45.63	3.35
45.97	13.93
48.86	13.93
51.0	13.93
54.07	13.45
55.8	13.45
57.89	13.45
61.1	11.58
61.49	8.91
62.81	12.5
65.93	12.93
66.34	1.65
68.29	1.65
71.4	1.65
73.3	11.4
74.71	11.4
76.51	11.4
78.73	4.79
80.89	4.47
83.03	4.47
86.1	7.77
86.59	7.77
88.34	0.34
89.79	0.62
90.84	0.62
93.43	0.62
94.54	0.91
97.2	0.91
98.71	0.91
100.65	8.67
101.93	8.67
103.43	16.91
105.97	16.91
108.46	13.09
111.53	13.09
112.88	13.09
114.96	1.04
116.87	1.04
117.13	1.04
118.83	7.61
120.94	4.44
124.15	9.55
124.48	9.55
125.9	9.55
128.66	14.69
131.38	14.69
131.57	14.69
134.83	1.75
137.83	5.22
137.95	5.22
140.32	5.22
143.4	3.12
146.1	3.12
147.62	3.12
149.65	1.56
150.09	6.88
152.25	6.88
153.87	6.88
155.04	10.89
156.52	10.89
158.08	7.94
159.1	16.7
160.32	16.7
160.87	10.03
161.1	10.03
162.62	5.48
165.23	5.48
166.54	13.54
167.33	11.41
168.97	6.37
171.49	12.52
174.68	12.52
174.99	0.68
175.47	0.68
176.98	14.45
177.22	14.45
178.49	0.78
180.37	0.78
183.26	16.72
186.46	0.97
189.68	0.97
192.35	15.55
193.29	9.06
193.7	9.06
195.98	9.06
197.45	14.85
198.69	14.85
200.29	14.85
202.59	8.09
205.64	8.09
207.42	8.09
210.86	0.28
211.98	0.28
215.28	14.16
217.24	14.16
218.9	10.32
220.92	9.56
223.09	0.98
225.29	0.45
226.95	0.45
228.67	5.34
230.19	5.34
233.41	5.34
234.75	13.5
237.4	9.7
238.51	2.09
240.8	11.84
244.24	16.42
246.13	15.86
246.24	10.07
247.87	9.0
248.71	9.0
250.0	9.0
