2.94	5.14
6.02	5.51
6.85	1.22
9.54	1.22
10.31	1.22
12.54	7.39
14.47	13.63
15.19	13.63
16.34	13.63
19.68	0.53
19.88	8.54
21.27	8.54
23.74	8.54
26.5	16.87
27.46	0.67
28.52	11.86
29.47	11.86
32.43	11.86
35.06	2.89
37.84	1.75
37.98	1.75
39.72	12.73
41.58	12.73
43.05	12.73
43.38	9.94
44.83	9.19
45.55	9.19
48.76	9.19
50.44	0.97
50.8	0.97
54.12	0.97
55.23	10.16
58.34	10.16
60.82	10.16
63.37	8.49
64.21	1.71
66.72	1.71
68.74	7.08
69.87	7.08
72.86	4.27
74.31	0.8
74.96	2.97
76.26	2.97
79.29	14.03
80.91	14.03
82.03	10.86
84.64	10.86
87.34	0.63
87.57	0.63
88.51	0.63
90.38	15.18
91.84	15.1
92.27	15.1
92.71	15.1
94.07	5.54
95.91	5.54
97.92	4.33
100.61	14.67
101.97	0.5
103.31	0.5
104.9	0.5
106.99	13.1
109.42	13.1
111.42	5.2
112.82	5.2
115.71	5.2
117.46	4.09
118.86	4.09
120.46	5.13
122.09	5.13
124.53	5.13
126.11	11.13
128.87	12.79
129.93	12.79
130.06	12.69
131.23	9.03
131.81	9.03
132.01	9.04
134.77	9.04
135.2	13.76
135.37	13.76
137.26	13.76
137.88	12.61
140.86	12.61
142.91	12.61
145.0	10.43
147.54	10.43
148.59	8.09
149.6	8.09
151.31	5.92
152.65	11.22
154.71	11.22
157.95	11.22
161.13	2.77
162.83	3.22
166.06	3.22
168.01	3.22
169.07	13.64
169.59	5.26
171.19	5.26
173.42	5.26
176.52	13.52
178.29	13.52
179.22	13.52
181.81	13.7
182.78	13.7
185.38	13.7
185.53	9.09
188.32	9.09
191.15	9.09
192.94	9.79
193.88	9.79
196.74	9.79
198.91	16.38
200.63	16.38
203.81	16.38
205.66	8.17
208.96	8.17
210.41	9.49
213.68	9.49
215.63	9.49
217.62	16.87
218.45	16.87
221.07	16.87
223.56	4.66
225.37	15.08
227.57	1.51
230.89	1.51
232.89	1.51
233.81	9.43
233.91	6.77
234.07	6.77
235.94	6.77
238.81	0.76
240.02	0.76
240.9	0.76
242.72	11.24
244.29	11.24
245.02	12.05
247.13	11.46
248.05	11.46
250.72	11.46
