2.33	7.6
3.98	14.7
6.45	14.7
8.1	8.42
10.95	8.42
14.37	5.15
15.39	5.15
15.74	3.91
17.09	10.26
19.96	15.63
21.2	15.63
24.08	15.63
25.6	5.12
27.81	14.97
30.05	2.16
30.42	2.16
32.68	9.06
34.46	14.28
36.04	14.28
36.32	4.48
38.07	4.48
41.04	6.43
42.62	6.43
44.15	6.43
47.26	15.48
47.47	15.48
50.75	15.48
53.62	7.49
54.01	7.49
56.32	7.49
56.62	10.89
59.54	4.77
62.9	4.77
65.43	15.29
67.4	15.29
67.81	7.43
70.04	7.43
70.79	7.43
71.23	8.32
73.97	8.32
74.69	12.7
77.47	6.11
78.29	6.71
81.35	3.53
84.84	3.53
85.63	3.53
86.86	9.0
88.6	9.0
89.94	10.61
92.47	10.61
95.04	0.76
95.73	0.76
97.06	0.76
98.73	1.68
99.44	1.68
102.41	1.68
105.62	11.49
108.1	11.49
110.2	11.49
112.09	4.87
114.31	15.0
117.09	15.0
120.34	1.36
122.26	1.36
124.7	8.6
124.85	8.6
125.93	8.6
127.28	13.26
130.33	13.26
132.2	10.5
135.36	10.5
137.88	10.5
140.74	6.54
142.22	6.54
145.34	6.71
147.18	6.71
150.59	9.47
153.11	9.47
154.35	9.47
157.15	16.02
158.49	16.02
159.74	13.68
163.2	13.68
166.48	13.68
168.31	10.38
169.77	10.38
173.23	10.38
174.96	12.88
176.31	12.88
177.29	12.88
177.94	10.4
180.61	9.47
181.48	9.47
184.28	9.47
184.77	11.23
187.69	11.23
189.02	0.84
191.23	0.84
193.3	14.54
196.58	14.54
199.88	14.54
200.37	9.78
203.09	9.78
206.33	9.78
208.14	6.88
209.03	6.88
210.25	6.88
212.37	2.01
215.65	2.01
216.37	2.01
218.43	15.84
221.62	15.84
222.94	9.51
225.35	9.51
228.67	9.51
230.45	11.12
233.09	11.12
233.86	11.12
234.84	6.48
235.25	6.48
237.12	6.48
238.13	10.42
240.16	16.46
241.23	11.63
241.76	15.2
242.4	15.2
245.9	15.2
248.85	1.75
251.77	8.19
