1.03	0.36
4.09	0.36
5.46	10.63
6.03	10.63
8.16	10.63
8.39	11.96
9.05	13.64
9.31	13.64
10.26	13.64
13.17	4.25
16.66	4.13
19.51	7.8
19.62	7.8
20.51	7.8
21.21	5.27
23.39	5.27
25.32	15.86
26.71	4.48
27.2	1.87
28.28	1.87
29.59	11.57
29.96	11.57
31.77	11.57
34.15	0.49
37.39	14.3
39.61	14.3
39.99	14.3
42.33	6.41
44.11	4.23
46.7	4.23
48.24	1.65
49.23	1.65
50.15	1.92
53.16	10.94
55.93	10.94
56.38	10.94
59.58	11.16
60.7	11.19
61.35	11.19
64.0	11.19
66.23	12.87
67.77	12.87
68.57	16.57
71.53	14.19
73.1	15.7
76.14	15.7
79.26	11.55
82.65	11.55
85.46	5.67
87.09	1.6
90.13	13.54
92.59	13.54
94.29	12.54
97.46	12.54
100.26	12.54
102.46	1.18
105.96	1.18
108.18	15.59
111.43	15.59
111.91	11.77
113.32	11.77
115.65	6.61
118.11	6.61
120.26	6.61
122.36	8.41
123.47	4.7
125.11	4.7
127.26	5.69
129.24	16.08
132.36	2.22
132.86	5.2
135.22	5.2
137.3	14.89
140.68	14.89
142.0	14.89
144.86	2.92
147.32	2.92
150.56	15.71
150.98	15.71
153.98	4.12
154.09	4.12
155.51	9.38
157.42	12.27
160.12	12.27
162.82	12.27
163.94	6.93
165.17	6.93
167.78	2.82
169.04	12.79
170.96	12.79
171.56	12.79
172.2	9.37
174.47	16.53
177.53	16.53
180.12	9.07
183.37	9.07
186.62	4.27
189.29	4.5
192.39	4.5
193.12	4.5
194.13	11.99
196.5	13.99
198.28	11.32
200.69	11.32
201.81	7.3
204.22	7.3
205.84	4.44
208.09	4.44
208.49	4.44
210.68	9.33
211.27	9.33
211.55	14.76
213.73	2.04
216.5	2.04
218.14	13.91
220.72	13.91
221.61	13.91
222.16	0.72
224.8	0.7
225.21	0.7
226.04	0.7
229.41	10.92
230.44	10.92
232.03	10.92
232.5	2.9
235.97	15.37
237.04	6.4
240.2	10.18
243.53	10.18
246.17	10.18
246.59	4.99
247.11	15.26
247.71	15.26
251.05	15.26
