0.31	11.45
1.77	11.78
3.49	15.07
6.82	15.07
8.37	10.4
10.89	10.4
11.5	10.18
14.06	10.18
16.56	10.18
19.09	3.02
20.39	3.02
21.8	7.79
23.58	7.27
24.4	10.16
27.88	10.16
28.12	10.16
28.53	10.61
32.02	10.61
34.82	10.61
35.82	11.98
37.4	11.98
39.89	11.98
43.39	1.65
45.24	1.65
46.69	1.65
48.63	14.33
51.61	5.93
51.87	0.25
53.26	0.25
56.32	5.54
57.48	5.54
57.91	5.54
58.17	16.17
60.9	16.17
61.74	8.69
64.41	9.0
65.28	9.0
67.3	8.19
67.6	8.19
69.34	8.19
72.84	13.46
75.55	16.47
78.31	16.57
81.28	11.15
84.45	11.15
86.5	15.48
89.17	15.48
90.25	1.61
90.85	1.61
93.25	5.38
95.23	6.79
98.38	3.61
99.24	3.61
100.21	3.61
102.15	13.05
105.27	13.05
105.98	14.61
108.49	14.61
108.77	14.61
109.32	10.28
112.6	10.28
113.06	10.28
114.61	16.82
116.37	16.82
119.73	3.63
120.84	3.63
122.82	16.44
123.43	16.44
124.67	16.44
126.86	8.64
129.96	8.64
133.24	5.64
136.2	5.64
138.91	14.03
141.44	14.03
143.09	12.52
145.79	5.19
146.47	10.39
148.14	13.38
151.01	13.38
152.49	0.91
153.82	3.04
155.1	3.04
158.22	3.04
159.41	4.92
161.79	2.89
162.41	2.69
163.06	0.67
166.32	1.11
169.53	10.04
169.98	10.04
170.51	6.27
171.58	14.4
172.77	14.4
173.68	12.72
176.72	12.72
178.7	10.3
181.53	10.3
182.04	16.85
184.19	16.85
187.05	5.79
188.24	5.79
189.38	5.79
190.4	11.17
190.78	6.32
191.82	6.32
194.93	6.32
196.59	8.86
199.85	7.09
200.88	7.09
204.28	4.0
206.83	0.37
207.96	1.87
208.76	1.87
210.06	4.39
211.99	4.39
213.13	1.4
214.0	14.56
216.27	14.56
219.34	14.56
222.8	0.72
223.13	0.72
224.75	0.72
225.97	5.67
227.61	5.67
229.8	9.76
233.04	9.76
234.18	3.65
235.18	3.65
238.22	3.65
238.79	3.37
240.51	3.37
241.08	10.9
242.07	10.06
244.79	10.06
246.45	10.06
247.02	10.09
247.87	10.31
250.89	9.65
