3.01	2.01
6.13	0.76
7.79	0.76
9.02	2.97
12.37	16.25
13.14	16.25
14.76	14.71
16.19	14.71
18.83	10.82
20.5	10.82
22.9	7.61
25.89	7.61
26.49	7.61
29.74	2.14
32.75	2.14
34.42	16.46
35.55	15.25
36.9	6.68
37.65	6.68
39.13	7.15
41.65	13.15
41.83	13.15
43.5	13.15
44.12	16.66
46.1	0.83
46.39	0.83
46.79	0.83
49.25	6.17
49.43	6.17
52.85	6.17
54.17	4.81
57.43	4.81
59.67	0.88
61.97	0.88
63.81	9.18
64.23	11.63
67.44	11.63
68.9	0.8
71.58	0.8
71.77	1.49
74.82	1.49
76.23	1.49
77.4	10.9
79.12	10.9
80.77	8.48
82.56	8.48
85.6	8.48
88.83	10.99
91.11	10.99
91.66	0.43
91.87	0.43
93.16	15.72
93.82	15.72
95.19	8.21
96.99	11.05
100.17	11.05
103.09	11.05
106.19	11.25
108.51	9.55
109.56	9.55
110.55	13.27
112.24	13.27
113.37	5.94
116.74	4.25
118.11	0.34
120.62	0.34
121.42	0.34
123.11	9.01
126.37	9.01
126.88	9.01
128.96	4.77
131.36	4.77
132.63	3.22
133.52	3.22
136.78	9.55
136.97	9.55
138.67	9.55
140.86	14.42
143.87	14.42
146.44	4.73
147.49	5.95
149.88	1.83
152.15	1.83
155.55	13.67
156.13	1.62
159.54	1.62
161.55	1.62
163.22	7.96
163.61	7.96
164.46	10.13
166.24	10.13
167.38	10.13
170.25	15.69
172.13	15.69
172.82	11.59
175.56	11.59
177.05	0.99
179.78	0.99
182.18	0.99
184.7	14.66
185.19	14.66
185.3	12.78
187.01	12.78
187.59	12.78
189.33	9.87
190.73	9.87
192.74	9.87
193.89	16.56
194.48	16.56
195.42	9.4
197.41	9.4
199.69	9.4
201.08	13.31
203.98	13.31
206.05	13.31
206.38	14.91
209.39	0.42
211.57	0.42
213.78	0.42
214.42	8.13
214.77	14.8
217.55	14.8
220.22	2.82
223.71	5.48
226.68	5.48
229.66	5.48
232.59	11.08
235.66	11.08
236.92	11.08
238.46	10.98
239.91	10.98
242.59	3.4
245.25	3.4
248.2	9.73
250.29	13.91
