0.82	7.35
3.26	7.35
4.91	6.67
7.2	3.14
10.68	3.14
13.5	13.8
16.77	10.32
19.74	10.32
22.13	10.32
22.89	8.87
24.02	8.87
26.16	3.74
26.55	8.13
26.87	8.13
28.17	8.13
30.9	8.02
32.75	8.02
35.96	16.7
38.35	12.87
40.9	2.05
43.27	2.05
45.46	2.05
46.71	5.24
49.84	6.22
51.13	6.22
53.12	6.22
53.51	4.9
54.27	7.53
57.44	7.53
59.72	7.53
60.63	13.31
63.24	13.31
65.44	0.44
68.34	9.4
70.07	9.4
71.7	9.4
72.86	7.83
73.71	1.7
76.05	1.7
78.9	1.7
80.73	6.05
81.72	6.05
85.02	0.6
85.33	0.6
87.73	6.37
90.51	6.37
92.22	6.28
94.14	6.28
95.18	4.13
97.36	9.66
99.2	9.66
101.74	8.61
104.12	0.29
104.45	0.29
107.23	2.54
107.5	2.54
108.69	2.54
111.22	5.36
112.88	1.56
114.84	1.8
115.45	1.8
115.75	2.87
118.21	2.87
121.61	2.87
122.21	4.62
124.65	15.72
126.95	15.72
127.13	15.55
130.01	15.55
131.77	15.55
134.84	9.09
136.31	2.91
138.75	2.91
142.06	2.91
142.53	9.61
144.85	9.61
148.32	2.13
148.56	10.26
149.99	10.26
150.69	10.26
151.58	0.77
152.81	16.26
154.08	16.26
157.24	16.26
160.46	2.7
161.01	2.7
163.59	10.75
166.09	10.75
166.7	9.59
170.04	14.33
170.97	14.33
173.61	11.29
175.68	11.29
177.32	11.29
179.35	13.74
180.48	13.74
181.48	7.99
184.96	7.99
188.31	7.99
191.76	14.25
193.64	14.25
194.79	1.14
196.57	13.98
196.73	6.8
199.02	7.01
202.26	9.46
202.88	9.46
205.28	9.46
207.39	12.0
209.77	12.0
212.76	5.1
214.8	12.12
217.74	3.43
221.17	3.43
223.43	10.16
224.45	10.16
225.87	10.16
227.1	4.67
229.32	4.67
230.4	1.88
233.14	1.88
235.11	6.02
237.74	6.02
238.94	16.75
240.95	13.04
243.64	13.04
246.19	13.04
247.23	16.16
247.33	16.16
248.13	1.96
250.19	1.96
