2.65	6.1
5.05	6.1
7.76	6.1
7.95	6.25
9.17	6.25
11.55	6.25
14.74	15.85
17.74	15.85
18.62	10.25
20.22	10.25
22.83	10.25
26.03	4.26
27.45	4.26
30.72	16.87
33.06	0.74
35.48	0.74
37.02	0.74
40.03	14.02
42.29	14.02
44.62	16.29
44.72	16.29
46.76	16.29
49.81	11.58
51.66	11.58
51.98	11.58
53.05	1.78
55.06	1.78
55.51	6.23
55.63	16.28
58.13	16.28
61.52	16.28
62.81	8.33
65.95	8.33
67.85	9.18
70.97	9.84
73.91	9.84
76.88	9.84
78.58	1.85
78.9	1.85
82.16	1.85
84.52	15.06
87.81	15.06
90.55	15.06
93.48	7.73
95.68	7.73
98.77	2.74
101.23	2.74
102.6	8.37
104.77	8.37
105.52	5.17
106.37	5.17
107.35	5.17
110.21	16.82
110.35	8.11
111.69	8.11
111.99	8.03
114.94	8.03
115.22	12.85
116.29	9.76
118.98	9.76
120.74	9.76
121.08	2.56
123.84	8.39
126.32	9.45
128.21	9.45
131.44	9.45
134.71	9.11
135.37	9.11
136.02	16.19
138.86	16.19
140.26	16.19
142.16	2.44
144.56	2.44
145.72	2.77
147.23	2.77
148.3	5.69
149.05	11.9
151.59	11.9
151.9	11.9
154.57	0.58
154.72	13.91
156.16	13.91
158.46	7.35
161.0	7.35
163.32	6.25
164.12	6.25
166.5	7.8
169.45	7.8
169.76	5.6
170.13	5.6
171.42	5.6
174.1	15.2
175.08	15.2
175.82	15.2
179.11	13.05
180.84	13.05
182.51	13.05
184.77	9.42
186.92	9.42
189.53	11.91
190.49	11.91
190.66	11.91
192.22	8.22
194.95	4.76
196.41	6.63
198.82	6.63
201.59	6.63
203.0	14.34
203.65	14.34
205.74	8.62
206.06	8.62
208.63	8.62
209.13	0.43
211.05	0.43
213.9	6.81
216.85	6.81
217.68	6.81
218.39	6.49
221.1	6.49
223.67	2.85
224.25	2.85
225.88	2.85
226.64	14.28
227.09	14.28
229.82	5.17
231.41	5.17
234.74	5.17
237.0	3.64
239.03	3.64
239.25	16.98
240.04	16.98
243.17	16.98
244.77	5.7
247.53	5.7
249.85	0.37
251.54	2.01
