0.81	6.09
2.48	7.73
3.44	4.09
6.0	4.09
8.21	4.09
11.48	10.46
14.94	10.46
15.79	10.46
17.78	9.15
20.73	8.0
21.78	11.73
23.18	15.84
26.21	1.08
28.96	10.95
31.73	10.95
35.16	10.95
35.49	6.02
38.5	6.34
39.82	6.34
40.65	6.34
42.46	10.44
44.64	1.61
46.01	4.89
46.19	14.22
47.87	14.22
50.75	14.22
52.87	10.09
55.91	10.09
58.56	6.81
61.29	7.6
61.9	10.31
64.6	10.31
66.9	10.31
67.63	8.2
67.96	8.2
70.29	7.85
72.01	14.12
73.05	2.3
75.81	2.3
76.45	2.3
77.13	16.53
79.69	2.4
80.51	2.4
82.13	6.39
84.89	6.39
85.56	4.35
86.63	3.63
87.04	3.63
87.69	9.27
90.74	9.27
94.17	5.1
94.54	6.14
95.31	6.14
98.7	6.14
101.53	11.32
104.41	5.41
106.5	12.66
106.91	12.66
107.93	12.66
110.65	2.18
112.87	2.18
114.96	2.18
115.95	6.5
117.41	6.5
119.55	6.5
122.18	16.77
124.32	16.77
125.78	16.77
126.73	13.64
127.8	13.64
129.4	13.64
132.35	4.23
133.74	4.23
135.81	5.18
137.69	5.18
137.92	12.2
138.74	12.2
141.77	12.2
143.98	14.63
145.54	14.63
147.5	1.08
149.91	1.08
152.51	1.08
154.57	11.3
155.4	11.3
158.0	13.73
161.23	13.73
163.41	6.23
163.89	14.91
166.36	10.97
167.01	10.97
167.55	5.13
170.49	5.13
173.45	10.49
175.19	10.49
178.24	1.77
180.81	1.77
184.24	1.77
185.42	3.42
187.62	3.42
189.62	5.15
191.91	5.15
195.28	7.94
197.21	7.94
200.61	7.94
202.97	12.09
203.86	12.09
205.2	12.09
207.39	16.6
207.89	8.24
208.19	4.65
209.42	5.7
210.95	5.7
213.11	5.7
216.49	11.68
217.92	11.68
218.72	4.18
220.09	4.18
222.62	7.31
222.77	7.31
225.41	7.31
226.88	1.1
228.93	1.83
229.17	1.83
230.84	1.83
233.95	9.81
234.81	9.81
237.93	9.81
240.86	9.72
243.82	9.72
246.77	9.72
248.61	3.64
250.42	10.12
