2.56	12.03
3.29	12.03
6.0	6.55
8.68	6.55
11.83	6.81
13.09	6.81
14.32	6.81
16.6	11.03
16.79	14.45
18.26	14.45
21.19	14.45
21.75	10.66
22.56	11.93
25.76	11.93
26.36	16.37
27.37	16.37
29.97	16.37
31.11	2.89
33.53	2.89
34.84	2.89
37.0	4.44
38.12	4.44
40.58	13.32
40.68	0.28
42.11	0.28
43.57	13.89
46.16	13.89
47.74	13.89
51.18	0.39
53.42	0.39
53.77	2.59
56.67	2.59
57.98	10.37
58.18	10.37
61.05	2.06
62.13	2.06
64.7	5.77
67.82	5.77
69.4	5.77
72.01	10.48
74.64	11.98
76.09	11.98
77.41	11.98
80.61	14.76
81.17	14.76
84.44	14.76
84.58	12.09
87.21	12.09
88.89	14.49
91.23	14.49
92.44	14.49
95.67	4.0
97.47	4.0
100.14	4.0
103.46	9.65
104.05	9.65
107.04	3.38
110.34	7.34
112.89	3.05
115.86	9.79
117.29	6.32
120.07	6.32
123.1	16.68
124.0	13.5
124.43	13.5
125.22	1.21
127.48	1.21
130.03	1.21
130.77	5.25
132.15	10.57
135.4	1.61
138.32	1.61
140.19	1.61
140.86	15.01
143.12	15.01
144.62	12.38
144.91	12.38
146.88	3.5
148.61	3.5
149.36	3.5
150.58	1.07
151.15	1.07
154.0	1.07
154.88	4.97
155.25	4.97
157.62	4.97
158.49	16.76
161.88	5.93
163.74	10.03
166.81	10.03
168.2	10.03
169.21	5.06
170.56	5.06
172.41	5.06
175.15	8.57
175.99	8.57
176.42	3.56
178.77	15.4
179.12	15.4
180.19	4.06
181.73	5.24
182.34	5.24
183.18	8.03
183.96	8.03
187.13	8.03
188.09	4.24
190.2	4.24
192.45	15.46
194.83	15.46
195.58	12.99
197.41	12.99
200.07	0.21
200.53	0.21
202.47	12.09
203.1	12.09
205.69	16.56
206.6	16.56
207.92	2.76
209.43	2.76
210.8	2.76
212.98	0.64
213.65	0.64
217.11	5.14
220.0	5.14
222.07	5.14
225.53	5.4
228.8	5.4
231.54	5.39
233.45	5.39
234.49	14.65
235.62	15.82
236.25	15.82
237.97	12.89
239.05	1.35
241.08	1.35
244.37	11.26
245.95	11.26
247.86	5.38
250.75	16.02
