2.67	7.54
4.0	11.47
5.78	11.47
6.59	9.78
9.88	1.06
10.59	1.06
12.05	1.06
14.62	8.5
14.97	8.5
18.0	8.5
20.63	9.12
23.62	9.12
25.15	9.74
25.79	6.61
26.27	6.61
26.52	15.71
27.22	15.71
29.51	15.71
30.35	4.54
32.71	12.26
34.67	12.26
35.16	12.26
37.73	2.16
39.58	4.39
41.84	11.54
44.33	11.54
45.35	11.54
45.59	2.62
45.99	16.84
48.96	16.84
50.29	16.84
52.51	13.84
54.72	13.84
57.58	4.9
59.41	4.9
61.47	4.9
63.24	11.37
65.37	11.37
66.09	11.37
67.92	14.91
70.9	14.91
72.24	14.91
74.74	12.08
76.79	11.08
77.56	11.08
79.83	11.08
82.52	3.0
84.54	11.81
86.94	15.76
87.22	4.65
89.12	0.48
92.04	3.44
94.22	3.44
97.36	2.38
100.34	2.38
103.37	2.38
105.16	14.85
108.33	14.85
110.85	6.04
111.63	3.09
112.74	3.09
114.69	3.09
117.79	11.53
119.45	7.32
122.92	5.57
125.01	5.57
128.17	10.12
129.03	10.12
132.11	10.12
135.38	7.1
137.35	7.1
138.28	7.1
139.03	12.93
139.98	12.93
141.57	12.93
143.14	9.18
146.35	9.18
148.68	4.29
151.65	4.29
154.28	4.29
154.47	8.5
155.48	15.04
156.2	15.04
156.39	4.91
157.5	4.91
158.28	4.91
158.78	13.8
160.66	15.23
160.93	9.47
163.24	13.89
165.36	14.86
165.77	14.86
168.28	4.52
168.9	4.52
171.24	4.52
172.41	6.1
175.45	14.14
178.41	14.14
179.31	14.14
182.53	14.23
186.03	14.23
186.89	14.23
187.77	4.85
190.38	4.85
191.84	4.85
194.78	1.14
198.08	1.14
199.64	0.62
201.24	10.41
201.59	16.47
204.04	8.54
204.52	8.54
207.97	1.72
210.18	1.72
210.89	0.72
212.7	0.72
213.66	0.72
217.1	6.5
218.87	6.5
221.42	12.8
222.46	12.13
223.56	12.13
224.58	15.27
226.63	15.27
228.04	15.27
229.71	6.32
230.9	8.12
231.74	8.15
232.26	8.15
235.65	8.15
239.01	11.76
242.0	11.76
245.28	1.02
246.99	1.02
247.82	15.93
247.99	15.93
251.36	8.26
