0.41	3.94
0.98	3.94
1.5	3.94
4.03	8.73
4.23	12.35
5.08	12.35
7.82	12.35
9.23	8.6
12.4	8.6
14.41	8.6
15.81	9.44
18.58	9.44
20.82	9.44
24.31	0.43
24.71	0.43
25.43	15.57
26.61	8.9
30.02	8.9
32.29	7.04
33.72	11.63
34.08	15.15
34.46	15.15
37.56	15.21
39.73	11.52
40.04	11.52
40.81	11.52
41.6	11.39
43.03	12.02
44.22	12.02
47.25	6.49
49.02	6.49
51.15	6.49
54.38	16.21
55.51	7.81
57.38	7.81
59.28	10.79
62.66	10.79
62.78	0.29
66.03	0.29
66.66	0.29
66.84	9.19
68.53	9.19
68.89	15.37
70.02	16.87
71.24	16.87
74.13	16.87
75.97	5.51
79.31	5.51
82.52	5.51
82.7	15.4
83.21	15.4
86.2	7.34
89.11	3.26
91.72	3.26
92.15	3.26
92.49	2.11
93.04	2.11
95.56	2.11
95.91	16.37
96.22	3.44
99.08	3.44
99.53	6.57
101.39	6.57
103.01	6.57
105.94	9.1
106.37	9.1
109.42	2.58
110.82	2.58
113.97	12.07
115.7	12.07
118.6	6.94
120.55	6.94
123.46	6.94
126.78	12.79
128.48	1.24
130.93	1.24
132.66	5.63
134.56	5.63
134.89	5.63
137.52	5.15
138.41	5.15
141.1	8.49
142.42	8.49
143.32	16.26
145.04	16.26
145.97	3.51
149.11	6.48
151.03	6.48
153.41	6.48
154.48	15.01
157.61	15.01
159.27	15.01
160.76	2.05
163.81	13.61
164.53	13.61
166.72	13.61
167.73	5.48
170.79	5.48
173.15	5.48
173.55	9.05
175.85	9.05
177.66	8.77
177.85	8.77
180.81	8.02
182.44	8.02
182.91	5.91
183.6	16.6
185.35	16.6
188.75	16.6
190.75	4.56
194.13	4.56
196.77	14.02
198.31	14.02
199.89	14.02
202.13	0.25
203.79	0.25
204.33	0.25
205.91	5.68
207.75	5.68
207.91	14.2
211.03	8.42
214.06	8.42
216.52	16.13
218.2	16.13
219.81	16.13
222.58	14.76
225.12	14.76
226.2	14.76
227.17	14.01
228.34	3.95
230.57	3.95
231.59	11.07
233.67	11.07
234.76	9.8
237.61	9.8
240.24	9.06
241.31	10.43
244.17	10.43
245.03	10.43
246.43	6.88
249.69	7.97
252.09	7.97
