0.11	5.61
2.78	5.61
4.02	5.99
5.61	5.99
7.54	5.62
8.62	5.62
10.77	5.62
11.71	12.11
12.43	12.94
12.75	15.91
14.4	3.35
15.33	3.35
16.58	3.35
18.12	4.35
18.78	4.35
20.45	4.35
23.2	2.54
25.07	2.54
26.34	6.26
28.1	8.23
30.03	1.05
32.64	1.05
34.7	1.05
35.49	8.63
37.17	8.63
39.45	8.63
41.16	14.47
42.58	14.47
45.64	14.47
46.26	12.35
48.37	5.57
51.26	5.57
51.86	5.57
54.04	8.59
57.34	8.59
59.09	2.28
59.92	2.28
62.79	2.28
64.31	11.63
66.02	11.63
66.21	11.63
69.7	4.25
71.5	5.98
71.97	5.98
74.29	9.1
76.37	9.1
78.63	16.54
80.96	16.54
84.25	0.65
85.22	0.65
86.3	15.58
88.37	15.58
89.53	15.58
92.89	10.32
95.48	10.32
95.85	10.32
97.43	15.95
98.11	15.95
99.49	11.36
102.45	11.36
102.73	11.36
105.12	7.61
107.82	3.32
108.91	1.04
109.47	1.04
112.97	15.82
115.56	13.05
116.24	6.07
117.8	6.07
120.3	3.4
121.15	3.4
123.83	3.4
126.95	16.86
129.38	2.98
130.12	2.98
131.73	15.53
134.24	13.84
135.99	6.59
138.75	4.9
139.94	2.7
142.99	2.7
146.41	2.7
149.19	4.88
152.5	4.88
155.91	0.25
156.07	13.61
157.34	13.61
159.21	13.61
161.12	9.28
163.43	9.28
166.33	9.28
168.01	7.52
169.56	7.52
169.8	7.52
170.16	6.13
172.3	10.58
174.41	13.55
177.17	1.55
179.84	14.24
180.67	13.63
181.44	13.63
184.62	7.18
187.99	4.51
189.25	4.51
190.77	4.51
193.54	9.62
194.81	9.62
195.57	9.62
196.07	1.03
198.22	4.93
201.46	4.93
203.34	4.93
205.65	6.95
207.24	6.95
209.82	8.76
210.32	8.76
211.44	11.38
212.38	3.54
214.49	3.54
216.58	15.23
218.65	14.97
220.53	14.97
223.78	14.97
224.06	4.39
225.73	5.37
226.47	5.37
226.82	7.87
227.27	7.87
227.82	7.87
229.09	16.2
232.48	16.2
234.04	9.84
235.85	4.41
238.25	4.41
240.77	12.45
243.4	6.88
246.79	15.63
247.03	15.63
249.94	15.83
250.86	15.83
