0.83	6.64
3.25	13.33
5.24	2.44
6.12	12.47
6.96	12.47
10.46	12.47
12.2	8.37
13.29	8.78
15.93	15.41
17.02	15.41
19.34	13.33
19.88	13.33
21.67	13.33
23.98	13.55
25.2	13.55
26.55	13.55
27.07	1.56
27.69	3.69
29.83	3.69
30.07	3.69
32.61	4.08
32.99	4.08
33.56	10.47
36.66	10.47
37.79	10.47
40.36	4.43
41.19	10.91
44.67	11.74
47.42	6.79
49.55	6.98
52.84	6.98
53.68	4.01
56.25	4.01
56.63	4.01
58.35	7.98
61.44	7.98
64.17	7.98
66.0	1.11
69.16	1.11
71.7	1.11
74.64	16.65
77.0	16.65
79.19	16.65
79.33	2.08
79.96	2.08
82.78	2.08
83.09	4.98
86.23	11.88
86.95	10.4
87.29	13.56
89.34	13.56
92.74	12.06
93.06	12.06
96.32	4.46
96.97	3.67
100.03	3.67
100.32	3.67
102.17	13.5
103.65	13.5
104.23	14.57
106.01	14.57
109.0	14.57
110.08	3.65
112.89	3.65
115.51	3.65
117.87	15.83
120.73	15.83
122.44	11.0
125.01	11.0
126.52	11.0
128.59	12.06
131.15	12.06
134.5	12.06
136.99	4.45
137.13	13.49
139.01	15.81
142.48	10.02
145.43	13.34
147.92	13.34
150.18	13.34
153.48	13.97
154.77	13.97
156.31	12.1
157.53	16.04
159.44	16.04
162.08	12.07
163.74	12.07
167.19	4.14
167.64	4.14
168.96	4.14
171.49	7.05
172.58	15.42
174.71	15.42
177.13	8.4
178.32	8.4
181.3	8.4
181.68	6.02
183.37	6.02
185.26	6.02
186.2	16.02
188.53	5.63
190.89	5.63
191.87	9.65
192.21	9.65
194.22	9.65
196.23	9.6
198.06	1.07
201.36	1.07
201.95	14.78
204.12	14.78
204.35	14.78
206.02	0.5
209.35	0.5
209.51	0.5
211.02	16.3
214.26	16.3
215.71	16.3
216.3	0.6
217.05	0.6
218.91	12.04
221.41	12.04
221.52	14.89
224.55	14.89
224.87	14.89
226.81	9.1
230.02	5.32
231.6	5.32
232.68	8.41
234.79	8.41
234.94	6.21
238.2	6.21
239.67	15.02
242.84	15.02
244.8	15.02
246.66	3.33
247.44	3.33
250.25	15.65
