1.43	5.55
1.57	4.57
3.94	4.57
4.51	4.57
6.87	9.74
7.62	4.27
10.62	5.96
11.72	5.96
11.85	5.96
13.88	11.51
16.39	11.51
19.58	11.51
22.63	0.44
24.35	0.44
27.24	1.38
28.68	11.6
31.29	5.98
34.09	5.98
35.36	5.98
37.32	6.22
37.47	6.22
40.75	4.02
43.86	4.02
46.55	4.02
50.04	3.83
53.26	6.53
56.68	6.53
59.49	12.63
61.48	9.13
61.7	9.13
64.52	6.59
66.72	6.59
67.25	16.3
69.85	13.11
71.66	13.11
74.99	13.11
75.4	9.34
77.25	9.34
79.12	9.34
81.05	16.8
83.69	4.42
85.47	4.42
87.37	9.15
89.57	9.15
91.88	1.14
93.03	9.75
96.09	8.58
96.29	14.46
98.09	14.46
99.21	14.46
102.26	16.27
105.51	16.27
106.81	16.27
108.18	0.61
108.33	0.61
111.69	0.61
113.07	0.85
114.65	0.85
117.63	0.85
117.86	15.19
119.61	15.19
122.96	15.19
123.35	1.94
124.37	1.94
124.72	1.94
127.6	16.76
130.45	14.73
132.87	11.9
135.58	11.9
138.33	11.9
141.23	15.04
141.63	15.04
143.97	15.04
146.52	13.18
149.88	13.18
152.21	13.18
155.2	15.67
158.24	4.85
159.9	9.23
162.05	7.49
165.25	7.49
167.09	11.75
170.09	11.75
172.44	11.75
175.78	15.01
177.73	15.01
178.6	15.01
179.58	1.86
180.44	7.98
182.47	7.98
184.46	7.98
185.53	11.91
186.82	11.91
189.6	11.91
191.19	11.34
192.88	13.11
193.95	6.63
194.17	16.98
196.6	16.98
198.21	16.98
200.59	10.25
202.97	7.42
205.01	7.42
207.79	2.0
208.56	2.0
209.81	2.0
212.88	13.18
213.88	13.18
215.66	13.18
217.19	4.16
217.59	6.44
218.04	14.71
219.66	14.71
222.65	14.71
224.13	6.55
226.27	6.55
227.78	6.55
230.51	3.71
233.86	3.71
237.31	7.75
238.54	7.75
241.81	7.5
243.41	7.5
244.49	8.27
245.06	12.51
247.25	5.19
249.91	5.19
253.03	5.19
