2.66	4.55
5.22	4.55
7.63	4.55
10.51	15.7
13.08	7.75
13.48	15.1
16.62	0.84
20.08	6.62
22.84	6.62
25.33	6.62
28.11	7.91
29.26	7.91
32.45	7.91
34.98	13.0
35.34	13.0
36.05	8.33
39.45	8.33
40.25	3.74
40.61	3.74
41.68	3.74
43.91	15.8
45.65	3.57
48.33	3.57
51.17	15.69
53.33	15.69
53.83	14.25
55.69	6.15
58.51	6.15
61.43	6.15
63.12	13.45
63.82	13.45
66.77	0.85
67.82	1.21
71.24	1.21
73.47	1.21
76.46	1.04
77.29	1.04
79.41	7.33
81.74	1.19
85.22	13.7
87.89	13.7
90.77	13.7
91.07	14.62
92.67	14.62
93.74	14.62
94.21	9.4
96.8	11.94
98.75	11.94
99.99	11.94
101.31	6.0
104.58	6.0
107.16	6.0
109.41	5.58
109.55	5.58
111.79	1.6
114.32	1.6
117.69	1.6
119.16	6.9
121.1	6.9
123.87	6.93
126.45	6.93
129.4	3.91
129.77	3.91
133.24	15.65
133.48	15.65
134.46	15.65
135.8	1.68
139.3	1.68
141.65	8.9
144.36	15.47
147.47	15.47
148.01	3.8
149.39	3.8
151.77	14.98
152.28	14.98
153.09	9.14
155.61	7.37
157.05	4.74
159.9	3.08
163.23	12.32
166.37	12.32
168.36	5.5
171.27	5.5
174.19	5.5
174.73	3.76
177.35	12.49
178.34	12.49
178.65	10.46
180.2	10.46
183.58	10.46
185.57	6.53
187.43	6.53
190.92	13.74
193.93	13.74
196.0	6.55
198.07	6.55
199.52	6.55
201.9	16.07
202.33	16.07
205.3	16.07
206.5	4.72
208.65	4.72
211.32	15.09
211.46	15.09
211.57	15.11
213.08	15.11
214.51	15.11
216.41	16.33
216.89	16.33
218.5	16.12
219.05	16.12
222.11	16.12
223.89	16.75
226.34	15.97
227.24	15.97
229.96	12.59
231.49	12.59
232.66	12.59
235.12	4.39
237.68	4.39
238.82	3.07
242.16	3.07
242.29	0.9
244.22	0.9
246.63	0.9
246.75	10.1
249.91	10.1
251.92	14.27
