3.19	8.72
4.48	9.15
6.13	9.15
6.57	9.15
7.63	12.31
8.41	1.67
11.48	5.46
12.41	5.46
13.68	15.35
14.24	12.12
15.62	12.12
17.06	9.02
19.52	9.02
20.27	9.02
21.78	13.63
22.92	13.63
25.87	12.4
29.28	2.72
31.04	2.44
31.43	2.44
32.88	4.6
34.64	7.2
35.81	10.57
36.89	15.54
38.03	15.54
40.26	9.32
41.46	9.32
44.48	9.32
47.76	5.36
50.08	5.36
50.28	5.1
52.65	5.1
54.59	5.1
56.61	5.03
58.58	5.03
60.99	5.03
62.5	8.92
63.01	8.92
63.4	8.39
66.68	1.21
66.8	1.21
67.42	1.21
69.1	6.9
69.35	6.9
72.67	6.9
73.33	11.66
75.55	11.66
78.24	13.16
81.02	13.16
81.17	13.16
83.79	12.71
87.22	8.02
89.92	16.65
91.2	16.65
91.72	9.87
94.52	9.87
95.09	12.78
96.09	12.78
96.48	12.78
97.76	12.01
99.68	12.01
100.71	12.01
102.31	8.0
103.98	8.0
107.29	0.6
109.57	0.6
110.49	10.84
111.51	10.84
113.84	12.77
115.81	12.77
119.14	15.32
121.91	15.32
123.56	3.68
124.16	3.68
126.72	15.77
129.01	12.57
129.92	12.57
132.15	9.97
133.2	13.17
136.53	13.17
137.28	13.17
138.72	2.88
139.69	2.88
141.24	2.88
144.23	9.67
147.49	12.93
147.79	12.93
150.46	12.93
153.01	8.98
153.14	8.98
154.48	4.07
156.84	4.07
158.05	4.07
159.84	5.82
161.49	9.91
163.93	11.1
164.39	11.1
165.29	5.2
168.2	15.58
171.35	13.15
174.28	13.15
176.44	13.15
176.63	0.62
178.77	0.62
178.9	0.62
180.09	1.07
183.48	8.96
186.33	8.96
186.89	8.96
188.23	5.86
191.24	5.86
191.95	5.86
194.17	15.13
195.39	15.13
198.15	15.13
201.39	2.56
202.86	2.56
204.68	2.56
206.62	8.94
209.17	8.94
212.21	12.18
214.69	12.18
214.89	5.33
217.07	5.33
219.18	6.68
221.97	6.68
223.64	6.68
224.58	10.2
226.15	10.2
227.01	0.92
229.83	0.92
231.33	0.92
233.11	1.85
235.25	1.85
236.45	4.15
239.0	6.39
242.01	6.39
243.95	10.82
246.3	10.82
248.62	10.82
251.47	15.21
