0.79	5.11
2.9	14.99
4.92	14.99
5.53	14.99
6.76	12.51
7.06	12.51
10.23	12.51
11.88	14.45
13.78	14.45
14.94	7.59
16.88	7.59
17.32	7.59
20.47	12.27
22.36	12.27
23.45	12.27
26.67	4.89
29.27	1.43
31.01	1.43
33.14	1.43
36.17	12.79
39.55	8.91
41.57	8.91
44.52	8.91
46.42	2.19
47.73	2.19
49.59	2.88
53.09	2.88
56.28	2.88
57.39	14.61
58.49	14.61
60.46	2.83
61.1	10.25
61.36	7.82
62.66	13.5
65.32	13.5
65.51	13.5
67.49	6.89
69.5	9.7
70.63	9.7
73.71	13.61
74.37	13.61
75.11	13.61
77.01	11.14
78.62	11.14
80.74	0.61
81.11	4.66
84.6	4.66
87.35	4.66
89.29	10.03
90.04	11.09
92.07	11.09
95.23	1.04
96.31	1.04
98.78	1.04
101.75	14.12
104.61	10.95
105.94	10.95
108.62	1.79
109.78	1.79
110.91	1.79
111.21	15.43
114.01	14.06
114.74	10.16
116.92	10.16
118.82	10.16
120.1	6.33
122.78	11.35
123.27	9.07
124.09	9.07
124.29	9.07
125.79	14.92
126.5	14.92
127.56	11.81
128.37	2.98
128.72	2.98
130.56	12.83
131.51	12.83
134.17	12.83
137.39	7.18
139.52	3.42
140.46	3.42
143.31	3.42
144.1	10.38
145.9	0.65
147.49	0.65
150.42	13.49
152.66	13.49
153.87	13.49
154.5	7.0
156.81	7.0
158.53	8.32
161.18	8.32
162.76	8.32
164.32	8.61
166.79	8.61
167.47	8.61
167.71	2.06
168.95	2.06
171.02	2.06
172.89	14.68
175.66	5.56
176.58	5.56
176.99	13.03
180.11	13.03
181.89	5.48
182.9	5.48
184.07	12.44
184.37	5.73
184.64	5.73
185.65	5.73
187.58	11.6
190.15	11.6
191.49	11.6
194.32	5.31
195.71	11.64
196.23	11.64
196.87	11.64
199.74	7.16
202.14	3.91
203.61	15.54
204.21	15.84
207.15	15.84
207.91	12.6
211.39	8.11
213.66	14.81
215.05	14.81
218.04	9.34
219.51	16.93
220.5	5.41
223.82	5.41
226.13	5.41
228.86	8.07
232.15	8.07
234.3	8.07
235.37	5.87
236.62	5.87
238.37	9.1
239.15	9.1
240.21	9.1
242.03	3.71
242.92	3.71
246.25	3.71
248.79	4.51
251.1	4.51
