2.44	14.26
4.47	14.26
6.85	14.26
9.6	10.91
12.55	10.91
12.68	15.76
13.59	15.76
16.67	4.41
18.71	4.41
21.49	4.41
21.79	10.69
24.45	10.69
24.78	10.69
24.92	4.09
27.19	1.92
28.95	1.92
29.45	1.92
31.71	9.45
33.53	16.43
35.16	16.43
35.3	16.43
35.83	16.34
38.12	14.35
40.17	9.9
43.4	7.32
45.52	7.32
46.85	7.32
48.85	14.67
52.07	14.67
53.19	14.67
56.59	1.82
57.69	16.25
60.14	16.25
62.8	4.76
64.01	4.76
66.75	4.76
67.42	10.96
69.28	10.96
71.45	10.96
71.78	2.48
74.75	9.47
77.15	9.47
78.3	9.47
78.8	3.0
79.38	3.0
81.47	3.0
83.65	15.12
86.52	15.12
87.45	15.12
88.28	3.97
90.9	0.47
94.3	13.91
96.83	13.91
98.22	13.91
100.25	9.1
100.99	9.1
104.25	9.1
107.75	5.64
110.32	5.64
110.93	5.64
111.27	4.54
112.87	15.78
114.94	1.5
116.36	1.5
117.37	14.54
119.61	14.54
123.09	4.36
123.51	4.36
124.4	11.97
124.59	11.97
127.91	12.49
128.63	12.49
128.75	7.39
131.01	7.39
131.74	7.39
132.79	6.85
134.8	6.85
136.2	7.6
138.16	12.08
140.7	16.37
142.23	8.98
143.53	8.98
146.57	8.98
149.81	12.72
152.44	12.72
155.37	16.38
156.28	16.38
159.41	16.38
160.23	11.53
163.57	0.51
166.91	0.51
168.53	3.39
170.32	12.63
171.76	12.63
173.66	12.63
176.7	4.56
176.82	1.44
176.96	4.75
177.62	4.86
178.19	14.75
181.36	14.75
184.67	15.04
184.8	1.05
187.17	1.05
187.99	1.05
191.47	12.09
194.08	12.09
195.21	15.69
196.27	4.07
197.71	10.52
201.06	9.58
203.4	9.58
204.43	9.58
204.83	16.76
208.24	16.76
211.49	11.64
212.2	11.64
214.63	11.64
217.3	16.82
220.08	14.92
222.85	14.92
225.77	14.92
225.91	11.95
229.27	11.95
231.52	11.95
234.45	7.03
237.19	7.03
239.67	7.03
240.67	8.85
243.0	8.85
244.2	8.85
245.28	1.13
247.0	1.13
249.08	1.13
251.16	0.77
