3.2	8.36
5.44	8.36
8.91	1.42
9.49	1.42
12.09	1.42
14.4	16.82
15.05	16.82
17.21	16.82
20.23	12.81
20.44	12.81
22.38	12.81
23.16	5.49
26.06	5.49
26.81	5.49
29.73	15.3
33.05	6.44
35.45	16.21
36.28	16.21
39.6	16.21
40.39	5.66
41.95	5.66
44.81	0.83
45.55	14.49
48.19	14.49
49.55	8.02
53.0	8.02
54.97	0.99
58.04	0.99
60.87	16.87
64.3	2.2
65.37	2.2
66.2	2.2
68.53	13.43
71.63	1.79
73.65	1.79
75.6	4.51
77.71	4.51
80.58	4.51
83.88	14.88
85.7	14.2
86.06	9.02
87.73	9.02
89.06	9.42
89.54	1.59
91.84	1.59
92.44	8.28
93.43	10.63
96.23	10.63
97.59	11.29
98.51	11.29
101.35	5.14
102.94	5.14
105.85	5.14
106.39	0.86
106.87	0.86
109.72	0.86
112.9	7.29
113.84	7.29
115.18	7.29
116.53	5.52
116.97	5.52
119.21	5.52
119.39	3.82
120.03	3.82
120.43	11.84
121.3	15.53
123.73	15.53
125.72	15.53
126.39	4.94
129.87	4.94
130.91	12.08
134.01	12.08
137.18	12.09
138.27	0.28
139.27	3.86
142.3	12.22
142.58	12.22
145.65	15.64
148.91	15.64
151.98	15.64
153.95	3.24
156.9	16.96
160.31	6.36
160.97	6.36
163.62	12.65
167.04	3.34
169.67	1.93
172.75	9.18
175.04	9.18
177.64	9.18
179.77	1.49
183.09	1.49
183.57	1.49
185.5	4.86
188.9	4.86
190.9	14.75
194.28	15.15
195.65	15.15
197.21	15.15
200.62	2.49
203.92	2.49
205.02	15.56
205.69	5.9
206.38	5.9
206.71	5.9
208.63	9.44
210.89	9.44
212.67	9.44
215.13	13.5
215.28	13.5
218.3	2.35
220.99	2.35
221.65	2.35
223.05	10.98
224.0	10.98
226.37	10.98
227.54	8.08
230.34	8.08
230.92	8.08
232.28	4.0
234.5	10.35
237.96	10.35
241.37	16.81
242.48	16.81
245.35	5.77
248.67	5.77
250.76	5.77
