1.22	16.61
2.14	16.61
4.46	7.78
6.69	7.78
10.14	7.78
10.61	16.5
10.83	16.5
14.01	16.5
16.52	2.03
17.87	2.03
20.73	2.03
21.12	4.11
24.09	1.37
26.03	1.37
26.65	1.37
27.5	15.4
30.17	15.4
31.05	15.4
32.35	15.67
33.07	15.67
36.47	12.67
37.6	12.67
38.08	2.31
41.39	13.28
44.72	13.28
46.63	5.42
46.87	13.56
48.16	13.56
50.15	13.56
52.12	2.81
54.79	6.89
56.64	0.77
58.72	0.77
60.91	15.4
63.17	3.89
64.42	3.89
64.74	3.59
67.77	3.59
69.11	0.9
69.9	0.9
72.61	4.31
74.9	9.33
75.49	9.33
77.02	12.67
78.02	0.97
78.6	0.97
80.72	0.97
83.58	2.18
84.92	2.18
86.66	5.15
89.28	5.15
91.94	5.64
95.2	5.64
98.1	8.12
101.53	8.12
104.6	8.12
106.12	16.84
108.03	11.02
109.33	11.02
111.17	4.37
114.03	4.37
116.79	4.37
119.56	15.85
121.07	15.85
124.11	5.21
126.61	5.21
126.75	16.71
130.1	16.71
133.57	14.33
135.88	14.33
137.48	12.98
138.61	12.98
141.51	12.98
143.75	7.86
145.02	7.37
147.41	1.17
149.5	7.63
152.58	11.15
153.12	11.15
154.69	11.15
155.77	14.46
156.45	14.46
158.2	15.63
158.49	15.63
158.92	15.63
159.3	6.05
161.71	6.05
163.55	15.46
166.24	15.46
168.76	15.46
171.59	9.72
174.59	9.72
176.6	16.99
180.01	16.99
182.69	7.84
184.29	7.84
185.27	7.84
187.22	11.49
188.82	11.49
190.2	11.49
190.48	0.64
192.09	0.64
195.33	14.16
197.04	14.16
197.8	14.16
200.15	13.3
202.78	1.01
205.96	5.02
208.59	5.02
211.67	14.14
214.33	13.17
216.74	13.17
217.95	13.17
220.98	8.24
224.36	8.24
225.57	6.04
226.25	7.89
228.3	7.89
229.77	14.07
232.08	14.07
233.64	9.48
236.47	9.48
239.28	13.12
239.7	13.12
240.35	13.51
242.84	13.51
244.96	13.51
246.99	11.49
248.32	11.5
250.77	11.5
