2.19	16.93
2.68	8.58
4.81	8.58
4.96	2.64
5.64	12.82
6.05	4.73
7.24	4.73
8.06	7.34
9.67	7.34
11.72	7.34
14.31	3.8
16.67	3.8
18.81	12.59
20.67	12.59
21.68	12.59
23.24	1.52
26.3	1.52
26.65	8.75
29.65	16.75
33.05	16.75
33.36	16.75
36.2	6.47
38.94	16.17
39.48	16.17
41.48	16.17
44.01	7.59
46.02	7.59
48.89	7.59
49.44	9.21
51.88	11.03
53.8	11.03
56.83	11.03
59.38	6.05
61.67	6.05
62.87	14.5
66.36	14.5
69.26	14.5
71.22	3.13
74.48	3.13
75.25	3.13
78.7	10.44
80.65	10.44
81.58	10.44
83.78	7.53
85.02	5.1
87.82	5.1
91.22	5.1
91.71	10.43
94.98	1.71
96.91	1.71
98.28	1.71
99.74	5.03
103.07	5.03
105.89	6.93
106.33	7.26
108.58	7.26
109.81	7.26
110.89	3.39
112.72	15.87
113.55	15.87
113.71	14.28
115.52	4.51
118.5	16.38
120.08	16.38
122.2	7.62
122.62	12.31
123.89	7.76
124.61	16.37
127.03	16.37
128.08	16.37
128.87	9.26
132.22	8.11
133.07	8.11
135.11	1.42
138.13	1.42
139.67	1.42
139.86	2.89
141.37	10.23
142.76	10.23
143.42	10.23
144.99	9.52
147.34	9.52
149.9	9.52
153.22	11.68
156.36	11.68
159.71	4.71
161.04	9.29
161.17	9.29
161.79	1.1
164.3	14.05
166.5	11.16
166.66	11.16
168.34	11.16
168.81	13.66
170.46	4.72
172.26	4.72
174.3	8.21
176.66	5.29
178.57	5.29
179.61	9.65
180.37	9.65
180.7	13.57
182.44	13.57
183.51	13.57
186.57	13.58
186.84	13.58
187.87	7.39
190.16	3.18
190.9	10.88
194.37	10.88
197.22	12.17
200.15	12.17
201.59	12.17
203.07	10.01
205.4	10.01
206.52	10.01
209.47	5.13
212.03	12.72
214.27	6.79
214.7	5.78
217.05	5.78
217.69	5.78
218.21	7.6
221.61	1.35
222.59	1.35
223.09	1.35
223.44	5.84
224.52	5.84
227.61	5.84
230.36	7.74
232.04	7.74
233.61	7.74
236.7	2.0
238.48	2.0
239.66	16.53
241.7	16.53
243.98	13.75
244.91	13.75
245.28	14.06
248.12	14.06
249.71	14.06
250.85	7.76
