1.53	3.21
5.02	3.21
6.8	4.88
10.21	8.05
12.12	8.05
12.37	8.05
13.2	14.69
14.02	4.28
16.08	5.36
17.79	5.36
21.05	13.92
24.05	13.92
25.16	2.76
26.64	2.76
27.55	2.76
27.87	6.11
30.34	14.72
32.44	14.72
35.65	15.65
38.99	15.65
42.3	10.7
43.43	10.7
44.36	10.7
46.6	13.6
50.07	13.6
51.45	13.6
51.85	3.98
52.17	3.98
54.87	10.25
55.16	10.25
56.96	16.93
57.8	9.61
58.18	1.27
61.11	1.27
62.22	1.27
64.27	9.03
67.15	9.03
70.14	12.89
70.42	12.89
73.52	12.89
75.3	4.8
76.38	5.19
77.87	5.19
80.05	11.48
82.36	12.71
83.68	12.71
84.11	12.71
85.44	3.72
88.1	3.72
88.41	2.71
89.99	2.71
91.46	2.71
93.07	15.42
95.62	8.44
97.98	8.44
99.0	8.44
102.28	4.26
102.58	3.99
105.32	5.14
107.81	5.14
109.49	4.31
111.62	7.76
112.54	7.76
112.81	2.85
114.75	2.85
114.92	2.85
117.67	5.57
120.73	5.57
120.91	13.13
121.88	13.13
123.42	1.05
126.03	0.98
128.18	0.98
128.72	0.98
130.57	6.22
131.52	6.22
133.38	6.32
133.92	8.37
136.01	8.37
136.85	8.37
139.01	13.08
141.36	4.89
143.61	8.78
146.38	8.78
147.08	8.78
148.14	8.22
151.08	10.91
153.67	10.91
156.25	10.19
159.44	10.19
159.57	10.19
160.12	4.88
162.79	4.88
164.05	9.46
167.0	9.46
167.76	9.46
170.19	8.04
172.96	8.04
174.83	8.04
176.69	11.38
177.82	11.38
179.17	11.38
182.23	6.91
183.11	8.51
184.24	8.51
186.2	6.38
187.46	6.38
188.63	2.28
191.21	2.28
194.17	13.74
196.28	13.74
199.24	13.74
199.94	3.88
201.6	3.88
202.94	3.88
206.23	0.97
206.83	7.99
209.46	7.99
211.72	7.99
213.42	7.06
214.94	7.06
215.73	16.89
215.92	15.8
217.14	15.8
218.62	15.8
219.08	4.22
221.13	6.78
223.2	9.83
224.4	9.83
227.86	9.83
228.35	14.26
229.77	7.8
229.96	13.98
231.67	11.73
233.55	0.79
234.46	0.79
235.62	4.43
237.3	4.43
240.34	4.43
241.01	15.8
241.51	15.91
244.47	8.58
246.21	10.98
249.34	10.98
251.4	3.65
