2.61	3.92
4.77	3.92
6.77	13.34
9.6	8.56
9.98	8.56
11.7	8.56
14.62	15.11
14.77	12.59
17.91	12.59
20.32	12.59
22.66	13.28
24.87	13.28
26.69	2.44
29.44	2.44
29.76	1.91
31.11	1.91
31.36	6.87
33.76	1.58
36.92	5.27
39.43	3.94
40.85	3.94
43.82	16.26
46.72	16.26
50.06	0.5
51.6	16.78
52.63	12.45
54.48	10.31
57.33	10.31
58.87	4.15
60.55	12.28
64.04	12.28
67.23	12.28
69.58	12.15
70.16	12.15
71.78	12.15
75.25	13.83
76.71	13.83
77.43	13.83
80.56	13.7
83.35	8.87
84.48	8.87
87.38	8.87
88.2	2.24
90.52	2.26
91.41	10.45
93.34	10.45
96.23	10.45
97.44	6.17
98.49	6.17
98.97	6.17
100.85	5.38
104.26	5.38
106.64	5.38
108.32	14.07
109.99	14.07
110.54	14.07
112.92	16.66
115.43	12.3
115.56	12.3
116.51	12.3
118.51	12.3
121.6	12.3
121.84	5.57
123.46	5.57
124.78	10.65
125.13	10.65
125.54	10.65
127.8	8.44
130.66	8.44
131.26	11.81
133.95	3.52
134.52	11.72
137.8	14.28
139.58	14.28
141.16	14.28
142.5	10.51
145.15	10.51
147.02	5.9
149.52	5.9
150.08	3.77
150.89	3.77
151.65	1.56
154.32	1.56
155.54	1.56
156.33	3.52
156.47	7.47
158.37	7.47
161.33	7.47
162.88	6.34
164.08	6.34
166.78	6.34
169.52	11.35
170.02	11.35
173.51	11.35
176.97	3.25
179.83	9.42
182.04	1.57
183.64	1.57
186.49	9.77
189.59	13.76
192.91	13.76
195.16	7.65
195.86	7.65
198.68	12.91
199.64	12.91
200.18	12.91
201.16	5.05
201.49	5.05
202.19	5.05
205.06	11.88
206.85	11.88
209.78	4.87
210.43	4.87
212.98	4.87
213.48	5.98
214.09	5.98
216.34	5.98
217.01	0.76
220.3	0.76
221.51	0.76
222.8	5.15
223.83	15.01
225.92	15.01
226.96	16.69
227.88	16.69
228.79	6.48
229.79	6.48
232.71	6.65
235.8	15.16
236.23	15.16
237.89	15.16
240.38	7.35
243.61	0.29
244.57	0.29
247.23	0.29
250.46	2.5
