1.33	3.16
1.59	3.16
4.85	3.16
7.78	0.84
8.6	8.02
9.47	12.02
12.29	12.02
14.47	6.1
15.22	6.1
16.9	6.1
19.58	13.89
20.29	13.89
23.13	13.89
24.98	11.84
27.68	11.84
27.99	11.84
31.4	6.96
34.53	6.96
36.28	10.26
39.53	1.72
40.27	1.72
41.98	1.72
43.74	0.66
47.04	0.66
49.8	7.49
53.01	7.49
56.08	11.31
58.39	2.72
58.92	12.36
60.31	12.36
60.57	12.36
60.97	7.93
61.44	7.64
63.37	7.64
64.64	8.54
66.56	4.24
68.48	4.24
68.8	5.55
68.95	5.28
69.87	5.28
70.81	5.28
71.09	4.32
71.56	10.62
73.64	10.62
74.01	11.09
75.77	13.42
78.8	12.03
81.68	12.03
84.01	12.03
87.46	1.45
89.19	1.45
89.96	12.69
93.11	5.47
95.5	5.47
97.27	7.22
97.95	7.22
98.91	9.86
101.04	9.86
103.08	6.52
103.3	6.52
105.67	6.52
106.01	4.77
108.31	12.38
110.07	12.38
110.95	12.38
113.68	2.82
113.98	2.82
114.63	2.82
116.08	12.4
117.4	15.52
118.59	1.64
121.82	0.2
122.32	0.2
124.78	10.36
127.4	13.6
130.82	13.6
131.16	13.6
134.64	5.42
137.66	5.42
138.0	0.89
141.33	0.89
144.61	7.59
145.46	7.59
147.29	5.14
148.27	11.27
149.57	11.08
151.7	12.68
153.9	12.68
154.89	13.22
158.37	13.22
160.91	13.25
161.13	1.29
163.8	1.29
164.18	1.29
167.19	11.72
169.14	11.72
172.53	11.72
172.93	5.1
175.4	10.99
177.8	10.99
180.98	15.53
181.26	15.53
184.31	14.83
186.11	12.02
188.93	12.02
190.33	12.02
190.83	8.76
194.3	4.3
194.53	4.3
198.01	4.3
201.5	7.92
204.82	7.92
205.22	11.09
205.38	7.62
205.73	8.37
208.55	8.37
209.74	3.87
211.56	3.87
214.86	3.87
215.33	13.25
218.31	13.25
218.82	13.96
222.06	14.83
222.68	13.34
224.67	13.34
225.8	13.34
227.31	13.92
228.47	11.61
230.51	3.96
232.61	3.96
235.56	3.96
236.17	0.7
238.86	12.42
239.86	12.42
240.51	12.48
242.24	3.42
244.81	3.42
247.43	3.42
248.26	10.33
248.79	15.26
250.16	15.26
