1.89	5.02
4.85	5.02
5.15	5.02
7.04	13.6
8.89	12.41
10.4	12.41
13.12	9.32
14.36	9.32
16.12	9.32
18.14	8.41
20.33	8.41
23.6	8.41
25.83	6.58
29.05	6.58
32.42	15.47
35.85	15.47
37.31	15.47
38.35	5.66
40.92	5.66
41.43	1.22
43.63	1.22
44.71	1.22
45.59	1.7
48.04	1.7
49.93	1.7
51.38	4.32
52.07	4.32
54.91	6.8
56.1	6.68
58.57	6.68
61.33	0.34
63.89	0.34
65.61	0.34
68.13	14.22
69.94	11.85
72.69	11.85
72.93	8.39
73.45	8.39
73.83	8.39
74.31	7.19
77.8	7.19
80.71	7.19
82.99	13.25
86.29	0.82
89.44	0.82
89.71	6.03
91.67	6.03
92.97	6.03
93.42	6.44
94.5	6.75
95.22	8.54
95.92	8.54
99.26	8.54
100.27	16.74
103.14	16.74
104.29	16.74
105.53	14.97
106.48	14.97
107.15	5.11
110.0	13.99
113.29	13.99
113.8	13.99
115.53	3.66
118.75	3.66
119.99	3.66
123.29	13.76
125.56	13.76
126.07	4.92
128.6	4.92
130.9	4.92
131.1	8.73
131.98	8.73
132.62	11.91
134.17	11.91
136.09	7.34
136.33	7.34
138.94	11.25
139.87	11.95
140.95	7.81
143.87	7.81
146.66	13.01
148.09	13.01
149.09	13.01
152.33	11.18
153.75	11.18
154.94	8.95
156.28	8.95
159.52	8.95
161.93	14.68
162.67	3.98
163.51	3.98
164.24	3.98
165.51	1.31
168.94	1.31
170.73	11.46
171.07	11.46
173.13	11.46
175.74	16.11
176.31	2.21
178.23	8.38
179.51	8.38
180.97	8.06
181.45	8.06
183.12	8.06
186.14	5.31
188.74	5.31
191.2	14.35
192.55	14.35
196.0	1.71
196.78	1.71
200.05	1.71
202.83	14.55
204.19	14.55
205.18	14.55
206.55	15.72
209.86	14.46
213.21	8.25
216.61	7.51
217.35	7.51
218.87	11.17
219.64	11.2
222.36	11.2
224.83	11.2
225.07	5.7
226.51	5.7
229.69	5.7
230.11	13.65
231.79	13.65
233.3	13.65
234.27	6.97
237.46	6.97
240.5	10.34
241.03	6.54
244.44	6.54
246.14	10.34
247.77	10.34
250.21	6.03
