2.29	8.48
2.88	8.48
3.43	11.4
4.87	11.4
7.87	11.4
11.32	4.69
12.39	4.69
14.48	0.24
17.81	0.24
20.69	4.23
22.89	4.23
24.51	9.92
24.8	9.92
25.35	9.92
27.64	7.76
28.68	3.41
31.8	12.52
32.76	12.52
33.24	12.52
33.49	8.02
33.82	8.02
36.71	4.93
39.32	4.93
42.65	4.93
43.26	9.01
43.72	14.37
45.1	3.17
47.22	3.17
47.92	3.17
51.26	14.4
53.82	1.0
55.65	1.0
55.82	1.0
58.12	9.54
59.24	16.74
59.56	16.74
62.01	2.78
63.51	2.78
66.94	2.78
67.38	5.28
70.29	13.3
73.12	13.3
75.05	13.3
77.7	16.04
77.81	16.04
78.1	16.04
81.24	7.26
81.42	7.26
84.14	11.9
86.52	5.28
88.18	5.28
90.08	5.57
92.03	0.47
92.6	0.47
95.62	16.33
98.18	16.33
100.82	12.7
103.26	5.18
105.17	15.74
105.79	15.74
106.97	15.34
107.51	15.34
108.0	7.98
111.11	16.45
113.3	10.26
115.9	5.27
118.51	5.27
120.96	5.27
121.48	3.39
123.65	3.39
125.5	3.39
127.41	16.38
129.14	5.82
129.36	5.82
130.48	10.6
133.78	10.6
135.66	10.6
137.13	16.78
139.1	7.49
141.97	7.49
142.94	7.49
145.28	13.12
146.79	13.12
147.71	13.12
149.82	9.21
151.36	9.21
153.4	3.95
153.71	3.95
154.13	3.95
156.23	2.06
158.24	7.44
158.55	6.11
159.92	11.19
161.17	11.19
164.6	15.37
165.43	15.37
167.55	15.37
170.55	3.42
173.06	16.68
173.57	16.68
176.83	16.68
179.05	7.29
182.27	7.29
183.47	7.29
185.62	3.79
185.74	7.67
187.51	10.96
188.03	10.96
190.95	3.38
191.93	1.14
193.08	1.14
193.75	1.14
194.26	3.21
196.25	3.21
199.69	5.38
200.52	5.38
201.4	2.14
202.23	2.14
204.12	2.14
204.31	11.46
207.5	11.46
210.91	11.46
211.27	16.75
213.85	16.75
216.14	16.75
217.48	7.98
219.94	7.98
221.4	5.97
224.82	5.97
227.83	15.33
229.62	13.87
232.71	8.13
233.84	10.23
235.09	13.3
236.71	13.3
239.36	14.53
242.18	12.33
245.33	12.33
246.75	12.33
248.07	14.36
248.69	8.95
251.89	11.76
