0.63	0.69
2.71	0.69
4.49	0.69
7.96	1.47
11.08	3.13
12.53	3.13
12.68	8.0
14.81	15.9
15.84	13.32
19.33	13.32
22.28	13.32
24.99	0.61
28.1	0.61
29.32	0.61
30.42	2.9
30.69	2.9
31.52	11.76
32.12	11.76
32.67	11.76
32.87	8.83
35.82	8.83
36.78	11.35
39.28	10.72
42.28	13.21
42.68	9.57
45.92	9.57
47.63	1.69
49.14	1.69
52.5	1.69
54.37	12.07
55.54	12.07
56.23	11.78
59.35	11.78
62.62	11.78
65.29	2.2
67.48	2.2
68.91	10.62
69.14	10.62
72.15	6.92
73.79	15.08
75.12	6.24
77.12	6.24
78.28	1.55
80.24	1.55
81.21	9.54
83.45	13.04
85.56	16.75
87.62	9.99
89.66	9.99
92.41	10.65
95.15	10.65
96.19	10.0
98.4	10.0
100.86	6.22
104.04	6.22
104.76	15.26
105.03	15.26
105.8	15.26
106.91	5.81
108.5	5.81
109.47	5.81
111.89	10.88
114.02	8.26
116.24	8.26
118.32	8.26
121.08	13.36
122.93	13.36
125.77	13.36
127.6	0.4
130.75	0.4
133.81	0.4
134.45	3.07
136.83	15.89
138.19	2.89
139.72	1.77
141.94	1.77
144.02	3.74
144.36	16.76
147.2	14.13
147.84	14.13
149.03	14.13
150.32	15.15
153.37	15.15
155.8	8.32
157.88	8.32
159.03	13.03
160.31	13.03
162.87	14.45
164.46	14.45
165.02	11.06
167.37	11.06
169.2	11.06
171.78	4.02
173.8	4.02
175.09	4.02
178.14	2.26
179.4	2.26
180.87	2.26
182.02	0.2
185.37	0.2
187.05	0.2
190.52	8.99
191.66	14.05
194.19	14.05
196.05	14.05
198.96	3.27
201.01	3.27
201.78	3.27
204.79	12.02
206.83	12.02
208.68	12.06
208.97	12.06
211.74	12.06
214.6	9.36
215.82	9.36
218.49	9.36
221.79	3.77
222.6	3.77
222.9	16.47
224.94	16.47
226.87	16.47
227.27	9.06
227.98	9.06
231.29	5.03
231.61	10.51
235.07	10.51
237.64	10.51
239.34	8.58
240.44	2.97
242.62	2.97
243.61	2.97
247.02	3.38
249.34	8.33
250.78	9.88
