1.89	9.5
2.2	9.5
4.72	9.5
5.95	15.56
6.66	15.56
6.84	15.56
9.71	9.23
10.12	9.23
11.8	9.23
14.33	11.1
16.06	11.1
16.79	3.1
20.15	3.1
22.4	3.1
24.47	8.63
27.05	8.63
27.97	8.63
28.63	14.2
30.5	14.2
33.65	14.2
34.0	11.73
35.38	11.73
37.76	11.73
40.76	16.2
41.18	16.89
41.84	7.35
42.31	7.35
45.33	15.48
46.82	15.48
49.6	15.48
50.72	17.0
52.22	17.0
53.57	6.15
56.8	6.15
60.29	6.15
62.74	7.08
65.95	5.62
67.9	5.62
71.13	17.0
72.3	17.0
74.94	17.0
75.54	11.07
75.78	11.07
78.87	16.72
81.79	16.72
83.84	7.3
84.82	7.3
85.51	10.48
86.01	1.56
86.46	13.23
87.67	13.23
90.51	4.28
92.3	4.28
93.95	13.21
95.34	13.32
96.2	15.48
96.99	13.15
98.36	13.15
100.67	13.15
101.07	6.46
103.34	8.68
104.46	8.68
106.51	7.64
108.97	2.08
109.55	4.16
111.0	14.46
112.82	14.46
113.15	16.5
114.95	16.5
115.5	13.92
116.68	13.92
119.79	8.19
121.87	8.19
125.35	8.19
125.76	16.52
127.62	16.52
129.26	16.52
129.89	6.77
132.84	6.77
135.47	6.77
137.92	7.45
140.16	7.45
141.4	7.85
144.68	13.23
145.28	13.23
145.88	0.69
147.62	14.84
148.42	14.84
150.55	14.84
153.61	16.06
156.31	8.35
157.05	10.4
158.84	10.4
158.97	10.95
161.5	13.91
162.69	13.91
165.93	13.91
167.8	12.66
169.68	12.66
170.63	14.15
171.62	14.15
172.38	14.15
173.71	0.54
176.36	0.54
178.77	11.6
180.19	11.6
180.39	11.6
182.63	11.57
183.12	11.57
185.6	3.33
186.24	3.33
188.06	2.67
190.15	2.67
193.09	0.87
193.7	0.34
196.87	0.34
198.69	0.34
201.26	10.38
201.79	10.38
203.26	15.95
206.18	15.95
206.72	10.36
208.13	10.36
209.0	10.36
210.76	16.95
212.88	16.93
213.6	5.16
214.58	5.16
216.03	5.16
218.32	1.91
219.05	2.28
221.69	8.22
222.86	8.22
224.74	8.22
225.4	6.55
227.63	6.55
230.15	2.07
231.55	11.09
233.4	13.93
235.14	13.93
235.76	10.16
238.09	7.39
239.78	4.48
240.48	6.19
243.83	14.42
246.56	2.94
248.63	16.4
251.57	16.4
