2.31	187.05
5.27	187.05
7.05	187.05
7.86	193.43
11.26	193.43
11.85	193.43
14.4	114.54
15.23	114.54
18.64	114.54
19.62	144.36
19.89	144.36
23.27	48.35
23.45	48.35
25.85	217.89
28.21	217.89
29.15	217.89
32.15	22.64
32.3	58.26
32.72	58.26
35.77	158.99
36.08	158.99
38.93	135.12
41.61	135.12
43.06	135.12
45.26	109.22
46.05	145.92
47.17	145.92
48.31	48.28
51.74	160.02
52.91	160.02
55.49	160.02
55.71	2.54
57.08	67.77
57.76	171.73
60.92	171.73
63.88	171.73
66.93	187.24
68.04	15.77
69.28	15.77
71.26	198.08
71.59	11.83
74.97	11.83
77.96	11.83
81.18	175.2
83.31	58.28
85.21	58.28
86.26	58.28
87.81	150.81
89.23	150.81
90.84	150.81
91.67	109.04
91.91	21.47
92.44	21.47
94.66	21.47
97.82	197.29
100.3	197.29
101.07	197.29
102.84	209.04
104.43	209.04
105.87	209.04
106.59	151.43
108.67	151.43
109.98	151.43
112.61	73.35
115.07	73.35
117.11	151.46
117.22	105.96
117.81	105.96
119.54	140.17
121.13	140.17
123.51	140.17
124.16	119.47
126.31	119.47
129.76	119.47
131.49	2.37
133.01	2.37
135.83	2.37
139.18	196.65
142.12	79.98
143.48	79.98
144.49	79.98
145.91	77.4
148.47	77.4
150.05	77.4
151.85	171.52
154.17	171.52
157.53	119.89
160.98	12.82
162.01	12.82
162.16	12.82
165.2	156.1
166.73	156.1
169.04	156.1
171.75	60.87
173.26	60.87
173.64	225.97
174.15	225.97
177.23	83.96
179.79	83.96
182.67	164.5
183.36	90.64
184.99	90.64
185.63	90.64
186.66	92.4
187.65	135.67
188.14	135.67
188.85	50.43
190.34	50.43
192.45	50.43
195.8	46.75
198.05	46.75
199.7	46.75
202.43	153.46
205.15	153.46
205.93	153.46
206.6	160.54
210.06	160.54
210.3	191.98
213.43	138.72
214.51	138.72
214.89	138.72
217.89	17.45
220.31	17.45
222.68	17.45
223.78	28.16
227.11	28.16
228.28	171.77
231.23	190.79
234.67	150.97
237.98	150.97
240.8	86.5
241.1	86.5
244.52	86.5
245.6	163.8
245.84	163.8
246.69	163.8
249.07	51.99
249.31	33.75
251.52	195.59
