2.26	38.19
5.39	38.19
5.6	116.08
6.31	116.08
6.69	156.75
9.36	156.75
11.13	156.75
11.97	177.61
14.08	177.61
15.22	60.11
16.11	60.11
17.65	60.11
18.38	92.19
19.65	92.19
23.07	191.78
26.38	191.78
28.59	191.78
30.56	31.92
33.67	31.92
34.29	168.31
36.76	125.0
39.9	125.0
41.39	125.0
43.61	122.76
43.93	122.76
45.29	193.12
46.68	193.12
47.33	193.12
48.73	92.7
50.46	92.7
52.65	92.7
54.52	177.93
57.03	177.93
59.71	177.93
61.5	98.4
63.61	98.4
63.76	98.4
66.78	135.95
67.02	135.95
67.33	135.95
69.84	162.07
72.25	38.39
75.27	38.39
75.61	38.39
78.25	108.57
80.35	108.57
82.78	108.57
85.68	30.49
88.73	30.49
92.19	30.49
94.66	135.52
95.7	126.9
98.94	3.47
99.75	6.85
101.76	180.44
103.97	180.44
106.72	180.44
108.67	179.92
112.12	179.92
115.0	179.92
116.39	134.89
118.76	134.89
121.45	134.89
122.59	224.0
123.69	224.0
124.58	108.5
127.46	108.5
129.07	108.5
130.98	215.04
134.0	202.7
137.15	202.7
140.1	14.22
143.45	14.22
145.06	14.22
145.35	190.83
146.0	190.83
147.97	190.83
150.52	3.51
153.42	107.42
153.65	107.42
156.78	85.82
158.11	85.82
161.18	100.57
163.12	177.75
164.12	177.75
164.59	177.75
165.75	154.57
166.94	154.57
169.84	109.22
171.94	109.22
174.33	118.4
177.74	118.4
179.94	118.4
183.1	220.97
184.88	220.97
186.56	174.62
188.55	174.62
192.04	174.62
192.58	113.92
195.67	113.92
199.17	113.92
199.64	78.41
201.58	163.26
205.07	152.87
208.53	152.87
208.87	152.87
209.8	39.85
210.71	39.85
214.2	39.85
216.07	196.85
217.38	196.85
220.56	196.85
221.82	13.83
223.47	13.83
226.4	180.29
227.49	180.29
228.77	65.97
229.28	65.97
230.03	33.0
230.29	139.53
231.07	167.33
232.84	167.33
236.13	54.51
237.96	54.51
238.46	185.89
240.27	185.89
243.5	147.03
245.76	82.46
247.5	82.46
248.88	17.68
251.91	17.68
