0.47	63.21
1.12	63.21
3.54	98.59
4.77	98.59
5.61	190.99
9.0	202.91
9.66	202.91
11.72	149.23
15.09	149.23
16.17	91.85
18.15	115.15
18.34	115.15
18.92	212.22
21.84	219.67
25.14	219.67
25.48	154.06
26.05	87.94
29.17	87.94
30.21	190.31
32.98	188.96
34.92	183.6
36.24	183.6
39.17	183.6
39.28	129.39
39.94	25.68
42.59	25.68
44.67	41.8
46.83	41.8
48.7	41.8
49.18	225.8
52.62	225.8
52.95	117.21
53.64	117.21
54.12	53.35
54.63	53.35
56.65	80.26
59.41	158.92
62.46	158.92
63.27	158.92
65.03	91.72
65.83	91.72
67.59	39.98
68.9	39.98
69.16	4.39
71.76	4.39
74.93	138.94
77.11	114.5
79.46	114.5
80.03	134.52
82.6	134.52
83.92	224.02
87.06	224.02
89.23	224.02
90.51	96.23
93.61	175.69
93.93	198.57
94.42	85.25
94.77	85.25
96.47	87.46
99.57	29.07
101.67	29.07
104.57	29.07
106.54	18.34
107.45	18.34
109.21	18.34
112.44	140.57
114.31	140.57
114.79	140.57
118.04	213.89
119.03	120.46
122.08	120.46
122.89	120.46
125.05	215.54
127.62	215.54
128.97	215.54
130.04	140.12
133.1	140.12
134.89	140.12
137.79	168.34
139.82	168.34
141.84	168.34
143.07	46.14
144.3	46.14
146.81	46.14
149.82	176.72
150.03	211.53
150.9	211.53
152.8	140.86
153.38	140.86
155.27	140.86
156.84	195.45
157.88	195.45
158.1	45.79
160.89	118.87
162.42	118.87
165.52	163.15
168.22	163.15
170.29	206.31
172.72	206.31
173.17	206.31
175.54	32.59
177.67	32.59
179.76	40.62
181.28	40.62
182.19	225.66
184.26	225.66
184.91	140.19
187.49	140.19
189.49	140.19
191.64	94.11
192.67	94.11
194.94	52.34
197.95	52.34
201.08	56.27
202.0	56.27
204.49	56.27
205.36	196.92
207.11	94.55
208.64	94.55
209.61	89.55
210.84	89.55
214.2	89.55
215.82	118.04
219.02	118.04
221.48	148.26
223.94	148.26
226.32	148.26
229.7	76.06
229.85	76.06
233.14	213.75
236.48	43.09
236.96	43.09
239.53	182.31
241.4	182.31
242.04	182.31
242.85	211.07
243.28	211.07
244.11	211.07
246.17	186.55
247.52	186.55
248.34	216.8
250.46	216.8
