2.74	78.62
5.86	78.62
7.28	78.62
9.91	205.78
10.27	205.78
11.2	205.78
11.82	140.46
14.1	140.46
17.59	187.99
21.07	71.58
22.17	71.58
23.49	132.76
24.93	68.71
26.95	68.71
28.41	57.93
30.6	57.93
32.38	224.77
35.19	224.77
36.03	224.77
36.17	40.31
39.32	164.65
41.11	128.03
43.69	168.61
45.06	168.61
46.83	105.93
48.66	105.93
49.83	82.13
53.19	82.13
53.89	187.37
55.24	187.37
57.94	18.43
58.61	18.43
59.71	131.21
62.43	131.21
65.58	131.21
67.02	79.0
68.19	79.0
70.81	5.47
73.34	41.81
74.05	41.81
75.43	41.81
78.1	67.31
78.25	67.31
81.42	67.31
83.97	172.02
84.62	172.02
85.42	142.42
86.8	142.42
89.02	221.51
89.49	221.51
90.31	142.23
93.65	142.23
95.61	142.23
96.35	154.09
97.36	154.09
100.27	154.09
102.0	88.27
104.14	88.27
107.0	88.27
108.77	125.82
109.79	42.09
112.26	42.09
113.89	51.88
114.21	51.88
115.91	44.96
118.67	198.8
120.71	198.8
121.87	57.18
123.91	218.58
127.33	218.58
129.15	218.58
130.03	212.08
131.95	212.08
132.11	66.41
133.33	66.41
134.98	156.71
136.99	98.39
138.68	98.39
139.1	117.91
140.46	117.91
142.58	117.91
142.87	3.87
144.14	3.87
145.25	74.34
146.19	144.04
149.38	144.04
152.03	144.04
154.61	198.0
156.27	198.0
159.74	42.04
163.0	152.4
165.91	36.58
169.04	36.58
172.35	36.58
175.39	74.57
177.77	74.57
180.26	224.86
183.09	127.62
184.87	127.62
186.57	129.8
189.49	199.09
190.03	199.09
190.35	199.09
193.08	145.22
194.44	94.23
195.66	168.76
196.58	74.68
199.88	74.68
202.53	74.68
205.68	157.17
207.0	157.17
209.05	157.17
212.39	170.37
214.52	170.37
217.52	117.01
220.88	199.08
223.01	199.08
225.43	194.98
226.53	194.98
226.72	15.63
229.62	112.52
229.88	112.52
232.51	167.38
235.26	167.38
236.2	167.38
238.71	78.26
239.51	61.5
242.68	61.5
243.27	61.5
245.81	17.3
246.03	17.3
247.34	173.59
248.54	114.78
250.3	109.49
