1.91	44.26
3.02	44.26
5.52	44.26
7.67	83.39
9.31	83.39
12.65	6.13
12.95	6.13
14.74	6.13
16.13	90.58
18.58	90.58
21.19	181.42
24.0	181.42
25.56	4.87
26.97	4.87
30.36	4.87
30.73	29.95
32.64	29.95
33.47	29.95
35.57	88.14
38.63	119.58
41.28	119.58
41.58	119.58
45.08	184.55
45.83	184.55
47.12	184.55
49.58	94.76
52.62	94.76
55.67	73.73
55.8	174.21
55.91	174.21
57.97	45.5
59.07	45.5
61.46	45.5
64.85	92.51
65.57	3.97
67.09	3.97
69.7	3.97
71.45	36.8
71.97	36.8
72.2	128.27
75.23	193.32
78.56	193.32
81.75	193.32
82.85	151.06
83.51	151.06
86.42	223.5
88.73	184.2
91.89	184.2
95.13	225.47
98.02	137.62
98.24	137.62
99.07	222.18
100.83	57.77
101.92	57.77
104.9	166.64
105.41	166.64
108.53	166.64
110.69	0.94
111.1	0.94
112.48	201.78
112.77	201.78
115.3	201.78
116.75	178.28
117.08	178.28
120.08	178.28
122.61	206.08
123.85	206.08
125.48	206.08
127.85	142.35
129.65	95.71
131.66	95.71
132.06	95.71
134.16	126.4
135.69	126.4
138.16	126.4
141.01	134.13
143.1	128.79
144.01	165.91
146.79	144.88
147.33	204.8
148.29	31.61
151.1	31.61
154.36	7.33
157.75	156.61
161.13	156.61
164.32	156.61
165.76	54.83
168.85	54.83
170.33	54.83
173.48	7.24
176.22	7.24
179.44	7.24
181.55	171.77
183.37	171.77
183.51	216.64
186.25	70.59
189.19	140.13
190.99	140.13
192.01	52.04
192.44	52.04
192.63	52.04
193.17	218.13
196.11	218.13
197.01	121.29
199.95	121.29
201.84	121.29
205.28	97.65
206.88	97.65
209.34	215.23
210.81	49.66
213.11	49.66
215.38	124.68
218.48	124.68
219.35	69.13
219.9	69.13
221.33	69.13
222.57	143.04
224.36	143.04
225.02	77.92
225.16	77.92
228.62	220.06
229.49	163.56
231.06	163.56
233.77	163.56
237.23	55.84
240.0	55.84
242.18	42.23
243.0	125.77
244.45	125.77
247.54	39.84
249.28	198.8
252.17	198.8
