0.81	79.37
2.48	101.37
3.44	52.5
6.0	52.5
8.21	52.5
11.48	138.03
14.94	138.03
15.79	138.03
17.78	120.44
20.73	105.03
21.78	155.22
23.18	210.42
26.21	12.07
28.96	144.68
31.73	144.68
35.16	144.68
35.49	78.48
38.5	82.71
39.82	82.71
40.65	82.71
42.46	137.89
44.64	19.15
46.01	63.29
46.19	188.69
47.87	188.69
50.75	188.69
52.87	133.08
55.91	133.08
58.56	89.08
61.29	99.72
61.9	136.02
64.6	136.02
66.9	136.02
67.63	107.67
67.96	107.67
70.29	103.08
72.01	187.33
73.05	28.44
75.81	28.44
76.45	28.44
77.13	219.75
79.69	29.82
80.51	29.82
82.13	83.4
84.89	83.4
85.56	55.97
86.63	46.27
87.04	46.27
87.69	122.08
90.74	122.08
94.17	66.06
94.54	79.99
95.31	79.99
98.7	79.99
101.53	149.6
104.41	70.26
106.5	167.72
106.91	167.72
107.93	167.72
110.65	26.85
112.87	26.85
114.96	26.85
115.95	84.87
117.41	84.87
119.55	84.87
122.18	222.96
124.32	222.96
125.78	222.96
126.73	180.81
127.8	180.81
129.4	180.81
132.35	54.35
133.74	54.35
135.81	67.17
137.69	67.17
137.92	161.5
138.74	161.5
141.77	161.5
143.98	194.19
145.54	194.19
147.5	12.03
149.91	12.03
152.51	12.03
154.57	149.39
155.4	149.39
158.0	182.11
161.23	182.11
163.41	81.24
163.89	197.96
166.36	144.99
167.01	144.99
167.55	66.43
170.49	66.43
173.45	138.54
175.19	138.54
178.24	21.35
180.81	21.35
184.24	21.35
185.42	43.54
187.62	43.54
189.62	66.69
191.91	66.69
195.28	104.22
197.21	104.22
200.61	104.22
202.97	159.96
203.86	159.96
205.2	159.96
207.39	220.56
207.89	108.32
208.19	60.07
209.42	74.07
210.95	74.07
213.11	74.07
216.49	154.52
217.92	154.52
218.72	53.73
220.09	53.73
222.62	95.77
222.77	95.77
225.41	95.77
226.88	12.24
228.93	22.08
229.17	22.08
230.84	22.08
233.95	129.39
234.81	129.39
237.93	129.39
240.86	128.2
243.82	128.2
246.77	128.2
248.61	46.48
250.42	133.49
