1.21	136.23
4.46	136.23
4.64	136.23
5.75	214.29
9.03	7.43
11.75	7.43
12.25	147.11
13.72	147.11
15.3	147.11
18.21	153.57
18.58	153.57
20.46	29.22
20.95	120.95
21.52	120.95
22.25	120.95
25.16	222.08
25.29	222.08
28.64	132.1
29.9	44.96
33.35	44.96
33.97	102.59
36.05	102.59
37.21	40.94
40.37	40.94
42.5	106.96
44.67	106.96
45.1	106.96
48.09	103.18
48.94	138.74
49.25	138.74
49.71	134.71
52.94	133.68
55.02	133.68
57.63	133.68
58.38	49.83
61.1	49.83
61.81	49.83
63.91	51.92
65.83	51.92
68.78	127.02
71.39	127.02
72.61	75.51
74.08	75.51
75.52	75.51
75.71	139.3
77.35	52.92
79.77	18.72
83.08	18.72
84.31	18.72
86.58	39.62
89.6	2.0
89.84	2.0
92.41	2.0
93.62	107.92
94.21	93.91
97.29	93.91
99.98	30.93
101.78	30.93
103.48	24.93
106.49	24.93
108.93	195.39
110.57	97.42
112.96	124.19
116.43	124.19
118.54	124.19
121.91	194.11
125.08	194.11
127.09	194.11
129.27	79.52
129.87	139.03
133.35	139.03
136.77	184.24
139.06	184.24
141.54	82.45
144.82	82.45
147.99	3.32
149.77	3.32
152.22	3.32
155.16	74.48
157.27	74.48
158.6	97.39
161.36	97.39
162.55	97.39
162.7	141.87
163.29	141.87
164.14	180.31
166.76	199.58
169.94	199.58
171.85	199.58
172.89	137.57
173.2	199.17
175.51	199.17
176.68	199.17
176.98	92.26
178.44	92.26
181.58	163.85
183.04	98.72
186.01	98.72
186.9	98.72
188.11	189.79
188.68	220.05
191.87	220.05
193.39	220.05
196.33	54.32
197.92	80.66
198.92	158.84
200.7	169.02
202.01	169.02
203.16	105.18
204.59	105.18
207.51	192.65
209.71	154.93
210.28	70.78
212.0	108.6
214.95	108.6
217.14	182.73
218.79	182.73
220.42	223.89
222.7	223.89
223.8	223.89
225.18	221.88
227.99	221.88
230.05	221.88
231.72	30.51
234.78	30.51
236.71	135.08
237.13	135.08
238.59	46.03
238.89	46.03
239.66	46.03
242.87	20.35
244.0	18.58
247.18	18.58
250.0	18.58
