3.36	44.15
4.63	44.15
6.61	209.03
9.01	209.03
9.95	72.25
12.58	168.19
13.74	168.19
15.41	168.19
15.91	170.68
17.13	205.64
18.12	106.79
18.83	106.79
19.31	19.13
21.03	19.13
23.77	123.37
25.59	61.83
26.24	139.63
27.23	30.39
30.64	30.39
31.39	142.29
33.21	142.29
34.14	174.8
36.41	121.05
37.04	121.05
38.26	121.05
39.77	49.1
40.38	190.43
42.98	190.43
43.81	40.2
46.77	40.2
48.38	40.2
51.81	62.6
54.52	62.6
54.98	62.6
58.04	192.86
60.7	192.86
61.09	150.55
63.82	150.55
64.09	150.55
67.17	178.32
69.15	181.83
72.53	72.09
74.46	72.09
75.58	72.09
77.39	193.68
77.59	193.68
79.96	193.68
81.71	191.37
81.98	191.37
82.86	191.75
84.46	191.75
85.88	112.32
86.86	112.32
89.0	112.32
92.05	27.25
94.59	27.25
97.32	27.25
100.73	150.18
102.39	150.18
104.93	150.18
108.33	10.23
111.04	193.51
111.46	120.5
114.57	120.5
117.23	53.47
119.02	45.83
120.72	45.83
122.94	172.93
126.32	206.76
129.66	206.76
130.29	67.12
131.26	197.14
133.25	53.44
136.69	53.44
138.85	53.44
141.6	130.8
142.58	130.8
145.78	87.63
147.96	4.82
148.99	203.51
150.42	203.51
152.36	192.12
153.98	192.12
154.35	192.12
155.08	32.66
156.68	32.66
158.88	161.02
160.77	161.02
163.92	189.86
167.13	60.87
169.96	60.87
172.91	60.87
175.2	126.68
177.12	65.06
180.45	88.84
181.56	88.84
182.09	88.84
183.66	71.3
186.2	63.38
189.38	63.38
190.73	63.38
192.8	225.27
193.94	225.27
196.49	225.27
199.22	150.03
199.5	150.03
201.11	150.03
201.25	94.62
201.88	94.62
201.99	94.62
205.15	194.49
208.32	194.49
208.77	194.49
211.83	16.63
213.22	46.74
213.45	194.48
216.8	194.48
219.89	194.48
222.23	147.92
225.66	147.92
227.55	147.92
229.69	40.08
230.69	40.08
232.63	40.08
235.3	72.81
237.4	197.37
237.92	197.37
241.34	184.97
244.45	126.87
246.55	126.87
248.74	126.87
252.15	141.54
