3.0	87.4
4.54	87.4
5.24	87.4
8.33	7.87
9.13	201.19
12.17	75.06
14.56	75.06
14.96	30.78
17.45	30.78
18.89	30.78
21.48	9.32
21.72	104.93
25.12	104.93
25.55	218.52
28.62	129.91
29.4	129.91
29.53	129.91
30.4	86.51
31.34	86.51
34.64	86.51
36.38	124.0
36.87	124.0
37.78	17.06
41.21	143.18
43.59	52.85
44.8	52.85
45.01	154.8
47.32	154.8
48.12	154.8
49.16	59.3
51.87	59.3
54.67	59.3
54.78	57.19
57.84	57.19
58.79	71.36
60.21	71.36
62.2	70.11
64.53	70.11
67.25	102.91
68.3	102.91
68.46	102.91
70.92	199.65
73.79	199.65
74.48	77.92
76.47	77.92
78.15	77.92
80.57	48.42
80.96	48.42
82.33	48.42
83.33	110.2
86.36	110.2
89.28	102.67
92.36	102.67
95.71	102.67
97.47	146.97
99.8	146.97
100.59	146.97
100.88	155.74
104.05	112.61
105.63	112.61
107.89	112.61
108.3	97.06
110.28	25.89
112.13	98.79
113.65	98.79
115.7	35.53
118.92	35.53
121.62	35.53
123.25	172.16
123.45	172.16
124.31	75.42
125.39	75.42
128.29	61.19
129.82	61.19
131.67	61.19
133.51	145.98
134.19	145.98
135.02	145.98
136.05	164.3
136.38	164.3
139.5	37.68
141.22	37.68
141.64	37.68
144.12	196.76
146.26	214.15
148.13	214.15
149.68	150.05
152.95	52.19
153.62	52.19
153.96	52.19
155.8	121.36
158.08	103.18
161.43	103.18
163.42	132.34
163.73	132.34
166.27	132.34
168.81	19.86
169.77	19.86
171.73	19.86
173.53	10.31
176.82	10.31
179.33	211.78
182.42	211.78
184.4	143.87
186.73	143.87
188.67	205.56
190.49	205.56
192.43	205.56
194.12	16.64
195.69	16.64
198.83	8.64
199.91	27.44
201.82	27.44
203.19	39.29
204.32	39.29
206.96	199.92
207.22	199.92
210.43	188.33
213.42	177.68
216.57	177.68
218.97	177.68
219.72	79.71
221.56	129.35
222.95	129.35
224.96	161.1
228.05	161.1
229.91	161.1
233.4	152.71
234.79	152.71
237.4	87.08
239.92	87.08
241.21	87.08
243.92	174.95
246.19	174.95
248.34	174.95
250.21	101.98
