0.14	67.74
3.1	67.74
5.21	67.74
8.24	166.62
10.39	166.62
11.1	116.14
11.49	147.09
13.42	147.09
16.72	147.09
19.54	132.21
21.71	69.58
22.7	55.91
25.94	55.91
28.11	129.97
28.4	129.97
29.38	29.23
31.13	167.33
32.04	167.33
33.63	224.74
36.58	128.7
38.31	199.06
38.97	199.06
40.61	199.06
41.33	20.33
43.28	20.33
44.45	92.49
47.4	92.49
49.9	92.49
50.12	189.53
50.33	189.53
51.69	122.78
54.45	122.78
54.97	33.02
56.76	211.48
59.7	211.48
61.55	141.89
63.51	59.47
65.61	59.47
68.07	59.47
71.39	64.73
73.21	64.73
75.82	64.73
76.11	1.05
77.85	1.05
78.12	1.05
78.43	93.64
78.85	73.62
80.73	73.62
82.89	78.75
85.05	156.64
88.41	156.64
90.61	156.64
91.19	35.33
94.51	23.75
97.1	23.75
100.46	191.64
101.24	191.64
103.62	191.64
103.98	46.18
104.45	118.18
106.34	118.18
108.33	118.18
110.32	87.83
111.56	87.83
114.48	170.44
115.47	6.29
116.94	6.29
117.98	185.15
120.84	99.1
121.89	99.1
122.94	63.18
126.17	63.18
129.2	63.18
132.16	30.29
134.91	30.29
138.1	30.29
139.43	65.1
141.35	209.33
144.84	209.33
147.79	208.04
150.74	208.04
151.47	99.34
153.35	103.95
156.7	103.95
156.81	88.62
157.36	122.8
158.5	122.8
158.89	10.24
159.32	10.24
161.84	10.24
162.81	18.72
162.91	39.81
166.12	172.17
166.47	172.17
167.45	172.17
169.59	22.2
170.01	79.13
172.62	79.13
173.24	201.69
174.14	201.69
176.84	201.69
180.13	46.74
181.44	53.7
181.76	53.7
183.33	53.7
183.52	141.72
186.84	60.7
187.41	112.61
189.84	112.61
190.12	112.61
193.4	213.03
193.9	213.03
197.26	14.02
200.3	129.23
200.59	129.23
201.04	129.23
203.42	31.21
204.9	209.33
208.3	209.33
210.69	209.33
214.16	166.79
214.61	166.79
214.95	215.79
217.92	215.79
219.59	94.3
220.48	93.61
223.55	93.61
224.23	93.61
225.5	54.03
226.76	54.03
227.43	54.03
228.03	47.58
231.08	47.58
232.52	90.61
232.86	90.61
235.24	108.22
237.89	85.53
238.97	85.53
242.46	85.53
243.01	108.23
244.9	108.23
246.48	32.5
247.27	32.5
249.62	91.81
252.48	179.54
