3.46	72.83
4.3	43.58
6.32	43.58
9.36	43.58
10.01	198.55
11.13	177.89
11.35	177.89
13.04	116.54
14.22	116.54
14.96	5.26
18.03	54.55
19.53	54.55
20.97	118.75
22.51	118.75
23.9	134.33
25.14	134.33
27.88	188.51
28.28	188.51
30.66	218.97
32.04	218.97
35.06	199.98
38.08	136.86
41.41	136.86
42.97	81.53
43.8	81.53
46.18	81.53
48.94	124.65
51.44	68.1
51.9	219.98
53.36	150.7
56.35	150.7
58.39	150.7
59.14	161.03
59.38	161.03
62.83	161.03
63.74	149.85
65.03	149.85
65.41	149.85
65.86	4.57
69.14	144.88
70.41	144.88
71.82	144.88
74.26	213.3
74.38	213.3
77.22	213.3
79.12	141.97
81.18	182.71
83.32	182.71
84.91	195.98
88.1	195.98
90.74	96.48
92.84	96.48
94.85	63.47
96.86	63.47
97.78	181.96
101.01	181.96
103.54	181.96
106.09	122.65
108.8	122.65
112.26	122.65
114.54	148.37
115.01	40.22
115.64	116.4
118.18	116.4
119.15	62.67
120.89	62.67
122.98	62.67
126.01	161.31
128.69	175.78
129.2	175.78
131.39	12.77
131.52	136.76
132.21	136.76
133.03	136.76
133.27	166.48
135.71	129.0
138.37	47.95
139.84	29.94
141.25	29.94
144.35	29.94
146.33	80.55
146.69	80.55
149.42	80.55
150.85	55.53
153.31	55.53
154.23	78.13
156.42	78.13
159.09	78.13
161.24	9.01
163.12	9.6
164.47	9.6
166.0	9.6
168.27	123.57
171.66	123.57
172.65	151.77
174.01	151.77
176.46	151.77
179.03	11.2
179.48	216.18
180.62	17.31
183.54	17.31
184.93	1.73
186.02	1.73
188.36	1.73
190.56	122.71
193.06	81.66
194.21	219.52
195.93	219.52
196.87	110.37
198.32	120.83
200.6	120.83
202.89	120.83
205.25	41.42
208.66	41.42
211.34	166.83
213.83	166.83
215.35	91.75
218.8	91.75
221.94	91.75
223.69	42.5
224.69	42.5
227.22	83.47
229.59	83.47
230.17	199.73
230.59	199.73
231.11	199.73
231.94	121.82
235.42	121.82
235.59	207.47
237.24	207.47
239.41	207.47
241.53	219.75
242.09	219.75
243.53	219.75
243.75	199.89
247.23	199.89
250.38	56.2
