1.93	9.73
2.09	9.73
3.49	73.46
5.26	199.44
7.65	199.44
8.51	182.87
11.09	182.87
11.75	205.36
14.31	142.96
17.71	142.96
18.69	190.04
19.66	190.04
19.96	190.04
22.41	146.22
23.41	33.14
24.0	33.14
24.47	33.14
24.64	183.29
27.85	197.24
28.49	197.24
31.58	108.51
32.15	108.51
34.28	108.51
34.83	127.76
37.03	35.93
38.15	198.78
39.0	197.26
42.23	133.71
43.44	133.71
43.54	144.54
44.8	144.54
46.27	85.26
48.37	85.26
49.18	136.2
52.67	136.2
55.33	189.26
57.84	189.26
60.32	93.4
61.06	109.94
62.66	90.14
66.15	90.14
66.91	2.4
69.86	2.4
73.21	2.4
74.01	75.33
76.83	75.33
80.24	179.83
83.59	179.83
84.47	16.85
86.95	191.06
88.39	191.06
91.19	24.58
92.08	32.85
95.3	32.85
97.8	39.76
98.07	15.29
98.19	125.66
100.96	125.66
101.16	96.31
104.23	96.31
105.19	152.3
107.84	192.82
108.66	71.41
111.28	91.87
111.45	91.87
114.06	131.24
114.74	131.24
116.27	135.23
118.95	135.23
121.04	68.54
124.15	68.54
124.53	68.54
124.72	58.06
126.88	58.06
129.61	11.48
130.65	47.92
133.34	47.92
135.1	47.92
137.42	222.04
138.48	167.57
139.71	167.57
142.27	154.69
144.44	154.69
147.57	154.69
148.35	121.29
148.56	102.58
151.68	102.58
153.76	102.58
155.62	11.58
156.15	218.99
159.14	218.99
162.06	218.99
163.69	31.21
164.49	31.21
165.26	38.61
167.11	33.75
168.58	190.65
171.97	190.65
174.64	167.07
175.28	14.89
177.3	14.89
179.66	203.33
180.92	203.33
181.75	203.33
184.73	71.66
185.89	199.57
189.01	199.57
191.49	56.77
193.95	76.65
194.13	76.65
194.58	10.05
195.89	152.45
199.29	152.45
200.19	10.15
200.55	111.39
201.95	111.39
202.81	19.46
203.71	33.47
205.87	33.47
208.38	33.47
209.45	188.33
212.15	113.37
213.78	113.37
214.95	225.64
218.18	184.93
219.25	184.93
222.01	4.55
222.99	154.66
225.72	154.66
226.78	154.66
228.0	16.64
230.64	16.64
233.22	138.24
234.21	138.24
236.13	135.32
237.71	23.54
238.79	23.54
240.82	23.54
242.94	178.3
243.23	89.41
243.72	144.2
245.01	144.2
248.46	75.48
249.22	75.48
252.41	75.48
