0.75	134.59
3.25	134.59
3.69	41.0
6.78	127.7
7.34	127.7
9.36	63.63
12.74	63.63
16.21	63.63
17.65	90.63
19.75	84.78
21.84	84.78
23.97	129.97
24.53	129.97
26.76	124.32
27.4	157.87
27.92	219.76
29.7	154.99
31.67	154.99
33.75	154.99
35.3	32.79
36.3	6.25
39.09	6.25
39.84	59.86
41.42	218.78
42.92	218.78
45.44	218.78
47.26	106.71
48.98	106.71
49.34	131.97
51.76	131.97
54.98	131.97
57.72	114.27
58.99	114.27
61.13	114.27
61.33	214.42
62.78	214.42
66.06	214.42
67.16	22.9
69.67	209.14
71.93	213.72
73.28	150.25
76.05	150.25
78.02	150.25
80.96	83.31
82.5	107.45
84.06	107.45
85.04	28.35
86.68	189.18
89.99	10.0
92.9	10.0
95.96	30.85
98.03	30.85
98.37	122.57
99.86	40.84
100.53	58.31
101.34	58.31
103.77	58.31
106.05	21.17
106.42	21.17
109.76	43.88
112.84	69.04
116.1	29.46
116.48	29.46
116.73	183.76
117.74	183.76
120.75	183.76
121.37	118.79
124.1	118.79
127.08	118.79
128.91	138.39
131.69	138.39
135.06	138.39
137.35	124.29
138.16	124.29
140.27	124.29
140.55	196.94
143.24	175.0
143.5	175.0
144.28	105.25
145.01	105.25
146.29	38.38
147.72	38.38
150.99	38.38
152.33	53.83
155.56	16.4
158.42	79.79
160.61	79.79
162.27	79.79
163.38	224.46
166.88	224.46
168.29	224.46
171.33	13.23
172.32	13.23
175.56	13.23
178.67	53.47
178.9	2.25
181.22	2.25
183.03	30.18
184.84	30.18
188.32	30.18
188.56	169.15
189.19	223.01
189.91	49.14
193.16	49.14
195.94	49.14
197.49	37.64
200.79	37.64
201.81	37.64
204.14	107.41
204.47	107.41
205.92	119.68
209.38	119.68
210.44	172.98
212.26	172.98
215.17	172.98
217.08	111.39
217.29	111.39
220.23	110.46
222.33	110.46
225.16	19.19
227.92	88.14
231.34	88.14
234.77	88.14
235.06	171.99
235.23	171.99
235.38	110.76
235.79	131.27
237.35	31.16
239.71	31.16
241.07	31.16
244.08	112.52
246.5	154.13
248.47	154.13
250.11	80.77
