1.43	72.09
1.57	58.97
3.94	58.97
4.51	58.97
6.87	128.47
7.62	54.88
10.62	77.55
11.72	77.55
11.85	77.55
13.88	152.18
16.39	152.18
19.58	152.18
22.63	3.36
24.35	3.36
27.24	16.11
28.68	153.44
31.29	77.95
34.09	77.95
35.36	77.95
37.32	81.13
37.47	81.13
40.75	51.57
43.86	51.57
46.55	51.57
50.04	49.05
53.26	85.31
56.68	85.31
59.49	167.28
61.48	120.18
61.7	120.18
64.52	86.12
66.72	86.12
67.25	216.56
69.85	173.78
71.66	173.78
74.99	173.78
75.4	123.11
77.25	123.11
79.12	123.11
81.05	223.34
83.69	56.87
85.47	56.87
87.37	120.56
89.57	120.56
91.88	12.81
93.03	128.62
96.09	112.89
96.29	191.83
98.09	191.83
99.21	191.83
102.26	216.23
105.51	216.23
106.81	216.23
108.18	5.66
108.33	5.66
111.69	5.66
113.07	8.93
114.65	8.93
117.63	8.93
117.86	201.71
119.61	201.71
122.96	201.71
123.35	23.56
124.37	23.56
124.72	23.56
127.6	222.76
130.45	195.45
132.87	157.49
135.58	157.49
138.33	157.49
141.23	199.71
141.63	199.71
143.97	199.71
146.52	174.64
149.88	174.64
152.21	174.64
155.2	208.16
158.24	62.73
159.9	121.55
162.05	98.25
165.25	98.25
167.09	155.43
170.09	155.43
172.44	155.43
175.78	199.21
177.73	199.21
178.6	199.21
179.58	22.52
180.44	104.71
182.47	104.71
184.46	104.71
185.53	157.56
186.82	157.56
189.6	157.56
191.19	149.98
192.88	173.73
193.95	86.56
194.17	225.79
196.6	225.79
198.21	225.79
200.59	135.24
202.97	97.25
205.01	97.25
207.79	24.33
208.56	24.33
209.81	24.33
212.88	174.72
213.88	174.72
215.66	174.72
217.19	53.43
217.59	84.01
218.04	195.19
219.66	195.19
222.65	195.19
224.13	85.58
226.27	85.58
227.78	85.58
230.51	47.31
233.86	47.31
237.31	101.62
238.54	101.62
241.81	98.3
243.41	98.3
244.49	108.66
245.06	165.59
247.25	67.27
249.91	67.27
253.03	67.27
