2.25	58.99
3.73	58.99
7.07	58.99
7.28	120.83
8.15	120.83
10.93	72.41
13.08	72.41
15.92	165.39
17.12	133.09
19.42	1.05
21.33	1.05
23.94	1.05
25.33	189.2
25.69	52.26
28.56	52.26
31.0	57.06
34.08	57.06
36.37	57.06
38.25	171.37
39.65	171.37
40.0	171.37
41.58	52.07
43.99	87.23
46.84	64.74
47.83	64.74
51.2	139.97
54.62	139.97
58.07	139.97
61.05	121.46
62.05	121.46
62.25	150.78
63.07	150.78
63.29	220.01
64.55	220.01
65.88	220.01
67.79	132.14
70.94	179.89
71.89	179.89
72.77	9.57
76.07	9.57
78.8	155.36
80.46	44.0
82.9	114.82
85.87	141.54
89.34	141.54
90.78	141.54
92.37	131.62
93.04	131.62
93.67	128.22
94.62	128.22
95.28	13.33
96.84	13.33
99.97	193.32
102.72	193.32
104.12	193.32
104.31	88.35
104.92	33.51
108.13	33.51
110.95	33.51
113.92	1.48
115.19	62.16
117.58	62.16
119.92	62.16
121.99	52.14
125.2	52.14
128.33	52.14
130.31	195.27
132.85	195.27
135.68	195.27
137.83	111.04
140.47	111.04
143.42	179.62
146.09	179.62
146.52	179.62
149.15	96.03
152.65	96.03
153.8	96.03
156.47	157.35
159.61	45.15
162.47	45.15
164.6	28.19
167.72	28.19
169.2	91.73
171.85	91.73
175.05	91.73
177.67	102.92
179.88	183.56
180.32	108.16
183.12	108.16
183.82	157.97
186.28	208.07
187.5	220.97
190.62	220.97
191.56	220.97
192.42	145.38
193.51	145.38
195.92	105.67
197.96	153.42
199.28	153.42
201.49	28.63
204.34	28.63
206.69	1.35
208.68	177.41
209.24	177.41
211.03	145.58
213.35	145.58
213.83	126.98
217.28	126.98
217.55	126.98
220.03	92.02
222.06	115.43
222.7	115.43
223.85	115.43
225.19	182.15
228.56	185.76
231.95	124.84
234.69	124.84
237.09	54.67
238.32	54.67
238.82	47.36
240.14	47.36
243.02	149.58
243.71	149.58
247.0	77.2
248.24	85.71
248.56	85.71
251.49	85.71
