1.03	2.31
4.09	2.31
5.46	140.44
6.03	140.44
8.16	140.44
8.39	158.22
9.05	180.82
9.31	180.82
10.26	180.82
13.17	54.64
16.66	52.97
19.51	102.36
19.62	102.36
20.51	102.36
21.21	68.39
23.39	68.39
25.32	210.61
26.71	57.76
27.2	22.62
28.28	22.62
29.59	153.01
29.96	153.01
31.77	153.01
34.15	4.15
37.39	189.7
39.61	189.7
39.99	189.7
42.33	83.71
44.11	54.31
46.7	54.31
48.24	19.74
49.23	19.74
50.15	23.34
53.16	144.49
55.93	144.49
56.38	144.49
59.58	147.47
60.7	147.9
61.35	147.9
64.0	147.9
66.23	170.52
67.77	170.52
68.57	220.2
71.53	188.21
73.1	208.59
76.14	208.59
79.26	152.75
82.65	152.75
85.46	73.67
87.09	18.95
90.13	179.45
92.59	179.45
94.29	166.01
97.46	166.01
100.26	166.01
102.46	13.36
105.96	13.36
108.18	207.01
111.43	207.01
111.91	155.66
113.32	155.66
115.65	86.38
118.11	86.38
120.26	86.38
122.36	110.52
123.47	60.67
125.11	60.67
127.26	73.96
129.24	213.69
132.36	27.4
132.86	67.36
135.22	67.36
137.3	197.65
140.68	197.65
142.0	197.65
144.86	36.71
147.32	36.71
150.56	208.65
150.98	208.65
153.98	52.95
154.09	52.95
155.51	123.55
157.42	162.44
160.12	162.44
162.82	162.44
163.94	90.64
165.17	90.64
167.78	35.42
169.04	169.38
170.96	169.38
171.56	169.38
172.2	123.45
174.47	219.65
177.53	219.65
180.12	119.36
183.37	119.36
186.62	54.86
189.29	57.97
192.39	57.97
193.12	57.97
194.13	158.64
196.5	185.51
198.28	149.72
200.69	149.72
201.81	95.68
204.22	95.68
205.84	57.19
208.09	57.19
208.49	57.19
210.68	122.86
211.27	122.86
211.55	195.93
213.73	24.97
216.5	24.97
218.14	184.42
220.72	184.42
221.61	184.42
222.16	7.24
224.8	6.92
225.21	6.92
226.04	6.92
229.41	144.29
230.44	144.29
232.03	144.29
232.5	36.48
235.97	204.05
237.04	83.49
240.2	134.27
243.53	134.27
246.17	134.27
246.59	64.64
247.11	202.63
247.71	202.63
251.05	202.63
