3.19	105.78
5.71	105.78
6.14	105.78
7.65	73.78
8.55	73.78
11.55	73.78
13.68	34.39
16.38	105.52
18.24	99.97
19.5	99.97
19.97	99.97
22.1	81.19
24.15	188.23
24.58	188.23
26.16	197.5
26.95	94.17
28.64	191.46
32.08	191.46
32.85	116.23
33.48	193.98
35.87	193.98
36.3	46.51
39.2	46.51
41.3	46.51
41.51	129.49
43.39	129.49
46.61	129.49
49.05	95.53
52.34	18.8
52.54	18.8
54.86	176.04
55.23	176.04
56.92	29.16
57.54	29.16
59.97	29.16
61.03	91.96
62.19	91.96
64.09	48.08
66.53	212.56
69.19	212.56
71.41	62.97
72.39	176.55
73.84	164.29
75.04	164.29
77.83	164.29
80.56	200.49
82.67	200.49
85.35	215.29
87.61	215.29
88.93	20.48
89.98	146.18
92.14	146.18
94.79	108.55
96.91	108.55
98.88	108.55
99.53	123.58
100.74	123.58
103.56	123.58
106.46	66.28
109.0	66.28
109.44	66.28
110.99	53.54
114.11	153.17
117.5	153.17
119.75	153.17
120.98	165.22
122.22	165.22
122.57	165.22
125.21	21.13
126.93	221.85
127.67	207.64
129.07	207.64
129.5	55.64
131.29	55.64
132.59	55.64
133.81	90.57
135.7	90.57
138.91	90.57
140.16	220.02
142.91	220.02
145.73	52.33
148.96	106.56
152.07	106.56
154.03	106.56
155.22	172.58
157.22	172.58
157.75	172.58
159.27	175.57
160.44	131.89
163.36	131.89
163.55	131.89
167.01	23.01
169.77	190.72
172.32	190.72
173.55	190.72
175.77	210.99
178.46	38.45
179.01	38.45
179.6	224.1
180.67	224.1
183.66	133.18
187.08	133.18
189.73	194.95
190.68	194.95
191.5	194.95
192.22	89.35
193.5	89.35
196.84	89.35
199.08	165.72
199.44	165.72
202.53	165.72
203.59	92.5
205.71	207.62
207.12	207.62
207.88	159.45
208.71	159.45
209.5	80.01
212.48	80.01
213.23	80.01
215.57	23.95
217.08	23.95
217.93	127.02
218.58	127.02
222.01	127.02
222.91	94.1
225.03	94.1
225.9	94.1
227.82	51.18
228.96	51.18
230.6	51.18
230.85	209.27
231.34	209.27
233.22	209.27
236.46	225.31
237.19	60.95
239.52	60.95
241.53	60.95
243.32	64.55
245.33	162.88
247.36	203.33
249.62	203.33
250.88	203.33
