0.24	214.77
1.13	214.77
3.86	214.77
7.18	67.48
9.49	1.2
11.99	111.6
12.83	111.6
14.75	31.8
18.22	23.21
21.67	23.21
22.16	23.21
25.22	54.62
28.42	54.62
29.73	54.62
32.23	32.69
35.03	32.69
36.12	25.23
36.71	25.23
39.94	68.45
42.93	223.7
43.44	30.77
45.2	30.77
45.54	111.52
45.69	111.52
46.47	111.52
48.34	171.82
48.61	63.58
50.32	63.58
52.71	107.62
55.5	107.62
56.33	132.43
56.93	19.19
57.63	108.66
59.97	23.94
62.51	23.94
64.11	23.94
65.98	59.92
68.44	59.92
69.94	59.92
71.23	104.93
71.5	104.93
73.67	104.93
74.21	109.18
75.86	109.18
76.04	62.45
79.39	62.45
80.79	62.45
81.29	58.73
82.74	58.73
85.12	58.73
87.78	156.51
89.88	156.51
90.84	156.51
94.0	112.77
96.41	221.56
98.91	221.56
100.72	86.03
104.06	39.21
106.45	39.21
109.47	39.21
110.59	157.69
111.89	157.69
115.14	209.18
117.93	209.18
118.54	209.18
119.42	91.81
122.75	91.81
125.02	91.81
126.21	50.47
129.7	50.47
129.82	40.49
131.54	40.49
134.69	40.49
135.05	28.93
137.19	28.93
137.5	96.07
138.13	218.7
138.64	218.7
141.72	197.69
141.83	197.69
142.67	63.85
145.37	63.85
148.21	63.85
151.04	201.6
151.51	13.78
154.99	13.78
155.63	13.78
156.01	189.6
156.48	189.6
157.41	189.6
160.22	207.74
163.55	207.74
165.01	92.65
166.22	92.65
167.53	92.65
169.92	224.47
170.3	224.47
171.35	224.47
171.85	213.92
172.95	213.92
174.43	213.92
177.0	195.72
177.36	195.72
180.82	64.53
183.73	96.77
187.03	96.77
187.8	96.77
189.13	38.29
192.37	38.29
194.97	168.02
195.36	168.02
198.38	168.02
199.06	150.4
202.53	150.4
204.39	150.4
205.98	19.05
206.68	104.47
207.77	14.07
210.84	14.07
213.61	112.15
215.77	112.15
217.19	186.53
219.81	186.53
222.95	186.53
223.45	163.63
223.79	163.63
225.66	53.76
228.56	185.79
229.64	185.79
231.55	158.24
232.28	90.92
234.71	90.92
235.0	140.68
236.37	225.76
238.49	225.76
241.92	77.88
242.22	212.58
244.48	212.58
247.4	144.03
248.72	144.03
249.85	39.93
251.17	34.95
