1.68	121.88
2.28	121.88
2.7	39.87
2.91	39.87
3.1	49.33
3.4	49.33
6.84	11.61
9.29	11.61
12.61	163.18
14.03	163.18
17.17	68.69
17.29	68.69
20.05	112.48
21.05	112.48
23.58	34.57
24.58	26.83
27.55	26.83
29.24	149.11
30.01	22.48
32.15	22.48
34.17	7.85
35.33	7.85
38.68	7.85
41.09	59.97
42.67	59.97
44.46	59.97
45.26	103.78
45.44	103.78
46.41	103.78
47.13	118.74
50.32	118.74
53.63	118.74
56.7	120.8
58.3	120.8
60.62	120.8
63.97	208.42
65.92	208.42
68.24	208.42
71.63	92.3
73.09	96.71
74.31	96.71
76.1	96.71
79.56	118.31
80.52	121.7
81.18	121.7
81.84	121.7
83.37	207.92
85.71	207.92
86.07	186.2
88.06	48.41
88.19	57.49
90.06	57.49
91.65	57.49
92.16	153.11
94.15	74.86
96.44	74.86
96.63	74.86
98.08	61.46
100.51	61.46
100.61	27.8
103.36	27.8
104.5	27.8
107.24	167.72
107.54	167.72
107.9	167.72
108.76	91.22
112.21	91.22
112.47	91.22
115.73	46.06
117.27	42.5
119.39	42.5
122.42	7.57
125.08	7.57
125.34	126.11
126.65	126.11
128.29	112.21
131.29	167.33
133.58	78.1
136.94	139.89
140.08	139.89
143.54	147.78
144.43	147.78
145.61	147.78
146.3	179.95
148.04	179.95
150.6	179.95
152.64	53.35
155.38	14.72
157.78	14.72
161.17	90.28
163.22	148.16
166.66	144.67
170.01	144.67
170.55	218.87
171.36	117.13
171.78	117.13
175.01	117.13
176.9	222.43
177.17	222.43
180.59	28.02
181.53	28.02
184.45	135.94
187.73	135.94
189.97	214.66
191.29	158.55
194.17	210.41
195.28	210.41
198.4	210.41
200.52	131.28
201.16	174.61
202.04	174.61
203.39	174.61
204.75	179.92
206.74	179.92
207.57	179.92
209.36	136.74
210.22	136.74
211.09	77.4
213.95	77.4
216.09	77.4
218.65	131.56
222.06	127.73
224.51	47.03
227.41	47.03
228.43	47.03
231.09	100.55
231.89	100.55
232.21	100.55
233.01	77.65
233.69	77.65
236.73	77.65
238.44	167.56
240.84	157.88
241.07	157.88
241.84	160.78
242.77	160.78
245.43	160.78
246.78	203.19
248.83	203.19
252.07	203.19
