2.21	93.87
3.71	152.06
6.89	204.37
7.37	204.37
9.83	204.37
11.73	15.25
14.2	8.97
17.11	8.97
17.62	8.97
18.9	177.7
20.28	50.99
23.53	144.5
26.95	144.5
27.65	19.95
29.15	19.95
31.34	19.95
32.16	141.81
33.96	141.81
35.48	141.81
38.48	20.07
41.66	20.07
42.96	20.07
43.54	66.1
46.77	73.45
49.8	73.45
51.22	73.45
53.59	78.11
54.4	116.39
55.34	89.65
57.69	89.65
61.15	40.63
62.44	40.63
62.96	40.63
64.83	125.69
66.97	125.69
68.9	158.75
69.59	136.96
72.13	136.96
72.87	204.04
76.15	114.3
77.82	114.3
80.14	78.53
82.36	89.87
83.21	47.39
83.81	47.39
86.76	178.36
87.9	178.36
89.92	178.36
91.77	14.55
92.76	14.55
93.13	36.08
93.46	36.08
95.0	36.08
96.86	126.46
99.91	126.46
100.25	126.46
102.37	147.79
104.11	206.41
106.82	206.41
110.12	206.41
111.49	123.1
114.22	123.1
115.52	123.1
117.32	82.2
119.56	82.2
120.27	87.89
123.16	87.89
125.4	9.99
126.34	9.99
129.25	49.09
130.87	147.45
133.65	215.42
136.39	215.42
138.85	131.29
142.22	131.29
144.37	131.29
146.36	103.49
149.34	103.49
151.39	103.49
154.09	27.05
156.69	27.05
157.66	52.09
160.18	174.35
162.39	174.35
164.34	174.35
165.66	84.68
168.38	84.68
169.96	84.68
170.49	118.81
172.78	118.81
173.45	202.77
174.95	77.13
175.43	77.13
175.57	0.37
175.87	0.37
177.23	41.55
177.79	41.55
181.13	41.55
183.38	161.02
184.42	161.02
187.56	161.02
189.84	22.3
190.25	22.3
190.48	182.36
191.92	212.27
192.48	212.27
193.93	106.06
197.43	106.06
200.06	106.06
200.2	33.58
200.66	33.58
201.35	33.58
203.63	1.46
204.33	1.46
205.1	25.97
206.56	33.1
207.51	33.1
207.65	91.48
210.96	91.48
213.51	179.33
216.33	215.43
218.64	215.43
221.68	206.71
222.46	206.71
224.04	67.24
226.04	67.24
229.52	67.24
230.52	107.95
230.79	107.95
231.03	7.71
233.2	7.71
236.23	35.55
238.93	203.81
239.42	203.81
239.75	203.81
241.84	80.73
244.73	80.73
246.09	11.72
247.22	100.76
247.66	100.76
248.65	100.76
248.89	190.1
249.15	190.1
251.96	66.27
