0.61	123.36
1.77	123.36
2.32	196.26
3.69	172.56
5.09	162.72
5.23	190.31
7.54	190.31
7.91	137.85
8.72	137.85
11.66	114.93
13.28	144.76
14.59	119.4
17.76	119.4
18.45	119.4
19.33	50.7
19.53	50.7
21.66	216.32
24.04	216.32
25.32	216.32
28.2	157.91
28.79	157.91
31.96	157.91
34.9	32.36
36.75	80.44
40.22	89.71
43.64	89.71
45.78	89.71
48.41	178.23
50.28	178.23
53.4	178.23
53.79	128.06
56.66	128.06
58.54	128.06
60.94	201.93
61.2	201.93
62.77	83.24
63.42	83.24
65.83	83.24
68.64	140.87
68.8	225.93
70.0	32.89
71.65	66.47
72.56	66.47
74.27	66.47
74.49	103.05
77.57	103.05
80.39	103.05
83.23	9.05
84.66	9.05
85.03	9.05
85.74	71.46
88.91	71.46
90.6	27.67
90.8	27.67
92.9	42.85
93.67	42.85
96.22	77.36
97.0	77.36
98.05	119.22
98.48	49.65
99.24	131.62
99.76	131.62
102.73	24.77
105.61	24.77
107.11	24.77
107.95	66.3
110.21	66.3
112.24	66.3
113.74	58.33
116.86	58.33
117.67	216.01
119.06	216.01
120.77	169.08
121.71	169.08
124.87	10.44
127.41	10.44
130.69	9.92
131.62	215.33
132.82	165.22
133.5	199.21
134.78	199.21
135.38	199.21
137.82	126.4
138.55	126.4
139.37	42.24
142.47	168.24
143.33	168.24
146.81	168.69
148.13	168.69
149.53	168.69
151.52	148.46
154.48	221.99
155.28	150.13
156.56	77.64
159.27	208.11
160.31	189.41
161.16	90.28
161.84	90.28
162.44	24.78
164.64	207.37
166.71	207.37
167.29	207.37
170.41	225.78
173.17	225.78
176.32	225.78
177.82	178.2
178.32	178.2
180.33	178.2
180.72	89.38
184.15	89.38
186.76	142.13
189.15	142.13
190.61	142.13
193.86	207.4
196.46	207.4
197.18	207.4
200.58	155.47
202.66	155.47
205.32	155.47
207.02	183.41
209.5	183.41
211.82	183.41
213.58	68.78
216.29	68.78
218.9	68.78
219.39	187.07
221.92	187.07
223.92	187.07
224.84	158.23
226.19	158.23
227.9	136.66
231.08	136.66
234.39	75.27
235.01	75.27
236.0	133.75
239.21	39.9
242.45	39.9
243.16	39.9
245.2	199.07
248.04	55.34
250.67	55.34
