3.09	32.72
5.76	32.72
6.97	209.5
9.07	209.5
9.86	209.5
12.25	89.19
14.53	89.19
15.68	91.35
16.35	91.35
19.33	152.95
21.91	152.95
22.91	36.64
24.02	142.14
26.29	142.14
27.43	142.14
28.96	99.62
30.76	99.62
32.79	99.62
35.44	151.1
35.74	151.1
37.72	34.11
40.08	98.89
41.08	98.89
41.3	98.89
42.95	149.98
45.12	149.98
46.29	149.98
48.55	42.81
50.4	74.92
52.11	74.92
52.41	74.92
54.06	163.05
56.77	163.05
58.86	119.48
59.31	119.48
62.76	117.71
63.97	117.71
66.11	31.71
68.4	125.11
71.64	126.82
75.0	135.67
75.31	135.67
76.8	135.67
79.85	220.34
81.65	220.34
82.7	146.32
85.61	146.32
87.44	146.32
88.16	106.71
91.64	26.4
92.21	26.4
94.59	62.08
97.63	62.08
98.22	178.62
99.26	191.23
101.89	191.23
104.01	191.23
104.64	149.28
107.24	149.28
109.51	16.51
110.23	16.51
112.63	16.51
114.17	84.07
114.4	84.07
116.87	84.07
117.61	96.98
120.76	9.37
121.51	102.65
124.44	102.65
125.44	109.86
128.77	109.86
129.06	152.85
129.93	152.85
130.34	152.85
132.14	197.32
133.72	197.32
136.32	197.32
137.07	94.79
137.9	94.79
140.75	94.79
141.11	156.78
142.4	156.78
144.72	156.78
147.55	67.74
148.39	67.74
150.64	121.62
151.72	162.21
153.73	32.27
155.92	32.27
157.92	151.35
158.68	151.35
160.18	151.35
162.15	86.21
163.44	86.21
166.59	142.15
168.99	142.15
170.56	142.15
172.83	79.53
176.08	79.53
176.51	79.53
179.64	2.99
180.21	2.99
183.53	2.99
185.07	19.09
186.23	19.09
189.58	19.09
190.05	82.51
193.36	82.51
195.68	82.51
199.17	126.74
201.09	105.07
201.22	105.07
201.62	105.07
204.06	182.4
204.37	182.4
206.77	182.4
208.92	115.58
209.56	115.58
210.32	56.75
212.43	56.75
212.58	56.75
214.88	1.24
217.83	1.24
219.33	79.33
220.35	108.49
222.35	36.97
224.64	36.97
225.49	47.07
227.94	61.88
228.12	204.08
230.46	204.08
231.36	162.08
232.62	162.08
233.08	150.81
233.56	81.86
235.86	81.86
236.97	141.47
240.46	141.47
242.57	132.33
245.58	132.33
246.37	132.33
247.61	125.54
249.03	22.15
250.83	22.15
