0.52	148.78
3.39	148.78
4.52	148.78
6.69	207.45
6.92	207.45
10.2	207.45
10.79	70.04
13.86	70.04
16.78	70.04
19.66	96.37
20.32	96.37
22.78	204.55
23.65	204.55
24.14	162.95
26.5	60.26
29.06	60.26
30.93	60.26
31.59	129.04
34.3	129.04
36.69	24.06
37.66	24.06
40.0	61.78
42.75	61.78
45.08	128.81
47.82	128.81
48.44	169.93
50.35	169.93
52.48	17.94
53.34	17.94
56.56	17.94
59.46	118.27
62.87	74.69
65.78	74.69
69.19	74.69
70.14	59.74
73.6	59.74
76.15	174.44
79.3	174.44
80.09	138.76
80.48	138.76
81.16	90.58
83.06	90.58
85.1	90.58
86.06	117.42
89.12	117.42
91.58	117.42
94.24	139.58
97.62	51.45
98.38	51.45
98.73	51.35
99.55	51.35
100.47	61.41
103.43	61.41
104.29	61.41
107.53	125.35
110.4	73.84
111.1	73.84
112.3	73.84
115.62	5.47
116.79	5.47
120.21	5.47
123.15	25.93
125.2	25.93
127.72	139.7
130.99	139.7
132.41	139.7
133.46	106.03
135.02	110.96
136.12	110.96
137.87	110.96
138.65	112.9
141.96	112.9
142.79	127.29
145.81	127.29
147.24	127.29
148.44	141.27
151.23	132.2
153.99	132.2
154.33	132.2
157.78	43.18
161.12	43.18
162.54	209.25
163.72	66.12
164.76	66.12
165.09	66.12
167.1	72.2
169.64	72.2
172.55	72.2
174.92	58.09
176.58	71.43
177.07	163.24
178.13	94.99
179.08	94.99
181.65	166.31
182.61	166.31
183.09	166.31
183.97	203.97
186.07	203.97
187.73	203.97
187.88	148.83
191.07	148.83
193.9	23.03
197.05	23.03
200.39	23.03
200.82	198.66
204.08	198.66
205.01	198.66
206.54	200.46
208.46	200.46
209.93	200.46
211.77	74.22
213.48	137.43
216.39	137.43
218.7	161.14
222.0	161.14
223.16	161.14
226.28	170.59
229.0	170.59
231.45	170.59
232.83	123.34
235.82	216.29
237.59	79.57
237.95	79.57
238.69	79.57
239.75	58.93
240.5	58.93
241.23	58.93
241.82	87.23
242.36	87.23
244.97	87.23
248.03	134.21
249.04	134.21
250.01	100.16
