1.25	154.6
1.79	0.49
4.04	152.33
6.62	152.33
7.89	132.13
9.41	96.47
11.78	96.47
14.55	218.08
15.39	208.87
15.72	60.06
18.39	60.06
21.66	67.05
23.74	67.05
24.59	67.05
26.9	171.58
28.92	171.58
30.66	171.58
32.97	164.24
35.75	164.24
38.27	186.1
39.34	186.1
41.1	98.19
44.31	98.19
44.54	98.19
44.99	11.46
48.05	11.46
49.1	11.46
52.11	88.0
52.3	10.0
55.16	10.0
55.66	158.31
56.83	158.31
59.89	51.39
62.65	51.39
65.44	51.39
66.73	188.51
67.27	188.51
70.62	188.51
73.44	211.88
74.65	106.39
77.36	106.39
77.89	48.82
80.91	48.82
81.89	113.06
84.34	113.06
86.82	113.06
90.24	161.46
92.24	45.15
93.42	17.87
95.87	17.87
99.32	17.87
102.33	186.51
105.54	186.51
108.73	206.04
109.29	185.41
111.8	149.5
114.33	65.97
116.81	221.31
119.05	221.31
119.73	221.31
123.04	194.42
124.14	101.06
127.59	101.06
128.06	101.06
130.01	182.2
132.96	27.7
136.15	27.7
139.01	27.7
139.36	109.74
140.73	152.09
142.52	152.09
145.15	152.09
146.67	54.31
146.84	54.31
148.84	54.31
150.47	69.05
153.61	213.9
154.89	213.9
156.27	213.9
157.94	157.99
160.58	157.99
163.24	157.99
165.05	68.79
167.07	68.79
167.85	68.79
170.26	199.77
171.54	151.93
172.93	151.93
176.07	151.93
176.55	19.04
178.14	19.04
178.88	166.84
181.73	166.84
183.97	166.84
184.5	175.24
186.68	175.24
188.01	175.24
190.95	127.33
194.23	127.33
194.94	86.73
197.37	27.33
198.42	27.33
199.43	27.33
200.7	204.57
202.8	204.57
205.1	204.57
206.03	41.74
208.37	224.91
210.94	224.91
211.86	224.91
215.03	114.44
218.37	114.44
221.58	116.47
221.8	179.56
223.35	179.56
226.17	179.56
226.45	40.78
227.29	40.78
227.83	44.68
229.92	71.94
230.28	71.94
232.25	71.94
232.76	146.87
236.23	20.56
236.77	181.1
238.75	181.1
240.81	181.1
241.45	66.07
244.08	213.83
247.48	213.83
250.89	141.28
