1.89	64.92
4.85	64.92
5.15	64.92
7.04	180.28
8.89	164.25
10.4	164.25
13.12	122.76
14.36	122.76
16.12	122.76
18.14	110.5
20.33	110.5
23.6	110.5
25.83	85.97
29.05	85.97
32.42	205.41
35.85	205.41
37.31	205.41
38.35	73.57
40.92	73.57
41.43	13.92
43.63	13.92
44.71	13.92
45.59	20.4
48.04	20.4
49.93	20.4
51.38	55.62
52.07	55.62
54.91	88.97
56.1	87.23
58.57	87.23
61.33	2.04
63.89	2.04
65.61	2.04
68.13	188.62
69.94	156.75
72.69	156.75
72.93	110.29
73.45	110.29
73.83	110.29
74.31	94.16
77.8	94.16
80.71	94.16
82.99	175.64
86.29	8.47
89.44	8.47
89.71	78.6
91.67	78.6
92.97	78.6
93.42	84.01
94.5	88.25
95.22	112.24
95.92	112.24
99.26	112.24
100.27	222.45
103.14	222.45
104.29	222.45
105.53	198.72
106.48	198.72
107.15	66.22
110.0	185.57
113.29	185.57
113.8	185.57
115.53	46.69
118.75	46.69
119.99	46.69
123.29	182.44
125.56	182.44
126.07	63.65
128.6	63.65
130.9	63.65
131.1	114.86
131.98	114.86
132.62	157.54
134.17	157.54
136.09	96.2
136.33	96.2
138.94	148.78
139.87	158.18
140.95	102.45
143.87	102.45
146.66	172.37
148.09	172.37
149.09	172.37
152.33	147.79
153.75	147.79
154.94	117.83
156.28	117.83
159.52	117.83
161.93	194.83
162.67	50.96
163.51	50.96
164.24	50.96
165.51	15.07
168.94	15.07
170.73	151.6
171.07	151.6
173.13	151.6
175.74	214.08
176.31	27.23
178.23	110.11
179.51	110.11
180.97	105.82
181.45	105.82
183.12	105.82
186.14	68.88
188.74	68.88
191.2	190.36
192.55	190.36
196.0	20.45
196.78	20.45
200.05	20.45
202.83	193.08
204.19	193.08
205.18	193.08
206.55	208.78
209.86	191.84
213.21	108.38
216.61	98.42
217.35	98.42
218.87	147.65
219.64	148.1
222.36	148.1
224.83	148.1
225.07	74.17
226.51	74.17
229.69	74.17
230.11	180.92
231.79	180.92
233.3	180.92
234.27	91.23
237.46	91.23
240.5	136.43
241.03	85.37
244.44	85.37
246.14	136.44
247.77	136.44
250.21	78.53
