1.12	33.23
1.76	0.44
3.99	0.44
7.49	96.09
8.65	96.09
12.11	187.76
13.25	187.76
13.78	187.76
14.17	46.92
16.63	46.92
19.48	46.92
22.74	167.06
25.25	167.06
27.04	167.06
27.31	28.63
28.5	182.26
28.93	182.26
32.41	65.73
33.29	65.73
36.1	77.18
36.52	77.18
40.0	77.18
40.8	153.63
43.55	153.63
46.13	153.63
46.72	102.89
47.36	102.89
49.26	102.89
52.39	74.12
54.84	74.12
57.43	100.09
57.63	106.1
61.11	106.1
63.38	89.63
64.14	89.63
66.38	89.63
68.29	208.93
69.1	208.93
71.66	69.86
74.72	69.86
77.42	197.16
80.21	117.63
81.7	117.63
82.83	134.73
85.23	134.73
85.91	115.0
86.16	115.0
88.96	17.15
92.04	17.15
92.43	17.15
94.74	133.79
96.17	203.05
99.24	203.05
99.95	203.05
100.21	75.43
100.33	75.43
100.87	8.42
103.52	8.42
105.74	74.52
107.03	74.52
107.51	59.8
109.11	59.8
112.21	59.8
115.19	220.17
116.62	24.84
117.32	182.26
120.77	182.26
122.51	182.26
125.71	66.01
128.23	147.8
130.18	89.32
131.92	89.32
132.77	89.32
134.86	132.97
137.64	132.97
140.64	132.97
143.84	2.49
144.56	2.49
146.06	221.47
149.39	83.11
151.7	142.36
153.55	142.36
156.44	207.48
159.63	62.57
159.87	117.32
160.53	117.32
160.99	117.32
161.99	183.39
164.73	5.06
166.73	5.06
169.49	5.06
169.65	157.39
170.58	157.39
173.92	157.39
175.91	104.9
176.09	170.63
179.34	224.77
180.16	65.07
183.39	46.35
184.55	46.35
184.9	75.82
187.59	75.82
187.95	75.82
188.13	213.79
188.42	136.87
191.02	136.87
193.68	13.31
195.48	13.31
196.54	24.4
199.87	24.4
201.63	24.4
204.96	112.1
207.49	112.1
207.86	165.23
207.96	153.22
209.87	153.22
211.73	142.34
213.62	142.34
216.99	142.34
217.15	146.92
219.47	146.92
221.27	146.92
221.51	101.86
223.24	148.35
225.78	148.35
228.67	212.39
229.67	212.39
232.65	195.76
233.28	127.78
235.89	9.14
239.11	172.85
241.05	172.85
241.35	217.13
242.71	217.13
245.39	217.13
246.19	171.04
248.22	171.04
248.82	171.04
251.67	100.06
