2.63	84.91
4.77	163.19
8.03	193.71
9.97	130.47
12.25	130.47
13.16	198.8
16.02	198.8
18.71	211.92
19.76	168.47
22.74	168.47
25.36	164.22
26.59	214.94
27.74	136.31
29.77	15.09
30.55	102.58
32.29	102.58
34.87	197.16
35.4	188.09
38.06	188.09
39.95	188.09
43.06	153.15
44.81	153.15
46.54	105.67
48.06	105.67
50.47	75.41
52.87	210.86
53.1	210.86
55.0	210.86
56.88	75.58
59.27	75.58
62.5	75.58
64.58	9.71
65.87	39.77
68.22	194.37
70.21	194.37
72.39	57.44
75.79	138.89
76.1	103.94
76.79	61.82
78.32	201.92
79.01	13.91
81.68	121.96
82.69	50.66
85.53	50.66
88.56	50.66
88.95	121.15
92.24	121.15
92.67	144.79
93.13	144.79
94.14	129.33
94.26	129.33
97.33	129.33
98.3	63.72
98.89	63.72
99.2	63.72
99.48	30.33
102.89	73.29
104.09	73.29
107.49	201.27
110.01	201.27
111.68	201.27
114.32	179.72
114.9	62.49
116.19	62.49
119.66	62.49
119.89	115.19
123.27	115.19
123.98	115.19
126.67	133.71
127.03	51.2
129.49	51.2
131.45	199.04
133.5	209.5
135.82	209.5
137.35	209.5
140.09	101.01
143.12	101.01
143.94	101.01
144.23	185.4
147.25	73.27
150.31	169.87
153.65	169.87
156.53	167.77
158.85	182.67
161.52	182.67
164.57	143.26
167.21	143.26
167.55	143.26
170.8	184.33
172.55	184.33
172.76	184.33
174.99	186.05
178.18	186.05
179.55	186.05
181.12	33.09
183.29	33.09
185.83	110.06
188.21	110.06
188.57	110.06
191.17	95.04
192.07	20.23
193.98	129.84
197.33	177.97
198.84	143.17
200.42	143.17
201.43	143.17
203.74	211.43
205.69	66.49
207.73	43.23
208.25	43.23
211.67	43.23
212.86	79.38
215.42	155.25
216.23	155.25
219.05	155.25
221.92	14.52
222.27	14.52
223.11	195.79
225.65	195.79
227.35	195.79
229.74	142.18
231.2	142.18
233.94	120.38
236.42	120.38
238.89	120.38
239.01	8.97
239.87	8.97
241.93	225.84
244.92	225.84
245.85	132.15
249.14	106.8
251.95	46.33
