0.22	17.35
3.46	10.75
6.62	10.75
7.16	10.75
8.76	212.09
11.85	212.09
14.85	212.09
15.24	34.39
16.37	34.39
16.83	177.86
18.48	177.86
20.4	81.5
21.72	81.5
22.48	81.5
22.84	61.66
23.72	61.66
24.91	57.47
25.07	57.47
27.08	57.47
30.45	94.55
32.92	94.55
35.87	94.55
36.8	104.14
40.09	194.35
40.92	194.35
44.32	95.71
47.02	176.16
49.82	176.16
51.32	176.16
53.71	97.49
56.03	97.49
58.44	97.49
59.84	140.23
60.44	47.75
62.57	142.51
64.65	142.51
66.87	142.51
69.52	171.23
71.8	171.23
72.66	173.66
73.45	173.66
73.83	173.66
74.7	16.78
76.68	16.78
80.12	16.78
82.81	196.84
82.94	196.84
85.72	196.84
87.94	156.6
89.01	137.87
91.52	137.87
92.68	158.14
93.27	158.14
96.57	204.94
97.89	204.94
98.52	157.3
100.85	157.3
101.54	157.3
102.45	174.39
104.16	174.39
104.87	174.39
107.27	179.0
110.6	179.0
113.45	50.74
115.54	72.73
117.77	72.73
118.86	30.45
121.64	30.45
123.02	85.43
124.52	37.3
125.48	34.08
126.21	34.08
127.26	1.72
130.63	22.96
131.62	22.96
134.11	22.96
137.43	180.3
138.84	180.3
139.04	180.3
141.53	58.77
143.98	58.77
144.53	210.5
146.51	210.5
148.69	210.5
148.98	45.13
150.93	197.96
154.28	166.85
157.45	157.19
157.82	30.67
161.21	125.07
161.91	38.56
164.45	38.56
166.3	10.44
167.74	10.44
170.12	10.44
171.28	40.06
172.03	40.06
173.51	98.96
176.08	98.96
178.58	98.96
181.3	0.29
184.41	0.29
187.15	80.17
189.55	80.17
192.07	80.17
193.02	84.78
193.65	84.78
195.45	154.26
198.11	156.68
201.51	156.68
203.59	156.68
206.52	1.43
209.89	1.43
211.84	1.43
214.74	99.51
216.23	99.51
216.47	96.4
219.28	96.4
221.67	96.4
223.33	19.25
225.04	159.84
225.55	159.84
228.56	159.84
231.12	139.77
232.16	139.77
232.67	139.77
234.68	151.66
237.48	151.66
239.4	151.66
241.6	43.83
245.04	84.62
246.07	84.62
247.46	84.62
250.75	222.11
