0.37	7.19
1.33	135.69
4.23	135.69
5.35	135.69
7.81	52.07
8.47	163.42
10.93	163.42
11.67	141.64
12.04	83.93
14.09	127.31
14.84	127.31
16.87	127.31
20.23	187.6
21.62	187.6
23.88	187.6
27.16	77.47
30.51	77.47
33.04	77.47
35.16	19.84
37.97	133.42
38.82	133.42
39.36	169.36
40.53	23.14
40.83	23.14
41.47	23.14
44.19	19.9
46.46	15.44
47.42	96.01
50.02	96.01
52.71	222.39
55.84	222.39
59.06	222.39
62.19	59.46
63.77	59.46
66.53	59.46
68.75	169.38
69.86	169.38
72.33	169.38
73.04	179.71
75.73	224.04
76.36	2.9
79.59	2.9
81.26	122.04
83.81	49.87
84.04	47.58
85.68	35.67
86.51	35.67
88.27	35.67
88.6	158.52
91.05	158.52
93.73	158.52
94.37	121.72
96.31	17.12
97.45	65.64
100.13	65.64
102.92	65.64
103.35	165.22
106.78	165.22
107.42	165.22
107.63	38.89
110.8	38.89
113.16	126.97
115.66	126.97
118.53	139.45
121.27	139.45
122.03	139.45
124.86	89.19
128.18	89.19
128.89	89.19
131.47	182.14
134.79	182.14
135.55	8.21
136.34	8.21
136.74	8.21
136.85	159.22
137.4	159.22
138.88	159.22
139.56	210.1
141.07	210.1
144.03	210.1
147.12	64.7
148.58	64.7
151.56	158.94
154.83	2.59
155.44	110.88
158.17	110.88
158.37	84.5
159.37	84.5
162.56	156.61
164.7	79.83
166.83	79.83
170.22	181.71
171.64	74.0
173.92	127.64
174.44	139.32
174.68	139.32
175.56	139.32
177.46	76.48
179.85	76.48
182.49	76.48
183.96	2.38
187.28	2.38
190.24	145.59
191.07	174.27
191.55	174.27
192.49	161.19
192.72	32.28
195.43	32.28
197.99	86.26
198.86	86.26
198.99	159.52
201.72	159.52
202.75	159.52
205.5	100.36
206.21	92.07
208.56	92.07
211.84	140.55
213.19	140.55
213.81	140.55
217.03	16.05
219.75	16.05
221.84	16.05
222.26	126.02
223.53	126.02
226.59	83.93
228.56	163.66
229.17	163.66
230.29	40.98
233.21	146.72
233.99	150.03
235.21	150.03
237.53	136.96
238.77	136.96
239.52	9.28
242.43	224.13
243.41	40.34
245.76	40.34
245.89	176.78
248.73	153.95
248.88	206.63
249.65	206.63
252.69	206.63
