0.3	158.51
2.95	158.51
5.95	191.48
7.02	136.48
7.99	104.0
11.21	104.0
12.81	104.0
13.78	176.53
15.73	176.53
18.1	146.09
20.05	146.09
23.24	146.09
25.04	26.48
27.99	56.28
28.48	173.75
29.78	193.4
32.82	193.4
34.02	175.71
34.56	175.71
36.26	64.7
39.23	64.7
41.71	58.17
44.05	65.92
45.23	65.92
48.21	65.92
49.86	89.5
50.71	117.68
53.15	117.68
56.39	117.68
59.06	145.28
59.44	106.98
62.32	190.47
63.38	190.47
63.5	64.86
66.89	64.86
68.86	64.86
69.73	52.79
71.94	62.95
74.93	62.95
75.13	62.95
76.22	202.91
78.59	202.91
79.47	26.45
82.81	167.06
85.67	167.06
86.76	167.06
88.91	135.52
89.11	6.82
91.65	6.82
91.75	6.82
93.42	150.85
95.32	150.85
97.08	160.98
100.43	160.98
103.21	181.4
105.8	181.4
107.74	214.83
108.18	139.86
109.39	139.86
111.44	110.73
112.89	110.73
114.49	180.37
116.65	180.37
117.75	174.73
118.54	162.54
120.49	162.54
123.88	60.43
124.13	94.86
124.79	94.86
125.17	53.29
126.5	53.29
129.77	102.93
132.56	102.93
133.43	102.93
134.31	215.22
137.44	215.22
139.78	215.22
140.53	197.59
143.62	105.67
144.67	105.67
145.43	105.67
146.53	9.91
149.49	90.16
151.24	90.16
153.76	28.59
154.78	28.59
157.81	95.19
158.08	205.85
160.34	205.85
162.63	205.85
163.2	172.54
166.18	172.54
168.11	172.54
170.64	201.37
172.44	23.81
174.22	191.69
174.96	205.72
177.45	205.72
178.61	205.72
178.98	119.35
180.3	119.35
182.23	97.48
183.93	87.33
184.25	86.81
186.38	203.68
188.59	203.68
189.52	88.81
189.85	88.81
190.85	88.81
190.98	43.49
191.47	217.19
193.49	217.19
195.19	217.19
196.78	52.02
198.04	52.02
198.6	52.02
200.09	119.17
203.57	119.17
205.3	119.17
206.22	70.32
208.49	70.32
210.4	67.96
211.83	176.17
212.9	176.17
214.28	220.76
216.32	220.76
217.84	220.76
219.17	65.35
220.94	85.32
221.7	100.62
223.84	100.62
225.6	219.97
226.86	219.97
227.82	57.02
228.99	57.02
231.25	57.02
234.28	113.84
234.53	194.19
236.2	194.19
238.92	17.38
241.37	17.38
242.56	17.38
243.65	32.38
246.43	32.38
248.46	32.38
250.22	23.47
