2.5	123.13
5.74	123.13
8.86	123.13
11.77	26.97
12.58	26.97
15.0	26.97
15.21	140.09
16.09	127.88
17.21	89.25
17.54	34.37
17.81	34.37
20.86	24.09
22.46	14.18
22.66	14.18
24.7	84.96
26.16	84.96
27.84	85.13
28.08	102.17
28.21	102.17
29.94	131.27
31.5	131.27
32.13	131.27
33.98	91.56
35.8	189.18
38.57	56.79
40.59	151.12
43.88	151.12
45.06	159.12
47.7	159.12
51.02	20.3
51.89	20.3
52.84	14.25
53.79	14.25
54.43	14.25
55.92	0.8
56.69	148.8
59.3	148.8
60.67	58.04
61.57	181.93
64.82	181.93
67.54	181.93
69.45	8.45
72.0	38.95
72.2	36.71
73.13	36.71
73.94	100.65
74.99	100.65
77.76	155.09
79.71	155.09
82.33	155.09
83.76	90.46
86.01	90.46
89.46	24.64
91.03	24.64
91.24	24.64
94.29	215.72
94.82	215.72
96.19	54.72
96.84	54.72
99.6	158.06
101.04	158.06
102.54	20.69
105.33	20.69
106.05	20.69
108.04	26.7
108.44	10.87
109.17	10.87
110.55	10.87
111.62	203.02
112.88	32.56
113.13	32.56
116.14	32.56
118.2	174.15
119.19	174.15
122.24	174.15
123.55	75.31
123.7	75.31
124.11	21.84
126.92	35.11
127.67	35.11
129.43	130.56
131.33	130.56
132.7	149.56
133.16	149.56
134.38	34.74
136.44	34.74
137.71	8.89
139.53	8.89
141.75	8.89
144.84	4.97
146.54	4.97
146.88	4.97
149.98	154.31
151.59	154.31
152.72	154.31
155.46	181.3
156.34	170.72
158.96	170.72
159.62	171.46
160.36	171.46
161.96	57.4
162.7	53.93
165.09	53.93
168.47	125.41
170.91	125.41
171.56	207.2
174.31	223.65
177.06	165.42
179.7	147.18
181.24	190.54
181.53	190.54
184.15	219.98
184.87	219.98
185.95	219.98
189.02	155.77
191.39	155.77
191.88	155.77
194.28	96.12
194.84	146.25
195.4	62.89
195.66	62.89
198.25	62.89
198.51	190.04
198.95	190.04
200.85	139.66
202.89	139.66
204.41	139.66
206.07	54.87
208.67	54.87
211.37	54.87
212.3	30.89
215.44	193.34
217.43	18.69
219.88	68.45
220.19	68.45
223.26	108.29
224.42	108.29
225.9	108.29
226.55	130.93
227.47	130.93
229.96	183.62
231.22	183.62
233.09	183.62
235.8	133.97
239.19	133.97
242.15	133.97
243.23	92.09
245.66	92.09
247.25	92.09
247.43	3.38
248.84	214.56
249.05	214.56
249.62	214.56
252.32	182.18
