2.72	164.24
4.02	10.27
4.29	43.89
4.46	169.07
5.32	169.07
7.04	169.07
9.51	88.5
10.93	88.5
14.23	9.51
14.73	9.51
16.71	209.09
19.45	209.09
22.56	28.82
24.86	28.82
26.09	143.29
29.08	143.29
29.22	150.13
29.82	155.67
30.89	155.67
33.37	213.26
35.42	137.83
35.8	64.71
39.08	64.71
40.16	11.84
42.9	11.84
46.2	11.84
49.49	218.81
52.67	218.81
54.3	218.81
56.72	22.44
56.91	22.44
60.37	22.44
62.34	50.64
63.48	47.58
64.92	164.77
66.23	164.77
67.72	164.77
70.9	124.64
73.54	124.64
76.84	161.24
77.33	161.24
80.73	120.6
81.78	88.93
82.44	88.93
83.33	154.66
83.6	154.66
84.04	201.95
85.74	201.95
88.86	206.56
91.61	206.56
92.31	199.45
94.32	199.45
95.88	99.28
99.13	110.99
102.27	110.99
102.59	171.77
103.25	169.13
106.17	169.13
109.58	98.2
111.63	220.4
112.43	220.4
115.29	220.4
117.91	49.17
121.11	49.17
123.22	92.02
125.11	92.02
126.59	92.02
129.95	56.33
132.47	75.88
134.03	75.88
136.32	5.54
136.93	5.54
139.86	38.04
140.92	64.85
142.43	64.85
145.51	205.48
147.76	77.56
148.27	101.67
148.59	101.67
151.0	101.67
151.95	174.62
152.51	98.53
155.74	98.53
158.96	98.96
162.46	98.96
163.35	98.96
166.79	202.93
167.89	202.93
169.53	91.47
172.25	91.47
172.87	210.26
174.71	210.26
177.34	205.13
179.91	205.13
180.56	205.13
182.42	7.93
183.62	101.44
184.5	101.44
185.72	101.44
187.85	43.86
189.47	43.86
190.33	43.86
193.23	79.89
193.43	212.79
194.82	212.79
197.52	212.79
199.84	58.55
203.28	58.55
205.9	58.55
207.03	177.53
210.25	177.53
212.22	177.53
214.91	96.26
217.75	109.13
218.24	109.13
218.77	138.26
220.31	138.26
222.16	219.33
224.13	219.33
226.16	81.32
227.86	23.3
228.18	23.3
229.37	101.36
232.7	101.36
235.86	6.29
237.51	208.24
239.25	208.24
239.85	208.24
241.8	53.73
244.37	26.35
244.7	26.35
245.76	26.35
246.6	26.63
247.78	26.63
249.59	116.97
250.15	116.97
