3.06	89.88
3.52	106.98
6.14	106.98
7.7	115.61
9.45	27.43
9.96	27.43
13.02	132.78
16.45	132.78
17.04	123.26
18.91	123.26
19.62	210.69
22.04	196.9
25.01	113.03
28.26	113.03
30.81	188.02
31.05	188.02
31.38	185.21
34.84	185.21
37.96	192.01
39.07	192.01
41.91	192.01
45.26	81.91
48.04	83.99
50.45	76.7
50.79	225.58
53.02	225.58
55.34	125.54
56.54	125.54
57.24	125.54
57.38	165.56
60.31	165.56
61.82	165.56
63.26	69.04
64.18	69.04
64.45	69.04
67.36	143.56
70.12	205.68
71.2	205.68
73.27	205.68
74.86	188.67
75.62	188.67
76.72	216.68
76.84	216.68
79.51	216.68
82.81	200.87
85.37	200.87
87.1	22.58
87.96	22.58
90.24	166.71
91.64	87.3
94.58	1.52
97.55	1.52
97.84	1.52
98.62	73.64
99.95	73.64
101.21	137.89
104.66	51.32
107.29	51.32
108.99	151.08
109.16	151.08
110.74	151.08
111.06	164.02
112.71	164.02
115.04	164.02
117.34	122.91
118.04	122.91
121.17	122.91
123.95	204.05
127.1	204.05
129.3	204.05
130.55	25.39
133.82	25.39
135.09	168.03
137.0	168.03
140.04	168.03
143.3	200.76
144.97	200.76
145.92	200.76
146.1	182.87
149.02	182.87
150.18	146.59
153.01	146.59
154.1	146.59
155.14	11.25
157.68	11.25
159.71	54.01
161.57	54.01
165.06	181.19
166.08	114.65
167.68	114.65
169.12	114.65
172.55	150.61
174.63	116.13
175.46	10.23
177.95	89.59
181.07	7.51
182.16	7.51
183.53	7.51
186.06	223.22
186.5	170.32
188.01	78.88
190.6	78.88
193.52	78.88
194.85	70.29
196.04	222.21
198.48	162.12
199.62	57.74
201.73	57.74
202.52	211.08
205.47	211.08
207.7	211.08
208.4	10.5
210.07	10.5
212.1	86.99
212.8	37.42
213.97	37.42
217.26	37.42
219.56	99.15
222.1	99.15
225.35	99.15
228.29	18.7
229.7	18.7
230.29	21.23
231.35	21.23
232.99	166.99
234.67	166.99
237.52	166.99
240.87	83.81
241.4	83.81
244.3	83.81
245.38	151.58
245.8	151.58
247.26	151.58
248.97	34.43
251.89	110.97
