2.67	98.87
4.0	151.69
5.78	151.69
6.59	128.92
9.88	11.8
10.59	11.8
12.05	11.8
14.62	111.73
14.97	111.73
18.0	111.73
20.63	120.14
23.62	120.14
25.15	128.45
25.79	86.34
26.27	86.34
26.52	208.67
27.22	208.67
29.51	208.67
30.35	58.48
32.71	162.29
34.67	162.29
35.16	162.29
37.73	26.59
39.58	56.51
41.84	152.56
44.33	152.56
45.35	152.56
45.59	32.66
45.99	223.85
48.96	223.85
50.29	223.85
52.51	183.59
54.72	183.59
57.58	63.38
59.41	63.38
61.47	63.38
63.24	150.33
65.37	150.33
66.09	150.33
67.92	197.97
70.9	197.97
72.24	197.97
74.74	159.88
76.79	146.49
77.56	146.49
79.83	146.49
82.52	37.79
84.54	156.29
86.94	209.38
87.22	60.01
89.12	3.96
92.04	43.73
94.22	43.73
97.36	29.45
100.34	29.45
103.37	29.45
105.16	197.07
108.33	197.07
110.85	78.65
111.63	39.06
112.74	39.06
114.69	39.06
117.79	152.46
119.45	95.94
122.92	72.39
125.01	72.39
128.17	133.52
129.03	133.52
132.11	133.52
135.38	92.92
137.35	92.92
138.28	92.92
139.03	171.26
139.98	171.26
141.57	171.26
143.14	120.85
146.35	120.85
148.68	55.19
151.65	55.19
154.28	55.19
154.47	111.8
155.48	199.72
156.2	199.72
156.39	63.55
157.5	63.55
158.28	63.55
158.78	183.02
160.66	202.19
160.93	124.77
163.24	184.24
165.36	197.27
165.77	197.27
168.28	58.31
168.9	58.31
171.24	58.31
172.41	79.44
175.45	187.63
178.41	187.63
179.31	187.63
182.53	188.72
186.03	188.72
186.89	188.72
187.77	62.67
190.38	62.67
191.84	62.67
194.78	12.82
198.08	12.82
199.64	5.85
201.24	137.44
201.59	218.88
204.04	112.24
204.52	112.24
207.97	20.65
210.18	20.65
210.89	7.19
212.7	7.19
213.66	7.19
217.1	84.93
218.87	84.93
221.42	169.5
222.46	160.58
223.56	160.58
224.58	202.79
226.63	202.79
228.04	202.79
229.71	82.42
230.9	106.66
231.74	107.09
232.26	107.09
235.65	107.09
239.01	155.58
242.0	155.58
245.28	11.25
246.99	11.25
247.82	211.58
247.99	211.58
251.36	108.52
