1.53	31.23
2.71	31.23
4.58	27.46
5.34	27.46
8.64	27.46
9.45	110.92
10.77	110.92
10.95	110.92
12.33	5.37
14.63	5.37
15.24	5.37
18.13	40.04
18.86	47.4
19.14	47.4
19.75	47.4
22.05	136.72
24.0	136.72
25.38	172.95
25.71	172.95
26.84	220.16
29.03	221.18
30.7	57.96
33.24	57.96
35.51	57.96
36.05	171.67
39.1	171.67
40.86	90.81
43.58	90.81
43.93	90.81
44.46	78.38
46.93	78.38
50.28	195.46
51.21	195.46
51.56	160.23
53.37	160.23
54.39	160.23
55.54	207.59
57.72	163.05
61.13	163.05
61.68	119.21
64.17	119.21
66.62	197.16
69.4	197.16
71.64	197.16
73.15	176.76
74.65	102.64
77.63	102.64
80.44	102.64
82.89	157.2
85.47	159.04
88.3	159.04
90.23	26.98
90.97	14.08
93.65	14.08
96.78	14.08
97.25	164.23
99.9	164.23
101.94	100.61
103.78	100.61
104.46	76.6
105.48	76.6
107.8	76.6
110.9	174.02
112.65	174.02
112.8	174.02
115.06	180.96
118.52	109.77
120.02	109.77
122.6	208.11
125.7	56.64
126.17	56.64
126.36	163.53
128.91	163.53
130.98	163.53
131.49	149.91
133.14	149.91
135.91	149.91
137.33	59.97
140.32	21.17
142.8	158.49
145.85	157.57
146.92	157.57
147.74	157.57
150.66	101.89
152.84	60.78
153.67	60.78
156.41	189.97
156.74	189.97
157.07	182.29
159.21	182.29
159.58	60.21
161.24	37.75
163.46	37.75
166.22	37.75
167.08	128.38
168.65	128.38
169.01	210.19
170.93	210.19
172.03	210.19
173.39	180.67
175.94	180.67
176.19	180.67
177.72	15.08
180.72	120.55
182.26	93.16
182.42	93.16
183.9	93.16
187.12	150.23
190.41	150.23
191.2	150.23
193.72	225.11
194.23	225.11
197.44	225.11
199.1	130.32
202.02	77.03
202.38	77.03
203.27	77.03
205.4	95.82
206.83	95.82
207.36	42.46
208.66	102.01
209.94	73.65
210.27	143.14
211.98	143.14
215.23	143.14
216.63	178.72
219.21	178.72
219.59	105.56
222.86	105.56
224.1	105.56
227.34	55.5
227.66	55.5
230.82	142.06
233.72	142.06
237.06	197.23
240.07	19.59
242.48	220.59
242.61	220.59
243.11	220.59
244.09	176.14
247.16	176.14
248.15	5.35
250.01	5.35
