2.46	72.53
5.19	179.26
8.58	179.26
9.15	126.63
9.94	126.63
11.73	126.63
12.49	94.69
15.91	94.69
16.68	94.69
16.95	22.86
18.16	31.22
21.35	31.22
21.77	33.53
22.66	93.02
23.85	93.02
25.02	192.28
25.24	192.28
25.89	163.58
29.02	223.23
29.58	223.23
30.71	209.7
34.0	209.7
36.8	209.7
39.08	94.06
41.75	94.06
41.86	2.4
42.98	2.4
44.38	2.4
46.31	192.2
49.33	60.59
50.9	60.59
53.89	60.59
54.11	204.95
55.18	44.31
55.81	189.09
56.07	189.09
57.25	189.09
60.18	8.83
62.88	60.2
64.47	94.65
67.13	94.65
69.11	94.65
71.34	92.24
73.68	92.24
76.0	204.66
77.15	39.99
80.07	62.92
81.46	219.74
84.34	118.06
86.21	118.06
88.64	207.6
89.27	207.6
91.57	207.6
92.43	118.26
93.73	118.26
96.11	118.26
97.2	191.05
99.06	37.5
102.1	37.5
103.78	37.5
106.12	27.73
106.31	27.73
107.31	42.04
107.96	42.04
108.82	42.04
111.88	92.36
113.58	92.36
114.96	211.12
117.06	211.12
119.03	81.18
121.29	81.18
123.99	81.18
124.98	0.74
125.96	36.97
127.14	36.97
130.09	36.97
131.0	201.83
133.15	201.83
134.49	172.45
137.23	172.45
139.35	172.45
142.33	153.48
144.9	153.48
147.04	153.48
148.42	175.51
149.59	175.51
150.65	175.51
152.7	54.99
153.46	87.35
154.67	87.35
156.97	87.35
158.35	77.33
161.32	77.33
164.52	36.07
165.16	36.07
167.23	36.07
169.85	10.58
172.22	7.21
174.15	7.21
176.73	196.12
177.29	196.12
179.09	48.25
182.23	48.25
183.37	48.25
185.23	194.51
186.36	194.51
189.17	194.51
191.03	105.53
191.91	105.53
193.73	105.53
194.28	143.04
197.5	143.04
197.64	144.71
197.97	144.71
198.82	4.76
202.2	4.76
204.9	131.73
207.54	93.28
209.62	27.28
212.27	27.28
213.6	27.28
213.79	79.17
216.81	56.5
219.24	56.5
221.17	56.5
222.47	107.0
225.37	107.0
228.38	107.0
229.08	45.54
231.71	38.06
232.04	38.06
233.5	38.06
235.04	37.21
235.59	37.21
236.66	83.63
239.77	147.5
241.77	19.63
245.15	19.63
246.45	191.66
248.94	191.66
249.66	191.66
253.14	40.93
