1.12	56.92
3.5	56.92
4.09	18.42
6.8	18.42
7.48	196.81
9.44	196.81
11.27	123.78
11.82	205.59
14.91	205.59
18.37	205.59
21.53	92.32
23.0	92.32
25.71	92.32
28.99	18.75
31.18	18.75
33.2	18.75
35.73	210.66
37.52	210.66
39.58	125.6
40.84	125.6
43.46	125.6
46.5	222.25
48.93	222.25
49.12	222.25
49.75	84.91
51.45	84.91
54.64	39.45
57.24	39.45
59.84	193.51
62.05	20.99
64.82	7.18
66.59	7.18
70.07	118.14
71.24	118.14
72.79	162.98
74.6	162.98
74.85	150.23
76.18	150.23
76.32	150.23
78.25	186.26
78.37	186.26
81.34	186.26
82.86	202.32
84.37	202.32
85.3	219.6
85.43	219.6
86.9	192.53
89.83	39.58
91.59	112.58
95.03	112.58
97.78	126.16
98.74	126.16
101.07	94.59
102.42	176.75
105.26	176.75
107.81	176.75
109.0	92.65
111.97	92.65
113.45	33.99
116.01	33.99
118.45	33.99
119.68	20.5
120.14	20.5
122.01	20.5
122.46	43.79
125.74	43.79
128.57	43.79
129.75	29.87
133.0	29.87
133.27	102.09
136.33	102.09
138.75	40.72
141.63	214.39
143.42	71.94
146.24	71.94
148.52	71.94
151.42	93.11
153.77	165.1
157.09	165.1
158.73	69.24
160.28	69.24
162.44	196.78
162.64	113.19
164.97	139.32
166.14	51.23
168.61	51.23
171.07	51.23
172.29	186.13
174.53	117.19
176.09	117.19
179.22	117.19
180.28	216.02
183.01	61.48
183.76	61.48
187.1	102.41
188.88	102.41
192.07	102.41
195.38	172.5
196.72	5.56
196.97	148.81
197.13	148.81
199.63	36.0
200.97	36.0
202.46	36.0
205.2	209.9
208.23	209.9
210.61	209.9
212.78	200.36
214.1	43.82
216.25	43.82
217.39	29.72
218.86	123.06
220.32	123.06
220.84	102.42
221.87	102.42
225.31	102.42
226.61	218.9
227.01	218.9
227.39	110.73
229.7	77.3
232.22	77.3
233.26	43.76
235.46	43.76
237.83	43.76
239.57	25.35
240.09	25.35
241.96	96.44
242.94	96.44
245.98	96.44
246.42	155.76
248.33	155.76
250.54	155.76
