3.04	223.35
3.89	170.54
6.54	108.98
9.89	35.03
11.98	35.03
13.32	35.03
14.22	146.41
17.65	170.62
18.97	170.62
20.99	125.72
23.44	214.88
26.09	34.63
28.25	34.63
29.6	80.88
31.46	4.83
32.17	4.83
32.91	4.83
36.08	20.79
36.25	20.79
39.73	203.83
40.03	114.77
40.45	114.77
42.73	114.77
46.12	222.57
49.25	222.57
50.03	222.57
52.95	225.94
54.9	146.21
57.74	146.21
58.63	212.1
59.02	42.17
61.75	42.17
62.05	81.94
62.36	108.89
64.36	108.89
67.23	108.89
70.7	189.32
72.36	183.74
75.59	20.99
76.93	10.58
79.92	10.58
81.45	33.17
83.94	33.17
85.04	33.17
87.15	77.91
89.83	77.91
91.46	77.91
93.65	134.7
95.65	134.7
98.35	154.49
101.66	142.07
101.85	96.42
103.21	96.42
103.74	96.42
106.29	199.5
109.06	0.97
110.74	0.97
111.59	9.14
111.84	9.14
112.01	9.14
113.21	205.32
113.77	205.32
114.02	216.51
116.62	216.51
117.54	216.51
119.63	85.91
121.45	64.32
121.84	138.38
122.67	138.38
124.22	138.38
124.88	10.93
126.72	58.22
128.39	58.22
128.59	51.91
129.95	51.91
132.54	223.44
134.21	191.66
134.84	191.66
135.65	191.66
135.99	195.65
138.07	195.65
140.85	195.65
141.64	128.96
144.82	128.96
146.14	76.91
147.64	76.91
148.31	76.91
148.77	204.72
149.51	204.72
151.39	204.72
154.53	185.77
156.32	157.13
158.73	157.13
160.72	157.13
163.91	31.12
167.07	31.12
169.38	31.12
171.7	42.53
172.16	42.53
173.26	42.53
176.39	134.99
178.49	134.99
181.81	134.99
183.07	123.83
183.86	89.63
187.12	89.63
189.98	89.63
191.28	218.59
191.46	218.59
193.36	218.59
194.61	62.74
195.03	62.74
195.32	62.74
197.82	95.33
199.15	86.48
199.49	168.52
200.03	168.52
201.26	168.52
202.34	185.07
203.58	185.07
206.07	185.07
207.48	183.21
209.71	55.27
213.21	55.27
214.09	55.27
216.5	57.98
217.76	57.98
220.74	57.98
221.65	206.35
223.63	206.35
224.69	206.35
226.74	175.5
227.44	175.5
227.7	175.5
229.73	21.24
231.14	21.24
234.31	131.86
235.09	131.86
237.61	183.07
238.16	188.15
238.3	188.15
241.0	201.7
241.17	201.7
242.0	16.65
245.24	16.65
247.8	189.7
248.04	131.67
250.85	131.67
