1.13	64.0
1.78	223.07
2.13	180.74
4.69	180.74
5.21	180.74
6.43	48.6
7.48	48.6
10.87	48.6
11.97	39.69
14.3	39.69
16.03	39.69
17.07	13.2
18.7	13.2
22.06	13.2
25.15	120.39
26.93	120.39
29.23	172.85
30.08	172.85
32.4	172.85
35.61	148.67
38.24	79.79
39.37	79.79
41.37	68.87
43.61	68.87
45.52	19.33
47.74	19.33
49.58	45.37
50.89	172.83
52.43	209.15
54.82	77.09
57.06	77.09
58.01	77.09
61.38	170.63
62.79	170.63
63.58	170.63
65.75	54.84
68.99	62.67
70.43	62.67
71.36	92.79
73.19	92.79
73.61	92.79
75.25	159.35
77.08	159.35
77.42	142.5
80.51	3.24
83.0	3.24
85.93	3.24
87.83	29.49
91.21	7.33
91.65	7.33
93.47	7.33
96.92	202.0
98.32	202.0
98.48	202.0
100.09	33.56
100.44	201.47
101.32	201.47
104.45	201.47
106.43	82.38
109.15	82.38
109.46	82.38
109.61	156.7
111.73	156.7
113.52	156.7
115.87	65.55
116.64	65.55
117.35	65.55
119.9	190.88
121.97	213.89
122.31	217.39
123.19	217.39
124.26	224.22
124.58	224.22
126.79	224.22
128.62	163.51
130.89	163.51
133.03	163.51
133.9	57.75
137.3	57.75
139.3	57.75
140.94	208.61
142.74	164.18
145.07	164.18
147.63	164.18
150.93	183.38
151.07	183.38
153.52	183.38
155.61	118.2
157.32	118.2
157.98	142.23
159.97	142.23
162.92	142.23
163.11	92.06
165.0	92.06
168.12	92.06
169.34	170.29
169.74	137.65
171.85	147.22
173.03	147.22
174.75	29.62
175.06	29.62
175.59	29.62
178.4	117.94
178.81	117.94
181.13	117.94
184.61	152.71
185.14	152.71
185.9	152.71
189.3	154.83
190.73	154.83
192.04	154.83
192.59	92.7
193.14	92.7
194.27	92.7
195.31	54.78
197.36	176.7
198.25	176.7
201.5	138.08
202.32	138.08
203.0	138.08
205.99	101.7
207.94	101.7
209.14	101.7
211.11	204.23
212.48	204.23
214.74	204.23
216.01	151.74
217.49	151.74
219.23	151.74
221.85	75.56
222.7	75.56
225.96	200.45
227.84	200.45
230.99	26.26
234.31	45.92
236.91	45.92
238.62	45.92
239.07	83.62
240.33	83.62
241.62	83.62
245.07	30.16
246.95	30.16
247.88	99.68
248.71	74.02
249.35	74.02
249.67	62.22
250.31	7.84
