0.93	115.11
1.92	115.11
4.91	115.11
7.39	22.13
10.56	22.13
11.19	7.88
13.26	101.53
14.18	101.53
15.15	165.61
18.13	165.61
19.83	6.64
21.54	6.64
23.59	6.64
24.97	65.96
27.96	65.96
30.43	65.96
32.02	157.49
34.23	212.53
35.77	212.53
35.87	212.53
38.08	91.36
38.42	91.36
39.28	91.36
40.53	101.58
43.05	162.43
43.52	174.96
45.37	174.96
48.04	29.8
50.37	191.21
51.14	3.32
53.24	216.24
53.71	216.24
54.24	216.24
57.59	210.22
58.86	196.09
59.04	196.09
59.82	20.8
63.01	207.59
66.04	185.66
69.43	185.66
71.73	185.66
74.08	184.91
77.1	184.91
77.43	184.91
80.44	134.6
82.68	164.16
84.0	164.16
85.12	164.16
86.74	140.53
87.64	140.53
90.83	202.27
93.2	109.4
93.8	88.22
96.56	88.22
98.17	88.22
100.64	120.51
102.36	94.6
103.26	94.6
105.39	94.6
107.83	150.87
111.12	150.87
114.38	194.02
115.96	194.02
118.75	155.14
121.07	155.14
121.52	155.14
121.66	112.26
124.03	112.26
127.0	112.26
128.9	12.3
130.09	85.95
131.72	197.19
133.31	197.19
135.86	211.36
139.24	22.79
139.76	22.79
141.52	126.42
143.83	144.77
146.87	144.77
147.48	9.96
147.82	9.96
150.62	199.47
151.58	50.83
152.6	156.11
155.53	184.54
157.26	82.44
158.79	82.44
160.03	82.44
161.17	177.64
163.17	177.64
164.77	158.84
167.18	158.84
168.05	40.24
170.25	2.72
173.1	2.72
174.07	152.83
175.6	152.83
176.54	152.83
177.58	169.6
178.79	133.33
181.88	133.33
182.95	143.27
183.21	170.29
184.41	170.29
187.59	40.13
190.87	40.13
192.93	40.13
195.68	207.48
196.98	66.57
199.02	181.08
199.54	136.98
201.09	112.03
201.46	112.03
202.18	110.18
204.43	169.22
207.49	169.22
209.98	169.22
213.25	71.26
214.67	71.26
217.94	71.26
221.21	13.0
224.24	179.81
227.62	179.81
230.24	179.81
230.96	78.95
232.7	78.95
234.61	78.95
235.25	172.15
237.78	172.15
238.53	172.15
238.98	18.8
240.28	18.8
242.29	18.8
243.46	174.93
245.82	102.49
247.93	102.49
248.69	9.73
251.8	58.78
