2.55	164.92
4.15	164.92
5.75	164.92
7.78	133.66
9.12	133.66
10.46	133.66
11.39	43.18
11.82	43.18
13.42	43.18
15.97	153.24
17.3	153.24
18.3	153.24
19.41	22.46
22.48	22.46
23.5	22.46
23.66	188.3
25.95	188.3
28.28	41.14
31.0	41.14
32.92	172.68
34.85	56.43
35.37	186.31
36.47	186.31
39.59	186.31
41.78	16.17
43.97	16.17
47.4	162.26
47.99	162.26
49.59	162.26
49.9	115.68
52.16	28.42
54.71	28.42
55.15	28.42
58.5	159.63
59.11	159.63
61.39	207.64
63.09	207.64
66.31	92.67
66.53	92.67
68.09	103.14
69.08	185.33
72.22	190.3
73.0	190.3
74.79	96.09
75.58	96.09
76.73	96.09
79.91	218.11
83.19	218.11
84.27	218.11
85.41	3.98
87.34	3.98
87.77	3.98
89.12	42.96
90.67	42.96
93.94	42.96
94.14	20.28
96.09	131.71
96.98	182.75
99.01	74.94
99.88	65.68
100.3	83.73
102.14	121.53
102.73	121.53
104.66	141.66
105.6	106.02
108.12	50.73
109.85	50.73
112.02	50.73
112.49	10.42
112.62	192.76
115.68	192.76
117.77	68.65
120.08	129.79
122.77	129.79
123.63	129.79
124.21	130.02
127.02	130.02
129.9	130.02
131.42	24.53
131.95	24.53
134.86	65.11
137.73	65.11
138.38	91.98
141.54	91.98
143.15	121.3
145.43	121.3
148.78	121.3
150.18	85.73
153.58	171.23
155.2	92.74
155.81	100.41
156.61	100.41
159.17	100.41
161.71	171.62
161.96	171.62
163.65	171.62
165.02	99.98
165.33	118.61
165.75	118.61
166.96	118.61
168.56	210.58
171.23	210.58
173.54	210.58
176.79	175.94
177.88	163.74
178.01	163.74
181.01	163.74
184.02	193.96
184.93	132.54
187.77	132.54
189.5	122.45
192.25	122.45
192.62	122.45
194.8	134.8
197.91	45.21
199.08	45.21
199.31	45.21
201.06	83.03
201.69	83.03
204.55	83.38
205.17	83.38
208.63	162.3
208.86	162.3
209.45	177.8
211.86	177.8
213.48	91.25
213.93	206.73
216.39	206.73
219.27	60.47
219.63	60.47
222.62	120.86
225.43	120.86
226.53	120.86
227.08	2.89
227.41	140.3
229.82	196.04
230.87	196.04
231.38	13.05
234.66	13.05
235.59	13.05
236.43	71.48
239.69	71.48
239.8	65.72
240.12	65.72
241.14	65.72
242.97	74.35
245.58	74.35
247.92	64.64
249.63	64.64
250.4	64.64
