1.03	20.64
4.41	20.64
4.9	169.57
6.27	169.57
8.56	168.84
11.06	168.84
12.66	168.84
12.89	69.68
14.27	69.68
16.51	19.84
17.38	19.84
20.35	209.61
21.99	209.61
24.06	209.61
24.57	56.93
27.47	149.32
27.81	200.74
29.01	200.74
31.68	53.12
32.22	53.12
34.23	53.12
34.67	25.01
37.14	25.01
39.16	25.01
42.18	181.26
43.33	181.26
46.44	181.26
46.69	70.3
48.32	70.3
50.03	70.3
50.32	165.17
51.56	165.17
52.33	165.17
52.5	153.79
52.86	171.01
53.98	153.77
56.68	153.77
57.11	26.07
59.73	26.07
62.08	155.88
65.2	155.88
67.24	70.9
69.07	70.9
71.12	70.9
71.39	47.82
74.33	47.82
74.75	47.82
75.65	58.42
76.44	58.42
79.62	58.42
80.74	168.23
82.77	168.23
84.39	55.63
85.37	55.63
86.63	172.61
89.38	141.74
89.7	141.74
91.69	141.74
92.55	1.54
93.93	1.54
95.39	1.54
95.86	224.79
98.26	224.79
98.36	27.89
98.52	27.89
100.24	27.89
102.54	132.25
104.37	155.49
107.78	155.49
109.98	155.49
111.69	130.43
113.12	130.43
114.06	133.89
116.64	221.88
119.98	153.73
120.2	153.73
120.93	176.43
121.72	176.43
124.55	176.43
126.92	80.44
129.42	80.44
132.81	80.44
135.35	20.17
137.82	167.48
138.09	167.48
140.75	167.48
143.85	52.67
146.3	52.67
147.81	52.67
150.0	42.84
151.43	42.84
153.27	174.03
154.07	208.61
156.62	208.61
158.07	208.61
159.51	106.22
160.87	106.22
163.66	106.22
164.39	151.47
167.27	151.47
170.73	62.85
173.4	79.95
176.22	196.86
176.7	196.86
176.93	49.69
179.42	9.42
180.37	9.42
181.58	182.19
184.9	182.19
185.57	182.19
186.28	18.58
189.19	18.58
189.55	179.31
190.38	45.73
192.05	45.73
195.19	45.73
195.8	54.97
198.99	54.97
199.44	9.42
202.09	9.42
203.87	78.98
205.77	46.08
207.38	46.08
209.07	103.5
209.37	103.5
212.01	103.5
212.75	148.76
213.1	148.76
214.29	121.0
215.87	121.0
216.33	121.0
218.63	113.96
222.12	113.96
223.86	157.33
224.81	157.33
225.18	157.33
227.62	143.28
230.56	143.28
232.94	143.28
234.77	32.04
235.04	124.6
236.85	170.73
238.05	170.73
239.01	170.73
239.13	126.37
241.55	126.37
241.91	126.37
244.08	151.89
246.08	151.89
248.29	151.89
251.33	220.02
