0.18	114.83
3.1	114.83
6.39	114.83
6.62	118.3
8.88	23.56
9.5	60.12
10.46	60.12
13.3	170.38
14.2	170.38
15.66	85.11
18.78	85.11
19.14	85.11
21.6	41.68
24.51	41.68
24.83	41.68
26.33	146.32
29.6	146.32
32.1	146.32
32.75	164.29
34.25	25.98
35.31	216.48
37.23	216.48
37.48	216.48
38.15	41.13
38.67	41.13
42.07	26.41
44.72	26.41
44.95	156.48
45.12	208.99
46.21	184.4
48.93	184.4
50.02	190.81
51.56	190.81
52.91	206.47
53.88	34.6
54.85	91.4
57.0	91.4
59.24	64.27
59.69	64.27
60.52	86.51
63.89	86.51
65.17	27.34
65.88	27.34
68.48	27.34
69.0	167.14
70.8	167.14
74.24	167.14
75.39	33.75
78.33	33.75
78.95	132.6
79.61	132.6
81.74	67.05
84.6	1.12
86.74	212.11
89.65	212.11
92.17	183.83
92.76	183.83
96.01	185.84
98.03	19.82
101.02	19.82
103.84	19.82
105.81	223.72
108.0	223.72
108.55	223.72
109.19	95.56
110.58	95.56
111.38	95.56
113.41	84.74
114.22	84.74
115.59	163.53
118.28	163.53
121.3	163.53
123.49	116.42
125.55	179.13
128.08	171.82
128.49	171.82
131.72	125.96
134.24	125.96
135.87	125.96
136.31	111.87
138.08	111.87
141.38	94.13
143.23	94.13
143.89	94.13
144.57	27.6
144.9	27.6
146.43	40.95
147.71	65.14
149.88	65.14
152.81	65.14
153.07	13.64
155.66	74.42
159.12	74.42
162.33	13.2
163.02	13.2
163.72	13.2
167.01	81.6
168.98	55.84
169.19	55.84
170.15	98.22
170.28	98.22
170.47	98.22
171.43	92.22
173.88	92.22
177.1	92.22
179.97	42.31
180.93	42.31
181.07	12.88
181.54	81.4
182.32	46.56
183.65	46.56
185.32	46.56
188.01	23.26
188.97	40.07
190.12	40.07
191.84	40.07
193.69	67.33
194.15	8.48
194.59	8.48
196.66	8.48
198.44	204.12
199.47	204.12
200.98	20.42
202.56	20.42
205.68	201.55
207.73	201.55
209.22	52.84
212.63	52.84
213.02	52.84
216.31	195.12
217.56	195.12
217.93	109.47
218.74	109.47
221.81	109.47
222.66	157.4
226.12	218.8
227.25	157.27
227.8	42.03
230.7	109.08
230.89	109.08
231.88	109.08
232.36	171.13
234.98	171.13
236.26	123.07
239.05	123.07
242.17	163.88
243.78	163.88
245.92	11.12
246.49	11.12
249.98	11.12
251.49	127.2
