0.8	165.79
2.35	165.79
3.51	165.79
4.99	174.77
8.02	174.77
9.26	137.89
9.99	137.89
11.21	221.35
14.01	111.51
15.1	145.06
17.19	145.06
17.44	222.49
20.17	38.86
22.1	10.55
25.07	10.55
27.36	71.95
28.73	71.95
28.97	71.95
30.08	131.58
30.24	108.18
32.7	108.18
33.7	207.12
37.15	43.5
38.02	43.5
40.38	40.77
41.57	40.77
43.17	40.77
46.19	186.08
47.34	186.08
47.8	186.08
47.99	166.76
51.1	166.76
52.76	170.54
52.87	29.15
53.71	29.15
57.0	29.15
59.94	136.79
60.16	136.79
63.06	162.69
63.17	162.69
64.92	187.8
66.92	187.8
67.41	171.7
69.96	171.7
70.14	86.39
71.28	86.39
71.46	143.37
73.09	155.4
73.57	155.4
74.28	155.4
75.75	217.26
77.68	106.55
78.11	106.55
79.19	128.46
81.05	128.46
82.42	140.38
85.18	58.32
85.67	58.32
86.4	58.32
87.62	37.43
90.28	37.43
93.74	208.5
95.26	78.51
97.23	78.51
98.65	183.34
101.23	116.21
101.77	116.21
104.85	116.21
104.99	74.57
108.28	74.57
109.45	14.92
110.47	14.92
113.71	132.3
116.95	132.3
117.9	132.3
119.56	191.12
119.85	191.12
120.32	56.66
121.03	56.66
122.76	188.46
124.12	188.46
125.68	121.12
127.05	88.49
130.13	204.07
130.98	204.07
132.36	204.07
132.51	98.91
134.26	98.91
136.44	117.56
139.08	66.33
139.8	66.33
140.52	154.34
142.1	48.47
143.99	41.43
147.32	34.28
150.24	34.28
151.3	213.28
153.01	213.28
155.73	127.83
156.43	127.83
156.82	103.38
158.22	103.38
159.48	41.55
160.62	41.55
161.27	48.04
162.4	48.04
165.89	146.7
168.97	146.7
170.49	138.43
172.31	138.43
173.15	148.03
175.3	148.03
178.76	148.03
181.78	182.44
183.95	182.44
185.88	76.5
189.09	130.38
190.48	216.3
192.11	92.2
193.48	92.2
195.63	92.2
197.38	144.99
198.12	144.99
201.26	144.99
203.56	95.05
204.91	95.05
206.02	56.86
207.59	56.86
208.3	56.86
209.52	192.94
209.79	192.94
210.66	192.94
214.06	61.21
217.35	61.21
217.62	61.21
218.67	113.23
221.54	113.23
224.23	140.99
226.09	178.72
228.95	152.33
232.14	152.33
233.06	90.54
235.66	90.54
239.04	45.23
241.83	45.23
244.67	45.23
246.4	46.15
247.02	46.15
249.42	46.15
249.88	146.95
253.37	146.95
