2.94	66.66
6.02	71.56
6.85	13.9
9.54	13.9
10.31	13.9
12.54	96.83
14.47	180.75
15.19	180.75
16.34	180.75
19.68	4.57
19.88	112.25
21.27	112.25
23.74	112.25
26.5	224.28
27.46	6.51
28.52	156.9
29.47	156.9
32.43	156.9
35.06	36.39
37.84	20.98
37.98	20.98
39.72	168.55
41.58	168.55
43.05	168.55
43.38	131.11
44.83	121.0
45.55	121.0
48.76	121.0
50.44	10.59
50.8	10.59
54.12	10.59
55.23	134.12
58.34	134.12
60.82	134.12
63.37	111.67
64.21	20.43
66.72	20.43
68.74	92.61
69.87	92.61
72.86	54.89
74.31	8.32
74.96	37.42
76.26	37.42
79.29	186.08
80.91	186.08
82.03	143.45
84.64	143.45
87.34	5.92
87.57	5.92
88.51	5.92
90.38	201.48
91.84	200.41
92.27	200.41
92.71	200.41
94.07	71.91
95.91	71.91
97.92	55.69
100.61	194.75
101.97	4.2
103.31	4.2
104.9	4.2
106.99	173.65
109.42	173.65
111.42	67.35
112.82	67.35
115.71	67.35
117.46	52.54
118.86	52.54
120.46	66.53
122.09	66.53
124.53	66.53
126.11	147.11
128.87	169.37
129.93	169.37
130.06	168.04
131.23	118.84
131.81	118.84
132.01	119.04
134.77	119.04
135.2	182.49
135.37	182.49
137.26	182.49
137.88	166.98
140.86	166.98
142.91	166.98
145.0	137.64
147.54	137.64
148.59	106.26
149.6	106.26
151.31	77.09
152.65	148.38
154.71	148.38
157.95	148.38
161.13	34.79
162.83	40.82
166.06	40.82
168.01	40.82
169.07	180.81
169.59	68.25
171.19	68.25
173.42	68.25
176.52	179.2
178.29	179.2
179.22	179.2
181.81	181.59
182.78	181.59
185.38	181.59
185.53	119.68
188.32	119.68
191.15	119.68
192.94	129.03
193.88	129.03
196.74	129.03
198.91	217.73
200.63	217.73
203.81	217.73
205.66	107.31
208.96	107.31
210.41	125.1
213.68	125.1
215.63	125.1
217.62	224.19
218.45	224.19
221.07	224.19
223.56	60.08
225.37	200.23
227.57	17.83
230.89	17.83
232.89	17.83
233.81	124.32
233.91	88.52
234.07	88.52
235.94	88.52
238.81	7.69
240.02	7.69
240.9	7.69
242.72	148.52
244.29	148.52
245.02	159.43
247.13	151.58
248.05	151.58
250.72	151.58
