1.31	29.32
3.39	81.28
6.88	81.28
7.99	81.28
10.16	12.58
12.7	12.58
15.72	12.58
17.89	103.14
20.75	103.14
21.82	116.69
24.69	116.69
26.84	116.69
29.51	177.33
30.31	177.33
33.01	177.33
33.67	60.04
35.07	60.04
38.02	60.04
39.58	127.58
42.83	127.58
43.96	127.58
47.27	15.91
50.46	15.91
52.27	188.46
55.2	140.96
55.36	140.96
56.01	140.96
59.29	189.18
61.78	186.16
62.55	186.16
62.82	211.24
65.27	211.24
66.28	211.24
68.99	123.87
69.1	134.57
71.88	134.57
72.15	118.22
73.62	118.22
74.8	87.21
77.31	22.75
77.59	22.75
78.11	22.75
81.2	125.11
82.09	125.11
83.43	123.62
86.3	123.62
86.68	154.87
88.55	154.87
88.79	142.87
91.7	46.86
94.55	46.86
95.61	163.47
97.6	163.47
100.76	31.6
101.62	31.6
103.0	31.6
103.76	38.6
106.73	38.6
108.19	38.6
108.83	56.99
109.83	56.99
112.05	79.15
114.85	79.15
115.86	81.06
117.91	81.06
120.31	221.11
120.46	67.33
122.86	67.33
123.95	67.33
126.63	119.7
128.83	119.7
131.84	66.68
134.81	140.67
137.21	145.09
138.67	145.09
141.26	145.09
143.46	109.56
145.48	95.2
146.67	95.2
147.2	96.45
147.3	96.45
149.86	96.45
150.25	60.01
153.57	72.03
155.57	72.03
156.34	72.03
158.2	97.84
159.33	97.84
160.66	97.84
162.61	213.7
165.21	205.35
165.57	205.35
165.83	205.35
167.08	21.41
170.26	20.47
172.21	20.47
175.68	20.47
177.44	172.91
179.84	172.91
179.95	172.91
180.81	221.31
182.94	221.31
183.18	176.73
184.44	176.73
187.55	155.02
189.65	155.02
191.19	155.02
193.26	206.62
195.4	136.49
195.64	136.49
196.39	136.49
199.39	209.14
201.09	209.14
201.96	209.14
204.1	210.02
206.36	210.02
208.29	210.02
208.43	71.32
211.29	71.32
212.12	71.32
214.05	159.17
215.7	159.17
218.35	220.22
220.39	220.22
220.61	19.32
223.99	65.65
227.02	65.65
227.28	65.65
227.93	46.56
230.04	46.56
231.83	190.34
233.22	190.34
233.38	190.34
236.49	133.56
236.89	206.53
240.09	206.53
241.84	206.53
243.88	150.39
244.91	150.39
247.32	171.12
250.7	171.12
