0.41	50.53
0.98	50.53
1.5	50.53
4.03	114.79
4.23	163.5
5.08	163.5
7.82	163.5
9.23	113.08
12.4	113.08
14.41	113.08
15.81	124.37
18.58	124.37
20.82	124.37
24.31	3.26
24.71	3.26
25.43	206.72
26.61	117.16
30.02	117.16
32.29	92.07
33.72	153.8
34.08	201.12
34.46	201.12
37.56	201.92
39.73	152.33
40.04	152.33
40.81	152.33
41.6	150.57
43.03	159.06
44.22	159.06
47.25	84.72
49.02	84.72
51.15	84.72
54.38	215.43
55.51	102.47
57.38	102.47
59.28	142.58
62.66	142.58
62.78	1.43
66.03	1.43
66.66	1.43
66.84	121.02
68.53	121.02
68.89	204.08
70.02	224.3
71.24	224.3
74.13	224.3
75.97	71.59
79.31	71.59
82.52	71.59
82.7	204.49
83.21	204.49
86.2	96.22
89.11	41.34
91.72	41.34
92.15	41.34
92.49	25.83
93.04	25.83
95.56	25.83
95.91	217.59
96.22	43.73
99.08	43.73
99.53	85.84
101.39	85.84
103.01	85.84
105.94	119.81
106.37	119.81
109.42	32.14
110.82	32.14
113.97	159.79
115.7	159.79
118.6	90.76
120.55	90.76
123.46	90.76
126.78	169.36
128.48	14.2
130.93	14.2
132.66	73.23
134.56	73.23
134.89	73.23
137.52	66.71
138.41	66.71
141.1	111.66
142.42	111.66
143.32	216.01
145.04	216.01
145.97	44.7
149.11	84.67
151.03	84.67
153.41	84.67
154.48	199.22
157.61	199.22
159.27	199.22
160.76	25.09
163.81	180.37
164.53	180.37
166.72	180.37
167.73	71.18
170.79	71.18
173.15	71.18
173.55	119.09
175.85	119.09
177.66	115.42
177.85	115.42
180.81	105.37
182.44	105.37
182.91	76.94
183.6	220.68
185.35	220.68
188.75	220.68
190.75	58.87
194.13	58.87
196.77	185.99
198.31	185.99
199.89	185.99
202.13	0.85
203.79	0.85
204.33	0.85
205.91	73.86
207.75	73.86
207.91	188.43
211.03	110.68
214.06	110.68
216.52	214.24
218.2	214.24
219.81	214.24
222.58	195.86
225.12	195.86
226.2	195.86
227.17	185.84
228.34	50.6
230.57	50.6
231.59	146.25
233.67	146.25
234.76	129.24
237.61	129.24
240.24	119.24
241.31	137.73
244.17	137.73
245.03	137.73
246.43	89.97
249.69	104.63
252.09	104.63
