1.22	220.82
2.14	220.82
4.46	102.02
6.69	102.02
10.14	102.02
10.61	219.25
10.83	219.25
14.01	219.25
16.52	24.77
17.87	24.77
20.73	24.77
21.12	52.77
24.09	15.91
26.03	15.91
26.65	15.91
27.5	204.45
30.17	204.45
31.05	204.45
32.35	208.1
33.07	208.1
36.47	167.84
37.6	167.84
38.08	28.52
41.39	176.02
44.72	176.02
46.63	70.34
46.87	179.75
48.16	179.75
50.15	179.75
52.12	35.24
54.79	90.15
56.64	7.88
58.72	7.88
60.91	204.48
63.17	49.82
64.42	49.82
64.74	45.82
67.77	45.82
69.11	9.65
69.9	9.65
72.61	55.41
74.9	122.94
75.49	122.94
77.02	167.86
78.02	10.55
78.6	10.55
80.72	10.55
83.58	26.8
84.92	26.8
86.66	66.76
89.28	66.76
91.94	73.34
95.2	73.34
98.1	106.71
101.53	106.71
104.6	106.71
106.12	223.87
108.03	145.63
109.33	145.63
111.17	56.26
114.03	56.26
116.79	56.26
119.56	210.53
121.07	210.53
124.11	67.49
126.61	67.49
126.75	222.12
130.1	222.12
133.57	190.13
135.88	190.13
137.48	171.94
138.61	171.94
141.51	171.94
143.75	103.12
145.02	96.53
147.41	13.19
149.5	100.02
152.58	147.41
153.12	147.41
154.69	147.41
155.77	191.8
156.45	191.8
158.2	207.57
158.49	207.57
158.92	207.57
159.3	78.87
161.71	78.87
163.55	205.25
166.24	205.25
168.76	205.25
171.59	128.2
174.59	128.2
176.6	225.92
180.01	225.92
182.69	102.91
184.29	102.91
185.27	102.91
187.22	151.91
188.82	151.91
190.2	151.91
190.48	6.18
192.09	6.18
195.33	187.87
197.04	187.87
197.8	187.87
200.15	176.31
202.78	11.09
205.96	65.05
208.59	65.05
211.67	187.56
214.33	174.51
216.74	174.51
217.95	174.51
220.98	108.23
224.36	108.23
225.57	78.7
226.25	103.58
228.3	103.58
229.77	186.68
232.08	186.68
233.64	124.9
236.47	124.9
239.28	173.89
239.7	173.89
240.35	179.05
242.84	179.05
244.96	179.05
246.99	151.95
248.32	152.14
250.77	152.14
