0.79	66.15
2.9	198.92
4.92	198.92
5.53	198.92
6.76	165.64
7.06	165.64
10.23	165.64
11.88	191.79
13.78	191.79
14.94	99.59
16.88	99.59
17.32	99.59
20.47	162.46
22.36	162.46
23.45	162.46
26.67	63.27
29.27	16.71
31.01	16.71
33.14	16.71
36.17	169.46
39.55	117.21
41.57	117.21
44.52	117.21
46.42	26.97
47.73	26.97
49.59	36.24
53.09	36.24
56.28	36.24
57.39	193.93
58.49	193.93
60.46	35.51
61.1	135.3
61.36	102.62
62.66	178.91
65.32	178.91
65.51	178.91
67.49	90.07
69.5	127.89
70.63	127.89
73.71	180.43
74.37	180.43
75.11	180.43
77.01	147.18
78.62	147.18
80.74	5.68
81.11	60.14
84.6	60.14
87.35	60.14
89.29	132.29
90.04	146.55
92.07	146.55
95.23	11.51
96.31	11.51
98.78	11.51
101.75	187.36
104.61	144.68
105.94	144.68
108.62	21.63
109.78	21.63
110.91	21.63
111.21	204.96
114.01	186.45
114.74	134.07
116.92	134.07
118.82	134.07
120.1	82.64
122.78	150.05
123.27	119.42
124.09	119.42
124.29	119.42
125.79	197.98
126.5	197.98
127.56	156.31
128.37	37.55
128.72	37.55
130.56	169.95
131.51	169.95
134.17	169.95
137.39	94.03
139.52	43.42
140.46	43.42
143.31	43.42
144.1	137.01
145.9	6.22
147.49	6.22
150.42	178.8
152.66	178.8
153.87	178.8
154.5	91.56
156.81	91.56
158.53	109.36
161.18	109.36
162.76	109.36
164.32	113.22
166.79	113.22
167.47	113.22
167.71	25.26
168.95	25.26
171.02	25.26
172.89	194.79
175.66	72.18
176.58	72.18
176.99	172.71
180.11	172.71
181.89	71.1
182.9	71.1
184.07	164.66
184.37	74.5
184.64	74.5
185.65	74.5
187.58	153.47
190.15	153.47
191.49	153.47
194.32	68.87
195.71	154.0
196.23	154.0
196.87	154.0
199.74	93.78
202.14	50.06
203.61	206.31
204.21	210.38
207.15	210.38
207.91	166.82
211.39	106.57
213.66	196.53
215.05	196.53
218.04	123.03
219.51	225.09
220.5	70.19
223.82	70.19
226.13	70.19
228.86	105.95
232.15	105.95
234.3	105.95
235.37	76.45
236.62	76.45
238.37	119.83
239.15	119.83
240.21	119.83
242.03	47.42
242.92	47.42
246.25	47.42
248.79	58.11
251.1	58.11
