2.58	217.33
3.95	131.06
6.44	37.21
8.65	10.61
11.85	10.61
13.67	116.53
16.66	116.53
17.98	122.49
18.78	93.52
19.89	93.52
20.71	93.52
23.44	29.53
25.04	29.53
27.19	47.0
30.62	100.1
32.02	100.1
32.93	194.42
34.18	167.51
36.29	167.51
39.21	18.15
39.46	18.15
42.55	18.15
42.84	46.65
45.53	46.65
47.97	46.65
48.65	168.86
50.38	64.06
51.58	33.38
52.87	113.93
55.44	216.56
58.14	216.56
59.84	62.88
62.94	62.88
65.69	62.88
68.75	89.64
70.99	89.64
73.51	22.7
73.66	88.12
76.17	88.12
79.17	88.12
79.63	20.43
80.22	63.83
80.47	63.83
82.79	63.83
84.58	214.16
86.95	146.46
88.39	146.46
91.78	146.46
93.38	84.69
93.94	84.69
96.96	84.69
97.42	2.32
100.73	2.32
101.25	120.58
104.36	223.72
107.2	223.72
110.66	223.72
112.9	13.84
116.28	106.48
119.56	106.48
120.99	106.48
122.79	161.53
123.71	161.53
127.11	161.53
129.96	64.64
130.22	64.64
133.53	128.87
134.68	128.87
135.06	105.8
136.96	29.2
137.37	223.16
138.46	223.16
140.98	223.16
141.32	96.97
144.27	149.21
145.73	149.21
146.83	149.21
147.95	179.57
150.23	179.57
152.85	27.21
155.21	27.21
155.68	212.56
159.12	212.56
162.29	212.56
163.63	116.52
166.25	148.47
166.64	148.47
167.77	170.51
168.0	170.51
168.31	170.51
170.36	205.46
170.91	205.46
172.9	205.46
174.75	51.35
177.89	51.35
181.16	51.35
182.27	208.39
183.25	208.39
185.1	154.35
185.29	2.46
185.72	132.79
186.52	132.79
188.18	132.79
190.42	95.75
193.0	95.75
195.19	170.04
198.58	170.04
201.23	170.04
202.17	47.88
204.73	47.88
207.31	143.97
207.86	143.97
208.59	112.6
208.92	149.0
209.55	149.0
212.4	149.0
215.73	19.06
216.91	191.08
218.92	191.08
221.87	89.51
224.47	89.51
226.17	115.56
227.99	117.96
229.52	73.33
231.61	73.33
234.08	73.33
235.12	167.04
236.09	68.97
238.85	68.97
239.74	56.01
241.51	56.01
243.41	100.98
245.9	100.98
248.01	174.83
248.41	174.83
250.98	185.87
