2.19	225.09
2.68	112.79
4.81	112.79
4.96	33.06
5.64	169.82
6.05	61.05
7.24	61.05
8.06	96.13
9.67	96.13
11.72	96.13
14.31	48.65
16.67	48.65
18.81	166.67
20.67	166.67
21.68	166.67
23.24	17.91
26.3	17.91
26.65	115.08
29.65	222.7
33.05	222.7
33.36	222.7
36.2	84.53
38.94	214.79
39.48	214.79
41.48	214.79
44.01	99.55
46.02	99.55
48.89	99.55
49.44	121.27
51.88	145.75
53.8	145.75
56.83	145.75
59.38	78.77
61.67	78.77
62.87	192.35
66.36	192.35
69.26	192.35
71.22	39.63
74.48	39.63
75.25	39.63
78.7	137.79
80.65	137.79
81.58	137.79
83.78	98.73
85.02	66.04
87.82	66.04
91.22	66.04
91.71	137.67
94.98	20.43
96.91	20.43
98.28	20.43
99.74	65.11
103.07	65.11
105.89	90.63
106.33	95.08
108.58	95.08
109.81	95.08
110.89	43.04
112.72	210.86
113.55	210.86
113.71	189.49
115.52	58.14
118.5	217.62
120.08	217.62
122.2	99.98
122.62	162.96
123.89	101.86
124.61	217.47
127.03	217.47
128.08	217.47
128.87	122.01
132.22	106.45
133.07	106.45
135.11	16.66
138.13	16.66
139.67	16.66
139.86	36.31
141.37	134.95
142.76	134.95
143.42	134.95
144.99	125.42
147.34	125.42
149.9	125.42
153.22	154.44
156.36	154.44
159.71	60.82
161.04	122.32
161.17	122.32
161.79	12.24
164.3	186.39
166.5	147.46
166.66	147.46
168.34	147.46
168.81	181.13
170.46	60.89
172.26	60.89
174.3	107.88
176.66	68.65
178.57	68.65
179.61	127.21
180.37	127.21
180.7	179.86
182.44	179.86
183.51	179.86
186.57	179.98
186.84	179.98
187.87	96.86
190.16	40.27
190.9	143.73
194.37	143.73
197.22	161.13
200.15	161.13
201.59	161.13
203.07	132.07
205.4	132.07
206.52	132.07
209.47	66.45
212.03	168.45
214.27	88.75
214.7	75.23
217.05	75.23
217.69	75.23
218.21	99.62
221.61	15.72
222.59	15.72
223.09	15.72
223.44	76.04
224.52	76.04
227.61	76.04
230.36	101.54
232.04	101.54
233.61	101.54
236.7	24.45
238.48	24.45
239.66	219.67
241.7	219.67
243.98	182.37
244.91	182.37
245.28	186.44
248.12	186.44
249.71	186.44
250.85	101.81
