2.93	7.66
4.26	7.66
6.97	7.66
9.07	22.18
11.92	97.26
13.65	97.26
15.56	62.45
18.41	62.45
19.9	198.26
22.2	59.04
24.59	59.04
25.3	59.04
26.92	218.7
27.61	218.7
29.02	218.7
31.59	103.33
34.93	103.33
36.31	163.84
36.89	163.84
37.36	36.38
39.22	88.93
42.07	88.93
43.8	99.98
45.4	99.98
46.61	48.8
48.26	48.8
50.5	48.8
53.32	146.13
56.47	146.13
58.11	146.13
60.97	43.15
64.45	33.01
66.38	33.01
68.37	199.53
70.69	199.53
74.13	106.02
77.1	106.02
80.49	220.26
82.67	220.26
84.85	47.12
86.25	47.12
86.49	47.12
89.55	82.42
90.35	0.58
92.67	0.58
94.33	0.58
94.87	186.77
95.74	136.42
98.01	136.42
100.77	224.29
102.23	116.61
102.7	116.61
105.76	116.61
106.81	24.02
108.17	24.02
111.59	155.73
114.98	155.73
116.68	205.08
117.44	38.17
119.19	57.11
121.96	57.11
122.26	57.11
125.19	113.22
125.93	113.22
126.33	42.31
126.66	42.31
129.18	189.36
131.14	190.94
132.56	92.41
134.5	7.02
135.75	7.02
137.26	89.93
139.61	217.1
142.97	157.88
143.51	157.88
146.86	157.88
147.59	103.33
148.83	103.33
150.69	222.12
151.49	222.12
151.74	40.7
154.77	40.7
156.19	40.7
156.58	156.08
158.13	213.34
158.56	213.34
159.99	45.98
161.38	156.25
164.02	156.25
165.65	62.25
167.03	62.25
169.69	122.43
172.96	83.1
174.36	83.1
177.34	25.11
179.18	25.11
181.58	25.11
183.13	28.92
185.33	20.12
187.53	20.12
190.28	94.63
193.08	94.63
195.66	33.26
197.4	33.26
197.63	33.26
200.79	112.72
202.15	171.97
204.73	171.97
207.92	171.97
210.83	78.27
214.06	78.27
215.7	78.27
218.52	209.24
221.28	209.24
221.79	156.59
221.9	156.59
225.08	116.66
225.43	116.66
228.46	37.9
229.2	37.9
230.51	37.9
233.48	0.2
236.97	165.16
239.48	5.27
239.74	5.27
242.25	33.03
243.8	33.03
245.81	33.03
248.01	11.57
248.73	11.57
249.46	11.57
251.68	12.66
