3.36	105.93
3.73	105.93
6.04	105.93
7.87	108.69
10.73	191.08
12.63	191.08
14.09	191.08
15.94	130.8
18.25	134.62
19.96	2.05
23.39	176.67
25.8	124.8
28.49	184.03
30.08	43.72
32.76	220.47
35.98	220.47
37.51	128.78
40.57	73.62
43.5	108.13
45.76	221.41
46.68	60.32
49.8	60.32
53.22	33.63
55.84	33.63
56.26	111.9
56.91	111.9
59.24	111.9
60.73	148.38
62.62	35.08
65.24	88.52
65.62	88.52
67.69	88.52
70.28	104.93
72.78	104.93
73.48	126.86
74.31	121.14
74.98	121.14
76.51	121.14
78.37	108.09
81.3	108.09
82.87	108.09
85.67	137.88
87.01	137.88
88.82	106.14
89.75	106.14
92.03	152.16
94.74	152.16
98.06	152.16
98.51	67.44
100.87	38.95
103.2	38.95
104.4	55.91
107.51	55.91
108.29	55.91
111.74	85.9
113.81	85.9
114.58	85.9
116.61	165.06
119.36	165.06
120.29	171.34
120.68	171.34
123.93	212.0
125.42	212.0
128.67	212.67
128.83	212.67
130.54	212.67
132.33	131.74
133.13	131.74
133.74	131.74
134.35	89.01
137.65	89.01
139.4	89.01
140.96	101.86
141.69	102.33
143.14	166.84
146.28	166.84
148.78	21.68
150.56	21.68
151.42	196.85
151.87	183.92
154.33	183.92
155.38	183.92
158.26	58.12
161.57	58.12
163.72	58.12
166.47	16.13
169.6	16.13
171.72	139.39
172.45	139.39
172.66	3.2
175.61	3.2
176.71	202.26
180.07	112.84
182.78	112.84
186.01	112.84
188.03	185.27
188.5	21.84
191.88	21.84
192.78	21.84
194.57	9.95
196.32	9.95
196.43	9.95
197.56	106.84
199.82	150.03
202.45	80.72
204.46	80.72
206.22	80.72
207.56	197.42
208.46	197.42
209.29	197.42
210.15	86.11
210.66	86.11
213.08	86.11
216.14	83.77
216.35	63.62
218.52	63.62
221.37	45.97
223.62	45.97
225.28	92.22
226.46	92.22
227.81	44.62
228.53	44.62
229.16	44.62
230.47	33.53
232.07	11.71
232.78	181.82
235.78	183.38
237.31	183.38
240.73	211.37
243.02	211.37
243.97	100.24
246.64	100.24
248.05	22.0
249.49	22.0
251.0	70.23
