0.87	114.5
1.79	114.5
3.59	104.65
6.37	104.65
8.11	194.02
9.5	194.02
12.73	165.85
15.05	53.42
15.4	99.3
18.45	99.3
19.2	24.41
21.07	164.86
24.4	164.86
27.79	218.39
29.62	218.39
32.29	218.39
32.78	199.72
34.6	199.72
36.69	212.86
37.7	212.86
38.24	212.86
39.6	173.83
41.01	173.83
41.95	172.9
44.76	172.9
46.67	172.9
47.96	25.14
50.1	25.14
53.07	7.49
55.96	105.39
57.54	105.39
60.7	105.39
63.02	146.6
66.25	72.0
68.51	176.53
71.11	176.53
73.77	27.07
75.97	27.07
78.67	27.07
80.55	79.58
82.59	79.58
85.45	182.7
86.32	182.7
89.46	182.7
90.98	79.88
93.78	79.88
94.32	79.88
95.13	94.74
97.72	94.74
100.55	94.74
101.88	63.81
103.8	181.95
106.71	181.95
109.26	46.84
109.68	46.84
110.34	46.84
112.52	156.51
112.9	156.51
114.47	190.39
117.87	104.5
120.66	104.5
120.88	89.35
124.06	89.35
126.13	5.15
128.34	5.15
129.77	156.05
131.22	156.05
134.61	156.05
136.47	82.2
139.92	82.2
140.47	123.56
143.47	123.56
146.0	100.59
148.71	100.59
150.84	1.49
150.95	1.49
153.01	1.49
153.19	197.61
155.0	197.61
157.32	197.61
158.52	99.63
160.77	99.63
162.25	99.63
163.49	27.91
164.19	27.91
164.34	129.67
166.99	37.88
168.12	37.88
169.11	37.88
170.42	128.61
173.09	128.61
175.66	147.66
176.07	147.66
177.88	147.66
180.84	44.13
181.34	44.13
181.53	44.13
182.95	101.51
183.17	101.51
186.37	101.51
188.72	46.32
190.05	46.32
190.85	104.71
191.87	104.71
193.53	104.71
196.11	32.12
196.47	32.12
199.79	32.12
202.86	225.14
205.94	188.95
206.96	188.95
207.57	188.95
208.01	204.85
208.37	214.21
211.58	214.21
214.05	35.45
215.19	111.82
215.43	93.03
218.34	93.03
221.57	25.55
221.81	207.79
224.64	207.79
225.96	36.93
226.59	40.42
229.2	40.42
231.23	40.42
232.47	102.62
233.51	102.62
234.58	102.62
236.42	67.8
239.49	67.8
241.38	67.8
244.25	40.8
246.0	40.8
247.21	40.8
250.66	204.14
