3.05	137.79
5.7	43.23
7.21	43.23
10.45	43.23
10.87	159.47
14.05	159.47
15.57	159.47
16.81	185.78
19.91	185.78
20.87	185.78
23.42	190.93
25.99	221.88
28.12	221.88
30.41	145.34
30.92	145.34
32.88	145.34
35.5	102.39
38.95	102.39
39.97	11.95
42.91	11.95
45.43	11.95
47.53	203.58
48.21	203.58
50.84	135.9
53.97	135.9
55.28	135.9
57.86	183.76
59.16	183.76
61.97	183.76
64.63	83.09
66.14	83.09
67.29	83.09
70.48	105.59
71.32	160.43
73.84	176.52
76.42	176.52
77.92	176.52
80.44	18.2
81.83	18.2
84.37	18.2
85.38	177.41
87.31	19.96
89.87	19.96
91.88	114.69
94.54	114.69
96.5	114.69
97.69	130.18
100.88	0.28
102.07	84.51
104.95	158.78
106.55	63.27
109.69	204.6
111.07	204.6
111.84	164.92
114.02	164.92
117.39	79.95
120.54	82.75
122.25	82.75
125.54	152.33
125.82	152.33
128.09	152.33
131.32	223.29
134.14	223.29
137.2	223.29
138.55	127.02
141.48	127.02
142.62	127.02
144.96	184.16
146.84	184.16
149.67	184.16
151.26	162.97
151.4	162.97
151.98	115.81
153.08	121.86
153.64	121.86
153.96	53.67
157.32	53.67
160.33	53.67
160.61	97.47
162.78	97.47
166.18	97.47
167.85	126.53
168.18	126.53
171.0	126.53
173.06	91.71
173.63	91.71
174.3	91.71
177.54	18.0
180.53	18.0
183.29	32.0
185.25	61.26
186.99	61.26
187.65	107.2
190.55	107.2
192.81	107.2
196.27	170.76
196.58	170.76
199.86	8.34
203.05	8.34
205.05	49.95
207.43	164.13
209.24	164.13
210.15	122.83
210.47	122.83
210.75	122.83
212.91	105.33
214.54	105.33
216.53	105.33
217.47	89.24
218.39	223.49
221.37	223.49
222.06	223.49
224.67	113.79
227.4	113.79
227.93	215.86
228.19	215.86
231.41	215.86
233.02	93.05
235.5	93.05
236.98	159.4
237.65	49.95
240.55	105.49
243.46	196.72
244.19	105.43
246.94	29.42
247.06	29.42
249.96	29.42
250.75	201.86
