1.89	125.18
2.2	125.18
4.72	125.18
5.95	206.6
6.66	206.6
6.84	206.6
9.71	121.54
10.12	121.54
11.8	121.54
14.33	146.68
16.06	146.68
16.79	39.18
20.15	39.18
22.4	39.18
24.47	113.52
27.05	113.52
27.97	113.52
28.63	188.32
30.5	188.32
33.65	188.32
34.0	155.19
35.38	155.19
37.76	155.19
40.76	215.24
41.18	224.56
41.84	96.34
42.31	96.34
45.33	205.53
46.82	205.53
49.6	205.53
50.72	225.97
52.22	225.97
53.57	80.2
56.8	80.2
60.29	80.2
62.74	92.67
65.95	73.11
67.9	73.11
71.13	225.94
72.3	225.94
74.94	225.94
75.54	146.34
75.78	146.34
78.87	222.23
81.79	222.23
83.84	95.61
84.82	95.61
85.51	138.42
86.01	18.48
86.46	175.27
87.67	175.27
90.51	55.09
92.3	55.09
93.95	175.06
95.34	176.51
96.2	205.55
96.99	174.31
98.36	174.31
100.67	174.31
101.07	84.33
103.34	114.11
104.46	114.11
106.51	100.16
108.97	25.41
109.55	53.42
111.0	191.9
112.82	191.9
113.15	219.23
114.95	219.23
115.5	184.63
116.68	184.63
119.79	107.54
121.87	107.54
125.35	107.54
125.76	219.6
127.62	219.6
129.26	219.6
129.89	88.52
132.84	88.52
135.47	88.52
137.92	97.69
140.16	97.69
141.4	103.04
144.68	175.33
145.28	175.33
145.88	6.79
147.62	196.99
148.42	196.99
150.55	196.99
153.61	213.3
156.31	109.74
157.05	137.24
158.84	137.24
158.97	144.62
161.5	184.45
162.69	184.45
165.93	184.45
167.8	167.67
169.68	167.67
170.63	187.65
171.62	187.65
172.38	187.65
173.71	4.76
176.36	4.76
178.77	153.47
180.19	153.47
180.39	153.47
182.63	153.03
183.12	153.03
185.6	42.28
186.24	42.28
188.06	33.39
190.15	33.39
193.09	9.17
193.7	2.06
196.87	2.06
198.69	2.06
201.26	136.96
201.79	136.96
203.26	211.85
206.18	211.85
206.72	136.74
208.13	136.74
209.0	136.74
210.76	225.32
212.88	225.01
213.6	66.92
214.58	66.92
216.03	66.92
218.32	23.16
219.05	28.15
221.69	107.96
222.86	107.96
224.74	107.96
225.4	85.6
227.63	85.6
230.15	25.34
231.55	146.53
233.4	184.75
235.14	184.75
235.76	134.13
238.09	96.83
239.78	57.69
240.48	80.65
243.83	191.32
246.56	37.02
248.63	217.94
251.57	217.94
