3.42	30.97
5.19	30.97
8.54	30.97
11.28	170.98
13.46	170.98
15.06	170.98
15.88	204.12
18.49	204.12
20.14	204.12
22.09	105.21
22.71	105.21
22.96	105.21
24.11	200.93
24.67	200.93
27.31	49.64
29.22	12.94
30.59	12.94
33.85	12.94
34.1	178.97
35.57	178.97
37.89	188.82
40.63	188.82
40.79	185.73
41.52	185.73
42.71	185.73
43.07	182.08
44.75	155.08
45.27	69.76
48.09	69.76
51.12	69.76
54.1	210.7
55.27	210.7
56.27	210.7
57.67	82.03
59.26	82.03
60.71	82.03
63.46	197.75
65.15	197.75
68.52	197.75
69.67	49.45
71.85	49.45
72.14	225.99
73.56	91.66
73.71	119.91
74.14	119.91
76.54	189.84
79.39	189.84
81.6	189.84
84.51	71.67
84.91	180.6
85.37	180.6
85.47	186.9
88.97	49.78
89.31	49.78
89.72	84.79
92.08	51.55
94.36	12.91
97.39	12.91
99.61	160.16
101.78	160.16
102.44	160.16
102.77	35.88
103.8	35.88
106.65	185.09
107.99	185.09
109.29	72.83
110.18	72.83
111.95	55.56
115.07	19.07
116.36	19.07
118.14	19.07
119.39	225.8
120.06	225.8
122.52	225.8
124.98	217.42
125.34	217.42
128.69	166.52
130.41	166.52
132.22	119.6
132.89	119.6
134.81	52.56
136.65	11.67
137.72	114.64
137.9	96.19
138.88	96.19
140.32	96.19
143.02	185.3
145.31	55.63
146.26	55.63
147.05	80.28
148.39	80.28
151.66	190.99
152.21	190.99
154.74	214.78
156.73	132.9
157.93	132.9
159.98	132.9
161.98	139.71
162.95	139.71
165.33	176.42
166.86	176.42
169.73	176.42
172.03	71.96
174.06	98.92
176.58	154.26
179.33	195.77
182.15	195.77
184.67	195.77
185.79	77.13
189.24	130.29
191.28	130.29
194.28	205.41
197.64	85.53
198.85	202.54
200.96	53.44
202.57	177.55
204.16	177.55
205.98	89.08
208.69	182.33
211.98	182.33
213.46	182.33
215.34	65.16
217.15	146.14
218.35	146.14
221.71	185.05
224.63	84.39
225.72	84.39
226.82	95.85
228.88	95.85
230.34	48.51
233.2	48.51
236.35	21.59
238.42	23.71
239.88	23.71
240.91	138.54
243.93	138.54
246.79	138.54
248.0	198.22
249.63	109.35
252.89	109.35
