1.75	171.61
2.52	183.87
5.46	183.87
6.67	29.74
8.81	96.47
9.92	96.47
10.63	214.8
11.08	214.8
11.28	170.71
13.67	85.59
17.01	85.59
18.05	111.47
19.72	111.47
21.18	98.38
21.69	98.38
22.63	98.38
24.44	14.26
25.56	14.26
28.21	14.26
31.44	136.6
32.5	69.17
34.12	160.29
35.76	160.29
39.15	160.29
42.48	160.96
42.82	160.96
43.35	160.96
44.66	14.95
45.76	14.95
49.21	14.95
49.58	37.09
50.47	1.45
51.43	1.45
54.03	1.45
54.91	195.42
56.3	88.67
56.71	174.15
58.7	221.3
60.31	221.3
62.19	89.65
64.26	89.65
66.33	108.79
66.61	108.79
67.38	108.79
67.78	15.69
68.21	15.69
70.11	15.69
71.61	57.03
74.51	161.53
76.31	161.53
77.05	45.56
78.51	45.56
78.86	45.56
80.41	162.97
80.69	162.97
83.42	208.28
84.39	115.73
86.72	115.73
89.85	156.1
91.13	156.1
91.28	179.04
92.23	179.04
94.15	179.04
94.68	201.11
96.11	201.11
97.36	201.11
98.01	12.89
101.04	129.67
101.65	69.69
102.15	69.69
103.23	69.69
105.9	68.58
106.51	68.58
110.0	219.2
112.78	219.2
114.34	219.2
117.49	210.94
120.54	210.94
121.03	3.88
121.91	132.41
124.71	132.41
125.7	17.76
127.04	17.76
128.23	114.85
131.41	114.85
131.59	87.85
133.1	218.18
136.05	218.18
136.31	218.18
136.7	113.68
139.79	48.75
141.51	48.75
142.47	48.75
145.55	132.96
147.92	132.96
148.02	132.96
150.99	3.11
151.96	3.11
153.53	3.11
156.68	121.05
158.68	121.05
161.9	121.05
164.52	200.8
164.95	200.8
168.44	200.8
169.11	73.07
169.29	224.36
172.45	69.75
173.37	218.75
174.66	218.75
177.48	218.75
180.92	5.51
183.22	5.51
185.4	5.51
188.66	60.75
191.17	114.16
191.82	114.16
194.64	114.16
196.17	1.93
197.59	1.93
199.84	125.14
201.54	125.14
202.59	125.14
205.32	46.53
207.67	46.53
208.43	141.33
211.4	178.0
213.86	178.0
216.79	200.18
219.88	200.18
221.3	117.11
221.63	214.55
223.05	214.55
223.2	223.83
223.48	223.83
226.35	153.29
227.96	153.29
229.36	153.29
230.63	53.99
232.23	53.99
234.1	171.88
234.86	171.88
236.33	171.88
237.64	46.27
239.55	46.27
240.97	46.27
241.94	175.23
243.91	91.17
247.2	91.17
248.34	189.67
251.69	189.67
