3.45	87.42
4.7	87.42
5.6	77.1
6.22	77.1
8.4	124.04
8.67	5.51
11.55	5.51
13.87	5.51
16.1	146.9
19.24	146.9
19.47	57.86
20.16	57.86
21.41	0.44
23.68	0.44
24.72	0.44
25.81	92.0
28.4	92.0
28.98	69.83
29.95	69.83
31.16	69.83
34.2	13.87
35.61	13.87
36.46	13.87
37.89	3.02
39.83	178.7
43.08	178.7
43.5	25.79
43.96	25.79
47.31	173.54
48.92	173.54
49.32	101.78
51.79	101.78
55.1	65.76
55.82	30.67
58.89	30.67
59.7	170.44
60.02	170.44
61.68	199.27
62.41	199.27
63.16	199.27
66.24	50.33
68.92	50.33
69.08	50.33
71.79	83.0
72.77	83.0
75.3	145.91
76.65	145.91
78.34	145.91
80.65	200.71
81.35	200.71
83.52	28.64
85.89	28.64
86.07	28.64
89.42	4.4
91.44	165.4
92.78	23.0
95.42	23.0
96.8	57.14
97.68	57.14
98.68	30.41
101.37	30.41
101.7	175.94
104.09	175.94
104.59	191.15
104.82	28.76
106.06	28.76
109.52	28.76
111.48	206.51
112.68	206.51
114.6	195.23
115.18	195.23
115.74	24.59
116.81	36.0
119.99	36.0
121.46	36.0
124.37	131.27
127.58	201.17
130.44	201.17
132.81	153.37
133.78	135.51
136.34	99.07
137.07	99.07
140.48	99.07
140.84	101.0
141.09	219.72
142.27	219.72
143.0	203.82
143.77	203.82
145.62	203.82
147.87	172.08
148.08	172.08
151.21	150.07
152.32	150.07
155.54	165.54
158.19	165.54
160.28	165.54
162.99	220.68
165.24	220.68
165.73	220.68
166.12	155.73
166.29	155.73
168.69	155.73
169.09	91.36
169.63	91.36
170.35	91.36
171.32	107.64
174.36	36.88
175.19	36.88
178.61	210.66
180.47	210.66
181.88	210.66
182.85	77.27
184.7	77.27
187.48	77.27
190.51	113.55
192.19	124.73
194.16	124.73
195.16	124.73
197.77	64.42
198.14	64.42
200.95	64.42
204.08	173.56
207.33	173.56
208.5	173.56
209.12	41.63
212.48	41.63
213.78	41.63
216.81	205.11
219.84	205.11
222.4	160.43
224.39	211.24
225.3	211.24
227.74	78.99
227.9	78.99
229.6	78.99
230.39	62.28
233.15	62.28
236.32	62.28
239.39	84.95
239.51	84.95
240.9	172.93
241.5	19.86
242.55	141.04
244.38	159.63
246.23	167.14
248.04	167.14
251.46	167.14
