2.22	25.39
4.61	25.39
5.71	224.9
7.15	224.9
9.88	128.69
12.84	209.63
14.43	110.51
16.46	110.51
16.73	110.51
17.11	105.27
17.79	105.27
19.4	42.92
20.33	10.12
23.04	10.12
25.67	156.66
27.64	156.66
30.41	61.42
33.84	80.5
35.36	80.5
37.05	199.1
39.2	199.1
40.7	199.1
42.18	141.42
44.79	141.42
46.83	141.42
47.11	159.98
49.28	159.98
51.01	35.31
51.64	143.42
53.67	143.42
55.77	178.29
58.9	196.76
61.05	196.76
62.41	0.97
63.72	0.97
64.04	0.97
67.15	138.45
70.19	138.45
72.23	113.37
74.35	161.1
77.8	92.71
80.28	92.71
82.06	214.82
82.54	208.39
86.02	39.8
88.96	39.8
92.29	207.07
94.41	69.54
97.86	69.54
98.13	102.61
98.49	113.96
101.36	159.56
102.28	159.56
105.47	159.56
106.72	202.6
106.87	202.6
107.86	202.6
109.68	211.18
112.04	211.18
112.47	211.18
113.37	10.63
116.05	10.63
117.35	10.63
119.24	148.88
120.32	148.88
123.67	91.82
124.56	91.82
125.81	91.82
127.21	104.96
128.34	104.96
128.93	220.46
131.32	133.78
134.46	60.44
137.95	60.44
140.27	60.44
143.08	116.93
143.95	116.93
145.81	116.93
149.12	133.82
150.1	35.01
151.43	112.9
153.94	112.9
156.21	52.43
156.41	52.43
158.11	52.43
158.26	128.11
160.66	128.11
163.06	128.11
166.46	191.58
168.68	191.58
170.11	191.58
173.01	26.61
176.1	26.61
179.42	26.61
181.63	13.36
184.08	13.36
184.47	188.93
187.78	188.93
189.29	188.93
191.45	168.95
193.67	168.95
195.86	176.49
196.74	176.49
199.51	78.79
200.47	43.15
202.61	224.05
203.49	224.05
205.91	224.05
206.09	194.23
208.51	116.88
211.63	116.88
213.4	116.88
216.83	97.27
219.14	23.19
222.11	23.19
222.49	23.19
225.24	86.86
226.51	176.15
226.86	223.86
230.26	223.86
232.88	223.86
233.93	172.86
237.1	143.42
237.28	143.42
239.49	143.42
241.21	166.97
244.61	166.97
245.21	166.97
248.19	97.7
250.21	97.7
