0.89	162.41
2.5	210.05
4.58	210.05
7.29	210.05
9.19	89.67
12.67	89.67
15.04	90.67
15.77	73.73
17.87	73.73
19.67	62.96
21.79	191.84
24.09	41.19
27.28	41.19
28.99	121.6
29.22	40.87
31.82	40.87
32.18	36.36
34.67	36.36
36.13	36.36
38.17	173.39
40.72	97.06
43.46	97.06
45.53	97.06
47.04	69.04
47.17	45.29
50.24	45.29
51.42	171.89
51.97	171.89
54.74	27.41
55.9	27.41
56.42	27.91
57.27	27.91
58.08	105.41
58.52	105.41
60.58	105.41
61.91	168.49
65.27	168.49
67.29	151.85
68.55	102.25
70.52	102.25
70.78	191.94
72.85	191.94
75.36	191.94
77.15	121.43
80.09	121.43
83.46	121.43
84.9	49.79
86.0	49.79
87.27	49.79
87.87	10.8
89.66	173.8
92.96	173.8
94.53	150.07
97.58	150.07
100.65	166.92
102.92	166.92
105.02	166.92
107.16	33.92
110.12	33.92
110.77	5.89
113.49	5.89
113.88	5.89
116.21	146.61
116.33	146.61
119.69	128.38
120.15	128.38
121.54	148.15
122.98	183.68
124.62	183.68
126.91	68.87
127.81	65.57
130.18	29.13
132.77	29.13
133.87	113.73
136.35	160.38
137.0	160.38
138.06	160.38
140.33	218.49
140.67	218.49
142.45	218.49
143.63	11.63
146.98	11.63
150.0	11.63
150.74	103.64
151.76	103.64
152.62	203.4
153.76	203.4
153.92	203.4
155.67	173.76
156.85	173.76
158.95	173.76
160.12	98.18
161.21	98.18
162.46	37.76
162.59	37.76
164.01	72.23
166.66	72.23
166.89	72.23
169.86	110.06
172.01	110.06
172.22	83.68
173.96	83.68
175.59	83.68
178.97	8.95
179.22	8.95
179.65	8.95
182.85	145.2
185.94	190.81
187.55	190.81
189.74	190.81
192.8	138.92
193.02	138.92
194.54	184.94
197.29	206.37
198.44	206.37
200.81	206.37
201.17	203.04
202.83	203.04
204.67	203.04
205.95	202.27
208.84	221.67
210.48	221.67
213.34	221.67
214.33	74.77
214.71	74.77
216.53	74.77
217.81	53.21
220.18	15.13
223.02	15.13
223.86	15.13
225.26	37.1
226.72	37.1
229.91	37.1
230.71	199.4
232.66	199.4
234.61	94.98
236.12	94.98
239.47	94.98
240.07	64.42
240.83	87.07
242.76	36.8
243.98	33.98
245.88	220.51
246.28	220.51
247.4	220.51
248.32	103.47
251.76	103.47
