1.98	0.77
2.19	0.77
2.34	0.65
3.74	0.65
5.51	0.79
8.16	0.79
10.19	0.91
10.51	0.91
13.57	0.91
15.66	0.76
18.83	0.67
21.27	0.67
21.4	0.45
23.03	0.45
24.4	0.45
25.52	0.9
27.22	0.9
28.95	0.76
30.74	0.76
32.09	0.86
34.07	0.69
36.12	0.6
39.16	0.6
39.78	0.63
41.82	0.63
42.56	0.63
44.9	0.74
46.01	0.78
47.81	0.96
50.0	0.96
50.65	0.5
53.91	0.5
57.25	0.5
58.09	0.91
61.56	0.76
64.17	0.76
64.97	0.76
65.17	0.56
68.46	0.56
71.79	0.56
74.43	0.43
76.93	0.43
77.05	0.22
77.69	0.22
79.92	0.75
80.11	0.75
82.33	0.75
84.5	0.67
85.57	0.67
86.34	0.63
89.02	0.63
92.01	0.63
92.38	0.21
92.61	0.71
94.37	0.71
97.78	0.54
99.78	0.32
100.48	0.32
101.96	0.32
103.95	0.99
107.23	0.99
108.22	0.2
109.74	0.2
110.09	0.36
110.66	0.36
112.45	0.58
115.38	0.28
115.65	0.28
117.6	0.64
117.86	0.64
120.91	0.32
122.45	0.32
123.7	0.83
126.47	0.83
126.97	0.51
127.1	0.51
129.25	0.73
130.43	0.73
131.57	0.73
132.68	0.48
134.9	0.48
136.01	0.56
137.54	0.56
140.18	0.42
143.35	0.42
145.61	0.9
146.58	0.9
148.56	0.33
149.88	0.33
150.55	0.82
151.68	0.82
154.56	0.38
156.82	0.38
158.96	0.79
161.42	0.79
161.73	0.79
164.88	0.8
166.38	0.8
167.04	0.25
168.22	0.25
171.16	0.25
173.62	0.93
174.32	0.93
177.41	0.52
179.27	0.52
180.84	0.52
183.74	0.56
184.13	0.56
184.83	0.52
187.11	0.52
190.16	0.58
192.38	0.8
195.16	0.29
196.45	0.71
197.3	0.71
198.16	0.71
199.38	0.22
199.59	0.22
200.23	0.78
202.68	0.78
205.54	0.81
207.58	0.71
211.06	0.71
213.84	0.33
215.81	0.33
218.89	0.33
219.97	0.33
222.65	0.33
224.88	0.61
228.31	0.61
228.49	0.58
230.82	0.84
231.81	0.84
235.25	0.88
237.5	0.88
240.48	0.82
241.23	0.82
242.08	0.48
245.37	0.65
247.49	0.77
248.81	0.23
250.73	0.23
