2.66	0.41
5.22	0.41
7.63	0.41
10.51	0.94
13.08	0.56
13.48	0.91
16.62	0.23
20.08	0.51
22.84	0.51
25.33	0.51
28.11	0.57
29.26	0.57
32.45	0.57
34.98	0.81
35.34	0.81
36.05	0.59
39.45	0.59
40.25	0.37
40.61	0.37
41.68	0.37
43.91	0.94
45.65	0.36
48.33	0.36
51.17	0.94
53.33	0.94
53.83	0.87
55.69	0.48
58.51	0.48
61.43	0.48
63.12	0.83
63.82	0.83
66.77	0.23
67.82	0.25
71.24	0.25
73.47	0.25
76.46	0.24
77.29	0.24
79.41	0.54
81.74	0.25
85.22	0.84
87.89	0.84
90.77	0.84
91.07	0.89
92.67	0.89
93.74	0.89
94.21	0.64
96.8	0.76
98.75	0.76
99.99	0.76
101.31	0.48
104.58	0.48
107.16	0.48
109.41	0.46
109.55	0.46
111.79	0.27
114.32	0.27
117.69	0.27
119.16	0.52
121.1	0.52
123.87	0.52
126.45	0.52
129.4	0.38
129.77	0.38
133.24	0.94
133.48	0.94
134.46	0.94
135.8	0.27
139.3	0.27
141.65	0.61
144.36	0.93
147.47	0.93
148.01	0.37
149.39	0.37
151.77	0.9
152.28	0.9
153.09	0.63
155.61	0.54
157.05	0.42
159.9	0.34
163.23	0.78
166.37	0.78
168.36	0.45
171.27	0.45
174.19	0.45
174.73	0.37
177.35	0.79
178.34	0.79
178.65	0.69
180.2	0.69
183.58	0.69
185.57	0.5
187.43	0.5
190.92	0.84
193.93	0.84
196.0	0.5
198.07	0.5
199.52	0.5
201.9	0.96
202.33	0.96
205.3	0.96
206.5	0.42
208.65	0.42
211.32	0.91
211.46	0.91
211.57	0.91
213.08	0.91
214.51	0.91
216.41	0.97
216.89	0.97
218.5	0.96
219.05	0.96
222.11	0.96
223.89	0.99
226.34	0.95
227.24	0.95
229.96	0.79
231.49	0.79
232.66	0.79
235.12	0.4
237.68	0.4
238.82	0.34
242.16	0.34
242.29	0.23
244.22	0.23
246.63	0.23
246.75	0.67
249.91	0.67
251.92	0.87
