1.7	0.39
2.63	0.39
4.75	0.39
5.95	0.96
7.65	0.91
8.15	0.91
8.33	0.91
10.8	0.51
13.25	0.51
14.35	0.92
15.81	0.28
16.62	0.28
19.89	0.57
21.2	0.57
22.28	0.57
23.96	0.43
26.03	0.43
27.96	0.77
28.39	0.77
29.47	0.77
31.45	1.0
31.92	1.0
34.49	0.23
37.35	0.23
37.49	0.23
38.77	0.76
39.23	0.76
40.57	0.76
41.04	0.41
42.74	0.41
43.25	0.41
46.49	0.68
48.49	0.68
49.11	0.68
51.17	0.49
54.61	0.49
54.86	0.49
56.44	0.23
57.33	0.23
58.16	0.23
61.14	0.81
61.67	0.6
64.74	0.6
66.91	0.6
69.44	0.71
70.22	0.71
73.39	0.71
74.39	0.49
75.04	0.79
77.74	0.79
80.22	0.83
83.61	0.97
84.45	0.97
87.02	0.97
88.94	0.88
91.91	0.27
93.22	0.98
93.96	0.26
96.72	0.26
100.18	0.26
100.87	0.92
103.28	0.62
105.69	0.62
105.97	0.62
107.86	0.33
108.42	0.33
108.52	0.75
109.13	0.69
109.63	0.69
112.15	0.69
114.75	0.79
115.75	0.82
116.83	0.83
117.63	0.83
120.29	0.47
123.42	0.47
125.79	0.47
126.4	0.46
128.15	0.46
130.25	0.22
131.62	0.22
132.38	0.22
135.48	0.99
137.03	0.99
139.11	0.84
140.07	0.48
143.1	0.72
143.53	0.72
146.61	0.47
148.12	0.47
149.26	0.37
149.78	0.37
149.88	0.26
150.81	0.63
152.3	0.63
153.06	0.63
156.31	0.51
159.58	0.51
160.16	0.56
161.56	0.56
163.11	0.89
166.48	0.89
167.75	0.98
168.95	0.98
170.73	0.98
172.94	0.46
175.25	0.46
177.94	0.72
178.57	0.72
179.75	0.72
182.83	0.31
184.98	0.31
187.14	0.84
189.66	0.84
190.26	0.21
193.26	0.21
194.0	0.79
194.87	0.79
196.85	0.49
198.21	0.32
200.73	0.53
203.38	0.53
205.84	0.53
209.32	0.2
211.58	0.2
214.83	0.21
216.5	0.63
219.16	0.63
220.86	0.63
221.39	0.24
224.17	0.51
225.3	0.51
225.55	0.51
228.61	0.52
231.95	0.53
232.44	0.81
234.07	0.81
234.89	0.81
237.98	0.4
238.08	0.81
238.84	0.81
241.8	0.81
244.03	0.99
245.98	0.99
248.15	0.99
250.43	0.76
