1.22	0.98
2.14	0.98
4.46	0.56
6.69	0.56
10.14	0.56
10.61	0.98
10.83	0.98
14.01	0.98
16.52	0.29
17.87	0.29
20.73	0.29
21.12	0.39
24.09	0.26
26.03	0.26
26.65	0.26
27.5	0.92
30.17	0.92
31.05	0.92
32.35	0.94
33.07	0.94
36.47	0.79
37.6	0.79
38.08	0.3
41.39	0.82
44.72	0.82
46.63	0.45
46.87	0.84
48.16	0.84
50.15	0.84
52.12	0.32
54.79	0.52
56.64	0.23
58.72	0.23
60.91	0.92
63.17	0.38
64.42	0.38
64.74	0.36
67.77	0.36
69.11	0.23
69.9	0.23
72.61	0.4
74.9	0.63
75.49	0.63
77.02	0.79
78.02	0.24
78.6	0.24
80.72	0.24
83.58	0.29
84.92	0.29
86.66	0.44
89.28	0.44
91.94	0.46
95.2	0.46
98.1	0.58
101.53	0.58
104.6	0.58
106.12	0.99
108.03	0.72
109.33	0.72
111.17	0.4
114.03	0.4
116.79	0.4
119.56	0.95
121.07	0.95
124.11	0.44
126.61	0.44
126.75	0.99
130.1	0.99
133.57	0.87
135.88	0.87
137.48	0.81
138.61	0.81
141.51	0.81
143.75	0.56
145.02	0.54
147.41	0.25
149.5	0.55
152.58	0.72
153.12	0.72
154.69	0.72
155.77	0.88
156.45	0.88
158.2	0.93
158.49	0.93
158.92	0.93
159.3	0.48
161.71	0.48
163.55	0.93
166.24	0.93
168.76	0.93
171.59	0.65
174.59	0.65
176.6	1.0
180.01	1.0
182.69	0.56
184.29	0.56
185.27	0.56
187.22	0.74
188.82	0.74
190.2	0.74
190.48	0.22
192.09	0.22
195.33	0.86
197.04	0.86
197.8	0.86
200.15	0.82
202.78	0.24
205.96	0.43
208.59	0.43
211.67	0.86
214.33	0.82
216.74	0.82
217.95	0.82
220.98	0.58
224.36	0.58
225.57	0.48
226.25	0.57
228.3	0.57
229.77	0.86
232.08	0.86
233.64	0.64
236.47	0.64
239.28	0.82
239.7	0.82
240.35	0.83
242.84	0.83
244.96	0.83
246.99	0.74
248.32	0.74
250.77	0.74
