1.75	0.37
3.92	0.37
4.2	0.57
6.45	0.89
7.67	0.89
8.88	0.89
11.32	0.22
11.58	0.22
11.76	0.22
12.93	0.33
16.26	0.33
19.58	0.33
19.87	0.34
20.7	0.34
23.91	0.34
24.35	0.91
25.88	0.91
26.42	0.99
28.27	0.99
28.7	0.99
30.82	0.42
30.93	0.51
33.35	0.51
36.82	0.51
38.5	0.25
41.62	0.25
43.93	0.28
44.27	0.95
44.65	0.95
48.14	0.95
49.87	0.86
52.2	0.86
52.98	0.67
56.17	0.67
57.65	0.95
59.4	0.95
61.03	0.95
63.44	0.3
66.7	0.43
68.49	0.43
69.61	0.5
71.7	0.5
73.37	0.5
75.65	0.67
76.28	0.8
78.05	0.8
81.04	0.72
81.75	0.81
84.41	0.81
87.04	0.81
89.06	0.62
89.57	0.62
92.76	0.52
94.18	0.52
97.64	0.52
100.79	0.68
103.97	0.68
105.56	0.31
105.94	0.31
107.0	0.31
110.16	0.62
112.83	0.7
113.14	0.27
113.48	0.23
113.95	0.68
116.57	0.68
117.37	0.96
120.16	0.96
120.6	0.98
121.52	0.84
122.86	0.84
125.37	0.9
127.14	0.9
127.4	0.74
129.18	0.74
129.9	0.74
133.19	0.74
133.76	0.74
135.41	0.74
136.97	0.76
139.09	0.76
140.03	0.43
140.38	0.43
141.55	0.57
142.4	0.52
143.17	0.57
145.85	0.3
147.08	0.44
148.53	0.62
151.98	0.62
153.79	0.62
156.39	0.39
159.71	0.4
162.32	0.4
163.49	0.45
164.8	0.45
165.7	0.45
167.31	0.4
169.55	0.4
170.08	0.72
171.61	0.72
171.83	0.72
174.4	0.96
175.42	0.84
176.47	0.3
179.14	0.45
181.38	0.45
181.74	0.97
182.36	0.61
184.91	0.69
187.82	0.44
190.38	0.44
193.47	0.69
195.16	0.38
197.56	0.38
199.28	0.91
201.24	0.91
204.14	0.91
207.55	0.43
209.58	0.86
210.37	0.84
210.53	0.84
211.92	0.34
213.17	0.34
215.2	0.45
218.58	0.55
221.05	0.55
221.91	0.55
223.69	0.43
226.86	0.43
227.34	0.26
228.91	0.26
230.95	0.61
231.08	0.61
232.91	0.57
233.53	0.57
234.66	0.57
234.81	0.3
237.5	0.7
239.37	0.7
241.82	0.7
245.18	0.91
246.29	0.67
247.02	0.43
248.3	0.43
249.52	0.43
252.9	0.32
