2.28	0.77
4.27	0.77
7.61	0.77
8.32	0.36
8.82	0.36
10.75	0.36
12.55	0.75
13.46	0.31
13.97	0.27
14.96	0.27
16.54	0.86
18.15	0.86
19.46	0.86
22.2	0.4
22.99	0.4
25.51	0.3
26.2	0.91
29.67	0.5
31.19	0.5
34.24	0.5
35.69	0.36
39.07	0.66
42.0	0.73
42.71	0.66
44.44	0.66
47.73	0.96
50.68	0.63
50.88	0.63
52.23	0.63
53.95	0.77
57.02	0.77
57.52	0.62
58.03	0.26
59.85	0.26
61.95	0.83
62.64	0.83
64.55	0.83
67.63	0.44
71.09	0.44
73.11	0.91
73.86	0.83
74.67	0.96
76.38	1.0
78.65	0.31
80.36	0.31
82.12	0.58
84.98	0.58
85.37	0.8
87.77	0.8
90.46	0.46
92.48	0.46
95.77	1.0
96.16	0.78
98.59	0.78
101.86	0.48
102.13	0.48
102.89	0.57
105.24	0.57
107.31	0.57
107.94	0.74
110.98	0.74
113.1	0.74
114.45	0.89
115.27	0.89
118.46	0.89
120.92	0.5
123.28	0.5
125.29	0.62
125.53	0.62
127.42	0.62
130.27	0.74
131.43	0.74
134.18	0.83
135.8	0.83
136.37	0.69
139.01	0.23
142.38	0.48
144.28	0.61
147.0	0.61
150.28	0.27
151.03	0.27
151.78	0.79
152.13	0.56
154.14	0.71
156.75	0.46
157.74	0.46
158.01	0.45
161.46	0.45
163.1	0.25
164.66	0.73
166.37	0.73
169.63	0.67
170.11	0.67
171.39	0.67
173.57	0.83
174.66	0.83
176.81	0.83
179.43	0.84
182.44	0.84
183.94	0.79
184.41	0.71
187.82	0.68
188.15	0.4
188.27	0.4
190.72	0.4
191.15	0.21
192.59	0.21
194.47	0.36
196.83	0.36
199.45	0.36
200.81	0.82
203.09	0.82
205.14	0.82
208.47	0.65
209.93	0.65
212.09	0.64
212.21	0.53
215.65	0.53
216.25	0.34
217.91	0.34
221.25	0.2
222.25	0.42
224.27	0.24
226.04	0.24
226.72	0.43
227.65	0.43
228.16	0.61
231.59	0.61
232.37	0.69
233.2	0.43
236.6	0.62
237.84	0.29
238.98	0.3
241.84	0.3
242.47	0.3
243.86	0.93
244.72	0.93
245.9	0.93
249.31	0.31
251.64	0.31
