2.55	0.55
2.87	0.55
3.0	0.51
3.21	0.61
5.89	0.95
9.12	0.6
9.38	0.6
9.79	0.6
10.77	0.2
11.91	0.96
14.88	0.96
16.97	0.61
20.21	0.83
21.23	0.83
23.88	0.83
25.19	0.28
26.48	0.35
28.86	0.35
29.34	0.35
32.64	0.76
35.02	0.91
36.94	0.91
39.3	0.8
40.55	0.8
42.5	0.89
43.4	0.89
45.04	0.6
45.63	0.6
48.7	0.6
51.4	0.91
54.57	0.91
57.74	0.91
58.2	0.81
61.52	0.52
62.06	0.62
63.32	0.62
64.44	0.42
65.6	0.61
67.75	0.61
68.63	0.67
70.64	0.67
71.36	0.8
73.94	0.8
76.03	0.8
76.59	0.78
79.25	0.78
81.55	0.93
83.35	0.35
83.88	0.35
86.33	0.99
86.97	0.49
87.46	0.49
88.31	0.49
89.24	0.72
90.75	0.72
91.19	0.72
94.51	0.93
95.2	0.65
96.18	0.65
98.91	0.36
99.96	0.36
101.57	0.78
102.9	0.78
105.87	0.84
108.86	0.97
109.9	0.97
111.13	0.97
113.03	0.94
113.36	0.94
113.48	0.94
115.97	0.64
116.44	0.64
119.44	0.64
122.4	0.27
124.59	0.27
125.32	0.27
126.06	0.62
127.2	0.62
129.59	0.58
129.91	0.58
130.6	0.41
132.05	0.41
133.67	0.41
136.37	0.24
137.03	0.84
140.26	0.96
140.58	0.96
144.0	0.96
144.68	0.9
147.73	0.9
151.2	0.44
152.9	0.44
154.42	0.44
155.94	0.71
159.23	0.73
162.29	0.73
162.42	0.73
164.32	0.45
167.2	0.98
167.86	0.98
170.26	0.98
172.33	0.33
175.36	0.85
178.56	0.85
178.99	0.85
181.8	0.59
182.74	0.59
184.06	0.59
184.33	0.49
187.52	0.49
189.03	0.49
192.02	0.9
193.25	0.9
193.86	0.9
196.8	0.43
197.94	0.43
199.71	0.62
202.68	0.62
204.09	0.28
204.51	0.87
207.02	0.87
207.53	0.39
208.82	0.39
210.39	0.4
212.74	0.4
215.83	0.4
216.32	0.22
216.5	0.22
217.09	0.22
220.45	0.48
221.16	0.48
221.31	0.74
223.58	0.74
223.78	0.74
225.8	0.88
227.58	0.88
228.16	0.86
230.09	0.86
230.77	0.47
231.02	0.47
231.57	0.75
231.79	0.75
233.08	0.54
234.43	0.54
236.65	0.54
238.1	0.75
239.69	0.75
241.0	0.21
243.0	0.21
243.4	0.21
244.58	0.24
248.08	0.24
251.0	0.45
