3.12	2.46
5.41	2.46
8.35	2.46
10.99	2.88
12.46	5.24
15.17	5.24
16.45	5.24
18.6	0.25
21.77	0.25
24.45	0.25
27.35	2.26
30.11	1.18
33.43	1.18
35.19	1.18
38.54	0.63
39.77	0.63
41.34	0.63
44.73	3.25
44.91	3.25
45.44	5.28
46.93	5.28
49.82	5.56
52.36	5.56
55.13	5.56
56.47	2.44
57.36	2.44
60.32	2.44
61.41	5.48
64.18	5.48
67.53	5.48
70.71	4.93
70.91	3.92
72.36	3.92
72.58	3.92
73.3	1.39
76.48	3.21
77.33	3.28
80.39	3.28
83.04	5.15
86.5	5.15
88.12	2.93
88.37	2.93
90.58	1.52
91.95	4.43
95.32	4.43
97.68	5.57
99.02	5.57
100.0	3.16
101.5	3.16
104.47	3.16
106.54	3.88
107.48	3.35
110.78	0.33
113.99	0.33
117.06	0.33
118.22	5.51
120.33	3.58
121.91	1.16
125.18	1.16
127.59	1.16
130.22	3.93
131.36	0.65
133.96	5.67
134.35	5.67
136.51	5.67
139.47	3.39
142.91	0.38
145.16	2.37
146.79	2.37
148.73	1.88
149.81	1.88
152.29	1.88
155.03	4.8
156.72	4.8
157.87	1.3
161.18	1.3
161.93	5.09
164.35	5.09
165.55	5.09
168.04	4.63
168.95	4.63
172.14	4.63
174.4	3.12
174.62	4.05
176.46	4.05
178.92	0.43
181.28	0.43
183.0	5.66
185.9	5.66
186.38	5.66
186.83	4.99
190.3	4.99
191.49	4.99
192.27	4.24
193.98	4.24
194.81	4.24
196.92	2.1
197.59	4.35
197.79	4.35
198.97	1.75
199.48	1.75
202.34	1.75
202.54	3.87
204.64	5.02
204.79	5.02
207.29	5.02
209.03	2.28
209.46	2.28
209.85	2.28
210.17	2.96
211.66	2.66
212.44	4.8
215.12	4.8
216.67	4.8
217.23	4.53
217.77	5.36
218.19	4.55
220.18	1.86
221.63	1.86
223.09	5.66
224.23	5.66
227.62	5.66
229.85	1.15
232.91	1.15
233.14	5.62
233.94	5.62
237.44	3.1
240.18	0.34
241.98	5.47
242.44	5.47
244.79	5.47
245.64	3.19
246.69	2.38
249.11	4.97
251.62	4.97
