1.12	1.05
1.76	0.21
3.99	0.21
7.49	2.66
8.65	2.66
12.11	5.02
13.25	5.02
13.78	5.02
14.17	1.4
16.63	1.4
19.48	1.4
22.74	4.49
25.25	4.49
27.04	4.49
27.31	0.93
28.5	4.88
28.93	4.88
32.41	1.88
33.29	1.88
36.1	2.18
36.52	2.18
40.0	2.18
40.8	4.14
43.55	4.14
46.13	4.14
46.72	2.84
47.36	2.84
49.26	2.84
52.39	2.1
54.84	2.1
57.43	2.77
57.63	2.92
61.11	2.92
63.38	2.5
64.14	2.5
66.38	2.5
68.29	5.56
69.1	5.56
71.66	1.99
74.72	1.99
77.42	5.26
80.21	3.22
81.7	3.22
82.83	3.66
85.23	3.66
85.91	3.15
86.16	3.15
88.96	0.64
92.04	0.64
92.43	0.64
94.74	3.63
96.17	5.41
99.24	5.41
99.95	5.41
100.21	2.13
100.33	2.13
100.87	0.41
103.52	0.41
105.74	2.11
107.03	2.11
107.51	1.73
109.11	1.73
112.21	1.73
115.19	5.85
116.62	0.83
117.32	4.88
120.77	4.88
122.51	4.88
125.71	1.89
128.23	3.99
130.18	2.49
131.92	2.49
132.77	2.49
134.86	3.61
137.64	3.61
140.64	3.61
143.84	0.26
144.56	0.26
146.06	5.88
149.39	2.33
151.7	3.85
153.55	3.85
156.44	5.52
159.63	1.8
159.87	3.21
160.53	3.21
160.99	3.21
161.99	4.91
164.73	0.32
166.73	0.32
169.49	0.32
169.65	4.24
170.58	4.24
173.92	4.24
175.91	2.89
176.09	4.58
179.34	5.97
180.16	1.87
183.39	1.39
184.55	1.39
184.9	2.14
187.59	2.14
187.95	2.14
188.13	5.69
188.42	3.71
191.02	3.71
193.68	0.54
195.48	0.54
196.54	0.82
199.87	0.82
201.63	0.82
204.96	3.07
207.49	3.07
207.86	4.44
207.96	4.13
209.87	4.13
211.73	3.85
213.62	3.85
216.99	3.85
217.15	3.97
219.47	3.97
221.27	3.97
221.51	2.81
223.24	4.01
225.78	4.01
228.67	5.65
229.67	5.65
232.65	5.22
233.28	3.48
235.89	0.43
239.11	4.63
241.05	4.63
241.35	5.77
242.71	5.77
245.39	5.77
246.19	4.59
248.22	4.59
248.82	4.59
251.67	2.77
