2.66	1.7
5.22	1.7
7.63	1.7
10.51	5.55
13.08	2.8
13.48	5.34
16.62	0.42
20.08	2.42
22.84	2.42
25.33	2.42
28.11	2.86
29.26	2.86
32.45	2.86
34.98	4.62
35.34	4.62
36.05	3.01
39.45	3.01
40.25	1.42
40.61	1.42
41.68	1.42
43.91	5.59
45.65	1.36
48.33	1.36
51.17	5.55
53.33	5.55
53.83	5.05
55.69	2.25
58.51	2.25
61.43	2.25
63.12	4.77
63.82	4.77
66.77	0.42
67.82	0.55
71.24	0.55
73.47	0.55
76.46	0.49
77.29	0.49
79.41	2.66
81.74	0.54
85.22	4.86
87.89	4.86
90.77	4.86
91.07	5.18
92.67	5.18
93.74	5.18
94.21	3.38
96.8	4.25
98.75	4.25
99.99	4.25
101.31	2.2
104.58	2.2
107.16	2.2
109.41	2.06
109.55	2.06
111.79	0.68
114.32	0.68
117.69	0.68
119.16	2.51
121.1	2.51
123.87	2.52
126.45	2.52
129.4	1.48
129.77	1.48
133.24	5.54
133.48	5.54
134.46	5.54
135.8	0.71
139.3	0.71
141.65	3.2
144.36	5.47
147.47	5.47
148.01	1.44
149.39	1.44
151.77	5.3
152.28	5.3
153.09	3.29
155.61	2.68
157.05	1.77
159.9	1.2
163.23	4.39
166.37	4.39
168.36	2.03
171.27	2.03
174.19	2.03
174.73	1.43
177.35	4.44
178.34	4.44
178.65	3.74
180.2	3.74
183.58	3.74
185.57	2.39
187.43	2.39
190.92	4.87
193.93	4.87
196.0	2.39
198.07	2.39
199.52	2.39
201.9	5.68
202.33	5.68
205.3	5.68
206.5	1.76
208.65	1.76
211.32	5.34
211.46	5.34
211.57	5.35
213.08	5.35
214.51	5.35
216.41	5.77
216.89	5.77
218.5	5.69
219.05	5.69
222.11	5.69
223.89	5.91
226.34	5.65
227.24	5.65
229.96	4.48
231.49	4.48
232.66	4.48
235.12	1.65
237.68	1.65
238.82	1.19
242.16	1.19
242.29	0.44
244.22	0.44
246.63	0.44
246.75	3.62
249.91	3.62
251.92	5.06
