2.03	5.35
5.22	5.35
7.35	0.73
10.68	0.73
11.81	0.73
15.08	4.23
16.67	4.23
17.62	4.23
20.69	0.78
21.95	0.78
23.6	5.96
24.88	5.96
27.52	3.86
29.83	3.86
32.32	3.4
32.89	0.21
36.17	0.21
38.28	2.12
40.42	2.12
42.77	2.12
44.25	4.57
46.58	4.57
48.86	4.21
49.75	2.84
51.57	2.84
54.43	2.84
54.81	1.4
55.87	1.4
59.04	4.79
61.15	4.79
62.58	1.76
63.37	1.76
65.2	1.76
67.66	5.47
68.32	5.47
68.51	5.47
70.33	5.17
71.76	0.93
75.04	0.93
78.12	4.83
81.29	4.83
84.18	5.0
86.41	5.0
87.7	5.0
91.03	4.37
93.07	3.49
96.05	3.49
96.65	1.22
99.2	1.22
100.68	5.37
102.44	3.29
105.52	3.29
107.97	3.29
108.37	5.25
109.79	5.25
111.1	5.25
114.47	3.77
115.11	1.89
116.76	1.1
117.33	1.1
120.08	1.1
121.78	2.26
122.74	2.26
123.4	2.26
126.47	1.77
129.75	1.77
133.18	1.77
134.92	1.51
136.09	1.51
137.3	1.51
139.47	2.73
142.04	5.24
143.1	5.24
146.2	5.24
148.14	3.47
148.55	3.47
151.44	0.61
154.25	0.61
155.07	5.64
157.37	5.64
160.64	3.86
162.84	3.86
164.54	1.81
166.42	1.81
169.19	1.81
172.62	1.31
173.87	1.31
176.82	1.31
177.83	5.83
179.88	5.83
182.26	5.41
184.48	3.96
186.65	3.96
186.87	3.96
188.01	0.39
190.73	5.41
191.75	0.29
192.42	0.29
194.96	0.29
197.76	1.97
199.7	1.97
202.6	1.97
204.26	2.67
207.46	1.59
208.81	1.59
211.79	1.59
215.06	4.16
215.78	4.16
216.14	5.14
217.63	5.14
218.17	5.14
218.8	5.18
222.18	5.78
225.32	5.78
228.8	5.44
231.17	5.44
233.38	4.19
234.87	0.56
237.7	0.56
238.83	0.56
240.38	4.62
241.42	4.62
242.9	4.32
243.71	4.32
245.84	0.5
247.68	0.5
250.97	0.5
