0.93	1.75
3.77	1.75
5.98	3.62
8.73	5.38
9.24	5.38
11.26	5.38
13.68	0.6
14.76	4.58
17.09	4.58
19.24	4.58
19.37	2.08
19.81	2.08
21.02	2.08
23.97	5.64
27.08	2.51
30.23	2.51
33.35	4.11
35.8	4.11
38.25	4.11
41.57	3.37
44.27	3.37
44.57	3.37
45.58	1.36
45.86	1.36
49.25	1.28
49.36	1.28
51.96	1.72
54.29	1.72
56.52	0.43
59.47	1.49
59.6	1.49
61.9	0.95
64.3	0.95
67.31	5.34
68.53	5.34
70.93	5.34
71.1	2.38
71.92	2.38
74.35	3.86
75.82	3.86
76.97	5.36
79.67	5.36
80.42	1.91
81.53	1.91
81.78	1.91
83.69	4.87
86.67	4.87
89.8	2.55
90.48	3.0
91.99	3.83
93.5	3.83
94.55	3.83
94.9	1.36
96.36	1.36
99.67	5.89
100.22	5.89
103.71	5.89
105.33	0.83
107.11	0.83
109.78	0.83
110.48	3.47
113.37	5.65
115.26	5.65
115.65	5.65
119.11	0.36
119.35	0.36
120.26	4.36
122.33	5.13
122.68	5.13
123.67	5.13
126.99	3.2
127.97	3.2
130.32	0.3
132.25	2.33
134.88	2.33
136.75	2.33
138.0	4.88
138.12	4.88
139.2	3.92
142.07	5.89
144.33	5.89
147.28	0.38
149.71	0.38
149.86	0.38
150.43	4.8
153.61	4.48
155.79	4.48
157.88	4.48
159.76	3.03
159.93	5.43
163.4	5.43
166.65	5.43
167.1	5.99
170.32	5.99
171.66	5.99
173.23	2.7
176.41	2.7
178.22	2.72
181.44	5.18
182.21	5.18
185.65	5.18
186.5	4.31
189.69	4.31
190.12	0.92
190.42	0.92
193.6	0.92
195.8	2.74
196.07	4.62
199.19	4.62
201.6	2.39
204.51	2.39
205.21	2.39
206.88	2.92
209.29	4.05
212.32	2.41
214.58	2.41
215.56	3.91
216.99	3.91
218.23	2.16
221.64	0.35
224.26	0.74
226.82	4.21
229.5	4.21
232.81	2.6
235.47	2.6
237.09	4.81
239.58	4.81
241.41	4.81
244.36	4.27
247.25	4.27
247.36	3.85
250.43	3.85
