3.2	3.02
5.44	3.02
8.91	0.62
9.49	0.62
12.09	0.62
14.4	5.94
15.05	5.94
17.21	5.94
20.23	4.55
20.44	4.55
22.38	4.55
23.16	2.03
26.06	2.03
26.81	2.03
29.73	5.41
33.05	2.36
35.45	5.73
36.28	5.73
39.6	5.73
40.39	2.09
41.95	2.09
44.81	0.42
45.55	5.13
48.19	5.13
49.55	2.9
53.0	2.9
54.97	0.47
58.04	0.47
60.87	5.96
64.3	0.89
65.37	0.89
66.2	0.89
68.53	4.77
71.63	0.75
73.65	0.75
75.6	1.69
77.71	1.69
80.58	1.69
83.88	5.27
85.7	5.03
86.06	3.25
87.73	3.25
89.06	3.38
89.54	0.68
91.84	0.68
92.44	2.99
93.43	3.8
96.23	3.8
97.59	4.03
98.51	4.03
101.35	1.9
102.94	1.9
105.85	1.9
106.39	0.43
106.87	0.43
109.72	0.43
112.9	2.65
113.84	2.65
115.18	2.65
116.53	2.04
116.97	2.04
119.21	2.04
119.39	1.45
120.03	1.45
120.43	4.22
121.3	5.49
123.73	5.49
125.72	5.49
126.39	1.84
129.87	1.84
130.91	4.3
134.01	4.3
137.18	4.31
138.27	0.23
139.27	1.46
142.3	4.35
142.58	4.35
145.65	5.53
148.91	5.53
151.98	5.53
153.95	1.25
156.9	5.99
160.31	2.33
160.97	2.33
163.62	4.5
167.04	1.28
169.67	0.8
172.75	3.3
175.04	3.3
177.64	3.3
179.77	0.64
183.09	0.64
183.57	0.64
185.5	1.81
188.9	1.81
190.9	5.22
194.28	5.36
195.65	5.36
197.21	5.36
200.62	0.99
203.92	0.99
205.02	5.5
205.69	2.17
206.38	2.17
206.71	2.17
208.63	3.39
210.89	3.39
212.67	3.39
215.13	4.79
215.28	4.79
218.3	0.94
220.99	0.94
221.65	0.94
223.05	3.92
224.0	3.92
226.37	3.92
227.54	2.92
230.34	2.92
230.92	2.92
232.28	1.51
234.5	3.7
237.96	3.7
241.37	5.93
242.48	5.93
245.35	2.12
248.67	2.12
250.76	2.12
