1.67	2.11
4.14	2.0
4.24	2.33
5.47	2.33
6.71	3.52
8.11	3.52
10.75	5.42
13.41	5.42
16.22	5.42
17.21	4.43
20.18	4.43
21.43	4.43
22.27	0.34
24.88	0.34
26.66	3.59
27.74	0.72
30.43	0.72
32.09	0.72
35.03	5.93
37.02	5.93
40.32	0.66
42.79	5.38
44.01	5.38
46.48	2.81
48.13	2.81
51.54	4.78
54.54	4.78
54.83	3.68
55.87	5.13
58.37	5.13
59.04	5.13
60.51	3.98
63.07	3.98
64.87	4.13
67.06	4.13
67.29	4.13
68.77	1.48
69.38	0.78
69.49	0.52
71.96	2.88
74.41	2.88
75.57	1.98
78.15	2.54
81.44	2.54
82.08	2.54
82.37	5.14
82.98	5.14
85.78	0.24
89.14	0.24
90.69	0.24
94.11	0.49
96.17	0.49
98.37	4.42
101.23	4.42
101.65	4.42
104.3	5.33
106.41	5.33
108.99	2.39
109.24	2.39
112.37	2.39
115.57	4.42
115.82	2.95
116.69	2.95
118.93	2.95
119.88	0.46
120.46	0.46
121.12	4.46
122.23	3.88
124.77	3.88
126.03	3.88
127.0	3.11
127.64	3.06
129.95	3.06
131.32	3.06
131.82	2.15
133.18	2.15
133.95	2.15
136.2	3.97
137.97	5.96
138.19	1.5
140.75	3.69
142.58	5.96
145.34	5.96
146.49	4.32
149.11	4.32
150.66	4.32
152.28	0.97
152.75	0.97
152.97	2.29
155.7	3.04
156.91	3.04
160.3	3.04
162.15	1.61
164.56	1.61
166.09	1.61
168.36	1.14
168.87	2.61
171.62	4.07
173.16	4.77
174.66	4.77
176.97	4.77
179.88	2.68
180.15	2.68
182.68	2.68
186.02	6.0
186.78	6.0
187.69	6.0
190.3	5.31
192.7	5.31
195.18	2.86
197.59	3.34
200.68	3.34
203.75	0.58
205.93	3.0
206.91	3.0
210.08	3.0
213.06	0.78
215.62	4.2
217.43	4.2
218.46	4.2
221.52	4.15
222.84	4.15
224.92	4.15
225.35	5.86
225.67	5.86
226.35	5.61
227.71	5.61
229.16	2.24
230.23	1.19
232.52	2.59
235.3	1.48
237.56	1.48
237.81	3.88
238.04	3.71
240.92	3.71
242.53	5.49
245.09	5.49
246.33	1.96
246.93	4.6
247.17	4.6
250.2	4.62
