2.27	4.1
3.16	1.44
3.68	1.44
4.21	5.35
6.6	5.35
7.07	5.35
9.63	1.74
10.36	1.74
13.7	2.42
14.29	2.42
16.15	0.7
19.55	1.82
20.61	1.82
22.81	0.54
24.16	0.54
24.81	0.54
27.12	1.52
28.36	1.14
29.54	1.27
30.6	2.82
31.8	3.27
31.99	3.27
32.16	5.69
34.68	5.69
36.06	5.69
37.8	5.06
38.62	5.06
41.38	4.98
43.7	4.98
45.39	4.98
48.01	2.04
50.47	2.04
53.06	1.88
54.93	1.88
56.07	1.88
56.64	3.74
57.81	2.45
59.46	2.61
62.21	2.61
64.49	2.61
67.1	2.6
69.14	1.96
69.42	4.25
70.27	4.29
71.05	4.29
73.35	1.63
74.05	1.14
74.44	0.77
77.28	3.82
78.34	3.82
80.06	3.82
80.77	4.91
82.69	0.99
84.62	2.03
86.76	2.03
88.71	4.05
89.09	1.39
91.7	1.39
94.19	0.36
95.84	1.41
97.02	1.41
97.16	2.05
99.66	2.05
100.99	1.7
103.94	5.4
104.6	2.44
106.95	2.44
108.1	2.44
108.33	0.67
110.9	0.67
113.62	0.67
114.43	2.5
117.7	2.5
120.39	3.74
121.08	4.3
124.33	4.3
124.44	4.3
125.08	4.12
125.65	4.12
128.39	2.04
130.17	3.56
132.02	3.56
132.93	3.56
133.93	0.29
135.75	4.81
138.99	4.81
139.29	0.26
140.1	0.26
143.38	1.87
144.61	1.86
146.55	1.86
148.03	4.83
149.69	0.51
152.16	4.86
153.65	4.86
156.76	2.41
159.9	1.75
161.8	2.52
164.72	3.29
166.39	3.29
167.06	3.75
167.2	3.75
167.33	3.75
169.08	3.65
172.52	3.65
174.96	1.15
176.6	1.15
179.53	1.15
180.14	3.16
181.06	3.16
183.47	4.83
185.45	4.83
186.42	1.58
188.36	1.58
188.79	1.58
189.08	1.6
192.01	1.6
195.09	1.6
196.66	0.52
197.09	0.52
200.49	0.52
202.78	3.17
205.51	3.17
206.44	1.2
207.41	1.2
207.97	1.2
210.63	1.39
211.06	1.39
211.92	1.39
214.64	5.21
216.54	5.21
219.16	2.89
219.98	2.89
220.52	2.89
222.11	5.16
225.15	5.16
228.56	5.16
228.86	2.2
232.24	3.27
233.32	1.96
236.63	2.83
236.87	2.83
238.0	2.83
238.18	2.97
240.05	1.86
241.43	1.86
244.86	5.86
247.09	0.74
247.39	0.74
250.31	0.3
