3.36	1.33
4.63	1.33
6.61	5.56
9.01	5.56
9.95	2.05
12.58	4.52
13.74	4.52
15.41	4.52
15.91	4.58
17.13	5.48
18.12	2.94
18.83	2.94
19.31	0.69
21.03	0.69
23.77	3.36
25.59	1.78
26.24	3.78
27.23	0.98
30.64	0.98
31.39	3.85
33.21	3.85
34.14	4.68
36.41	3.3
37.04	3.3
38.26	3.3
39.77	1.46
40.38	5.09
42.98	5.09
43.81	1.23
46.77	1.23
48.38	1.23
51.81	1.8
54.52	1.8
54.98	1.8
58.04	5.15
60.7	5.15
61.09	4.06
63.82	4.06
64.09	4.06
67.17	4.78
69.15	4.87
72.53	2.05
74.46	2.05
75.58	2.05
77.39	5.17
77.59	5.17
79.96	5.17
81.71	5.11
81.98	5.11
82.86	5.12
84.46	5.12
85.88	3.08
86.86	3.08
89.0	3.08
92.05	0.89
94.59	0.89
97.32	0.89
100.73	4.05
102.39	4.05
104.93	4.05
108.33	0.46
111.04	5.17
111.46	3.29
114.57	3.29
117.23	1.57
119.02	1.37
120.72	1.37
122.94	4.64
126.32	5.51
129.66	5.51
130.29	1.92
131.26	5.26
133.25	1.57
136.69	1.57
138.85	1.57
141.6	3.55
142.58	3.55
145.78	2.45
147.96	0.32
148.99	5.42
150.42	5.42
152.36	5.13
153.98	5.13
154.35	5.13
155.08	1.03
156.68	1.03
158.88	4.33
160.77	4.33
163.92	5.07
167.13	1.76
169.96	1.76
172.91	1.76
175.2	3.45
177.12	1.87
180.45	2.48
181.56	2.48
182.09	2.48
183.66	2.03
186.2	1.82
189.38	1.82
190.73	1.82
192.8	5.98
193.94	5.98
196.49	5.98
199.22	4.05
199.5	4.05
201.11	4.05
201.25	2.63
201.88	2.63
201.99	2.63
205.15	5.19
208.32	5.19
208.77	5.19
211.83	0.62
213.22	1.4
213.45	5.19
216.8	5.19
219.89	5.19
222.23	3.99
225.66	3.99
227.55	3.99
229.69	1.22
230.69	1.22
232.63	1.22
235.3	2.07
237.4	5.26
237.92	5.26
241.34	4.95
244.45	3.45
246.55	3.45
248.74	3.45
252.15	3.83
