0.17	2.63
2.85	1.51
4.88	1.51
7.38	0.54
9.68	0.54
10.72	0.54
12.36	2.46
14.48	2.46
17.21	2.46
17.57	2.41
20.99	1.44
23.12	1.76
24.76	1.76
26.65	1.76
29.59	4.1
31.84	4.1
34.45	4.1
37.67	0.81
38.88	0.81
40.63	0.64
42.66	0.64
44.61	0.64
45.36	0.98
46.61	0.81
47.78	0.81
49.47	0.72
50.19	3.41
53.68	4.37
55.26	4.37
56.75	4.08
58.96	0.79
60.34	5.69
63.19	5.69
63.61	5.69
64.21	3.44
66.85	1.31
68.98	1.31
69.99	1.31
73.43	1.94
76.14	3.88
79.1	3.88
81.9	2.78
82.95	2.78
83.71	4.61
85.52	4.61
86.07	4.61
87.75	0.43
88.07	0.43
88.19	0.43
89.92	0.91
91.29	0.91
91.44	1.9
93.51	4.21
95.8	4.21
97.49	5.33
100.83	5.33
104.28	4.56
107.4	4.56
108.83	4.56
110.92	3.67
113.15	3.67
114.11	3.67
114.82	0.96
117.02	0.96
120.09	2.34
122.54	2.34
123.31	3.76
126.28	4.66
128.81	4.66
130.11	1.93
131.53	3.62
133.12	3.62
135.36	1.78
137.39	1.78
137.99	1.78
141.31	0.62
141.77	0.62
144.23	0.62
145.48	5.07
147.98	5.3
150.37	5.3
152.47	2.28
154.69	2.28
155.14	4.8
156.09	4.8
157.02	4.66
159.73	4.66
161.59	4.66
164.48	5.84
166.24	5.84
167.46	4.04
170.9	3.54
171.61	3.99
173.61	3.99
177.11	0.91
180.16	4.94
183.13	5.1
185.27	3.45
187.21	3.45
188.33	1.63
188.52	1.63
191.86	4.98
192.77	3.72
195.9	3.72
198.19	5.93
201.54	5.93
204.94	0.2
207.85	0.2
211.05	0.2
212.13	4.38
212.89	4.38
213.99	4.38
216.99	3.67
219.65	2.87
219.77	4.06
223.11	4.06
223.96	0.69
226.1	0.69
227.62	0.69
229.3	4.01
232.06	0.56
235.34	3.16
237.91	3.16
238.2	3.16
238.96	4.89
239.3	4.89
239.56	5.26
242.83	5.26
246.02	5.26
249.32	2.8
252.63	2.61
