3.09	4.88
5.97	3.21
6.93	4.57
9.35	4.57
11.73	3.88
12.57	3.88
15.95	3.88
19.36	2.28
22.23	0.27
24.91	0.27
25.02	2.18
27.09	2.18
27.2	4.82
30.25	0.87
31.59	0.87
33.76	3.97
37.19	4.56
38.09	4.56
41.53	0.39
42.36	0.39
45.78	0.39
48.85	2.09
49.81	2.09
50.18	3.39
51.49	3.39
52.43	2.56
54.98	2.56
56.74	4.28
59.51	4.28
61.63	4.28
63.05	4.39
65.67	5.77
67.39	5.77
68.83	5.75
69.72	3.97
70.85	1.88
71.18	1.88
71.95	0.98
73.8	0.98
75.23	1.74
77.25	1.58
77.94	1.58
78.08	1.58
80.64	1.08
80.91	1.08
81.42	2.2
84.0	2.2
86.75	1.33
88.72	1.33
89.3	1.33
92.17	1.61
94.39	1.61
96.84	3.63
97.99	4.85
101.04	4.85
102.47	0.22
103.25	3.2
104.26	3.2
106.2	3.2
106.97	4.65
110.05	4.65
111.49	4.65
114.39	1.26
116.88	1.26
117.29	2.78
119.15	2.78
122.07	1.09
125.18	1.09
128.52	2.58
129.87	2.58
130.82	2.59
131.02	2.59
133.47	2.59
136.12	3.19
138.05	3.19
138.56	2.26
141.88	2.26
144.06	2.26
145.13	2.65
148.06	2.65
149.09	2.68
152.53	2.68
153.78	2.68
155.93	0.39
156.47	0.39
158.18	0.39
160.05	4.62
163.45	4.62
163.62	4.62
166.19	0.67
167.63	0.99
168.28	0.99
171.33	0.99
173.31	1.5
174.67	1.5
176.58	1.5
177.61	1.6
177.98	1.6
179.79	0.61
180.61	3.73
183.14	3.73
186.27	3.72
186.77	3.72
190.01	3.72
190.21	2.28
192.8	2.28
195.44	2.28
196.07	2.81
197.83	2.81
199.61	2.81
201.3	2.71
203.53	2.71
204.84	2.71
205.74	5.9
207.67	5.9
208.07	5.9
210.05	0.35
210.97	3.76
211.49	3.76
212.61	2.0
213.38	2.02
214.94	2.02
216.31	5.32
218.48	5.32
220.88	5.32
223.98	0.49
225.75	2.84
229.22	2.24
231.1	3.71
234.17	3.71
234.42	3.71
235.91	5.41
239.36	0.85
241.39	0.85
244.11	2.46
245.69	2.46
247.74	2.46
251.18	1.95
