3.25	1.6
4.08	1.6
7.0	1.6
7.58	1.13
10.43	1.13
13.67	1.13
14.06	1.94
14.58	1.94
15.67	1.94
17.68	5.6
20.98	2.5
23.01	2.5
26.5	2.5
27.87	2.41
28.48	2.41
28.97	2.41
32.1	3.26
33.26	3.26
36.57	2.41
38.98	2.41
41.01	4.74
42.89	2.65
46.2	2.26
48.12	2.26
50.14	2.26
51.68	3.94
51.86	3.94
53.14	3.94
55.57	1.32
56.38	1.32
59.15	2.5
62.46	2.5
62.62	3.54
63.13	3.92
64.75	3.92
67.71	3.94
71.11	3.94
72.64	3.94
75.34	2.45
76.31	2.45
77.99	4.14
78.95	4.14
80.12	4.14
81.03	5.92
82.81	5.92
84.54	5.92
86.41	0.79
88.66	0.79
89.26	3.42
90.04	3.42
90.53	5.41
92.15	4.55
93.03	4.55
95.77	5.08
96.6	5.08
100.06	5.08
100.69	2.42
102.32	2.42
105.62	3.05
106.63	1.32
108.28	3.12
108.61	1.54
110.32	4.87
113.57	4.87
114.05	3.4
116.16	2.68
117.34	2.46
119.48	2.46
120.97	2.46
124.11	5.36
124.47	5.36
126.15	5.36
127.84	3.08
128.46	3.08
131.87	3.08
132.99	0.91
135.58	0.91
138.95	1.64
139.55	1.64
142.33	2.78
143.7	2.78
146.5	2.78
149.71	3.21
152.12	3.21
153.32	0.88
154.53	0.88
157.57	3.66
159.67	3.66
161.71	3.66
161.99	0.88
162.37	0.88
164.0	2.86
165.77	2.86
168.72	2.86
171.88	0.92
175.07	0.92
177.87	3.68
180.94	5.09
183.87	5.09
184.99	5.09
185.76	3.45
187.43	3.45
188.41	3.45
189.86	1.99
190.06	1.99
193.17	1.99
193.85	0.8
196.02	2.71
197.45	2.71
197.64	5.58
198.62	5.58
200.13	5.58
200.83	5.35
204.02	2.13
205.08	2.13
208.09	4.24
209.17	4.24
211.1	4.24
211.46	5.89
212.64	5.89
214.8	5.89
217.29	0.34
219.48	0.34
219.65	3.34
221.91	3.34
222.21	3.34
225.62	2.39
228.78	2.39
230.45	1.32
233.4	1.32
233.94	1.32
237.1	5.87
239.15	3.11
239.25	3.06
241.42	2.4
243.7	2.4
245.58	2.4
248.12	1.4
251.08	1.4
