0.79	1.89
2.9	5.3
4.92	5.3
5.53	5.3
6.76	4.45
7.06	4.45
10.23	4.45
11.88	5.12
13.78	5.12
14.94	2.75
16.88	2.75
17.32	2.75
20.47	4.37
22.36	4.37
23.45	4.37
26.67	1.82
29.27	0.62
31.01	0.62
33.14	0.62
36.17	4.55
39.55	3.21
41.57	3.21
44.52	3.21
46.42	0.89
47.73	0.89
49.59	1.13
53.09	1.13
56.28	1.13
57.39	5.18
58.49	5.18
60.46	1.11
61.1	3.67
61.36	2.83
62.66	4.79
65.32	4.79
65.51	4.79
67.49	2.51
69.5	3.48
70.63	3.48
73.71	4.83
74.37	4.83
75.11	4.83
77.01	3.98
78.62	3.98
80.74	0.34
81.11	1.74
84.6	1.74
87.35	1.74
89.29	3.59
90.04	3.96
92.07	3.96
95.23	0.49
96.31	0.49
98.78	0.49
101.75	5.01
104.61	3.91
105.94	3.91
108.62	0.75
109.78	0.75
110.91	0.75
111.21	5.46
114.01	4.98
114.74	3.64
116.92	3.64
118.82	3.64
120.1	2.32
122.78	4.05
123.27	3.26
124.09	3.26
124.29	3.26
125.79	5.28
126.5	5.28
127.56	4.21
128.37	1.16
128.72	1.16
130.56	4.56
131.51	4.56
134.17	4.56
137.39	2.61
139.52	1.31
140.46	1.31
143.31	1.31
144.1	3.71
145.9	0.35
147.49	0.35
150.42	4.79
152.66	4.79
153.87	4.79
154.5	2.55
156.81	2.55
158.53	3.0
161.18	3.0
162.76	3.0
164.32	3.1
166.79	3.1
167.47	3.1
167.71	0.84
168.95	0.84
171.02	0.84
172.89	5.2
175.66	2.05
176.58	2.05
176.99	4.63
180.11	4.63
181.89	2.02
182.9	2.02
184.07	4.42
184.37	2.11
184.64	2.11
185.65	2.11
187.58	4.14
190.15	4.14
191.49	4.14
194.32	1.96
195.71	4.15
196.23	4.15
196.87	4.15
199.74	2.6
202.14	1.48
203.61	5.49
204.21	5.6
207.15	5.6
207.91	4.48
211.39	2.93
213.66	5.24
215.05	5.24
218.04	3.36
219.51	5.98
220.5	2.0
223.82	2.0
226.13	2.0
228.86	2.92
232.15	2.92
234.3	2.92
235.37	2.16
236.62	2.16
238.37	3.27
239.15	3.27
240.21	3.27
242.03	1.41
242.92	1.41
246.25	1.41
248.79	1.69
251.1	1.69
