0.8	4.45
2.35	4.45
3.51	4.45
4.99	4.68
8.02	4.68
9.26	3.74
9.99	3.74
11.21	5.88
14.01	3.06
15.1	3.92
17.19	3.92
17.44	5.91
20.17	1.19
22.1	0.47
25.07	0.47
27.36	2.04
28.73	2.04
28.97	2.04
30.08	3.57
30.24	2.97
32.7	2.97
33.7	5.51
37.15	1.31
38.02	1.31
40.38	1.24
41.57	1.24
43.17	1.24
46.19	4.97
47.34	4.97
47.8	4.97
47.99	4.48
51.1	4.48
52.76	4.58
52.87	0.94
53.71	0.94
57.0	0.94
59.94	3.71
60.16	3.71
63.06	4.37
63.17	4.37
64.92	5.02
66.92	5.02
67.41	4.61
69.96	4.61
70.14	2.41
71.28	2.41
71.46	3.88
73.09	4.19
73.57	4.19
74.28	4.19
75.75	5.78
77.68	2.93
78.11	2.93
79.19	3.49
81.05	3.49
82.42	3.8
85.18	1.69
85.67	1.69
86.4	1.69
87.62	1.16
90.28	1.16
93.74	5.55
95.26	2.21
97.23	2.21
98.65	4.9
101.23	3.18
101.77	3.18
104.85	3.18
104.99	2.11
108.28	2.11
109.45	0.58
110.47	0.58
113.71	3.59
116.95	3.59
117.9	3.59
119.56	5.1
119.85	5.1
120.32	1.65
121.03	1.65
122.76	5.04
124.12	5.04
125.68	3.31
127.05	2.47
130.13	5.44
130.98	5.44
132.36	5.44
132.51	2.74
134.26	2.74
136.44	3.21
139.08	1.9
139.8	1.9
140.52	4.16
142.1	1.44
143.99	1.26
147.32	1.08
150.24	1.08
151.3	5.67
153.01	5.67
155.73	3.48
156.43	3.48
156.82	2.85
158.22	2.85
159.48	1.26
160.62	1.26
161.27	1.43
162.4	1.43
165.89	3.96
168.97	3.96
170.49	3.75
172.31	3.75
173.15	4.0
175.3	4.0
178.76	4.0
181.78	4.88
183.95	4.88
185.88	2.16
189.09	3.54
190.48	5.75
192.11	2.56
193.48	2.56
195.63	2.56
197.38	3.92
198.12	3.92
201.26	3.92
203.56	2.64
204.91	2.64
206.02	1.66
207.59	1.66
208.3	1.66
209.52	5.15
209.79	5.15
210.66	5.15
214.06	1.77
217.35	1.77
217.62	1.77
218.67	3.1
221.54	3.1
224.23	3.82
226.09	4.79
228.95	4.11
232.14	4.11
233.06	2.52
235.66	2.52
239.04	1.36
241.83	1.36
244.67	1.36
246.4	1.38
247.02	1.38
249.42	1.38
249.88	3.97
253.37	3.97
