3.03	0.46
5.68	0.46
7.54	2.48
10.34	2.48
13.82	2.48
16.23	1.94
17.54	1.94
20.64	1.94
22.02	0.42
23.12	0.42
23.85	0.42
24.79	1.02
25.75	1.02
26.71	1.02
30.13	5.09
32.53	5.09
34.71	5.09
35.85	3.45
37.51	3.45
38.56	2.86
41.86	5.68
44.34	4.56
44.49	4.56
44.85	1.79
46.5	1.79
48.77	5.24
49.89	5.24
50.8	5.24
53.21	5.24
55.0	5.24
58.16	5.24
61.32	3.04
64.47	3.04
67.64	3.04
68.15	2.04
68.74	2.04
71.32	2.04
72.14	4.83
72.33	0.99
73.87	1.03
75.99	1.03
78.14	1.03
78.43	1.28
81.44	1.28
84.68	4.68
86.57	4.68
87.68	3.39
88.67	3.69
91.5	3.69
91.95	3.69
94.23	5.27
94.82	5.27
97.09	3.04
97.72	0.95
99.62	4.04
100.58	3.74
103.73	3.74
105.34	3.74
105.85	3.43
108.37	0.54
109.99	0.54
111.22	0.54
111.63	1.7
114.94	1.7
115.96	4.8
116.49	4.8
118.21	1.26
119.55	5.42
121.82	5.42
122.07	5.5
122.51	5.5
124.45	3.92
126.86	3.92
129.98	3.92
133.18	3.96
133.54	3.96
135.61	3.96
136.54	4.23
139.69	1.5
143.13	1.5
146.03	1.5
147.38	0.23
150.17	0.23
151.18	3.76
152.25	3.76
155.4	0.64
158.69	0.64
161.18	2.95
163.59	2.95
164.81	2.95
165.11	2.69
165.31	2.69
165.8	3.8
166.61	1.52
167.12	1.52
168.52	4.56
171.09	4.56
171.33	4.56
173.53	4.56
176.16	1.68
179.46	4.61
181.69	4.61
182.49	4.61
183.92	5.21
185.69	4.64
186.84	4.64
188.89	4.64
190.64	0.66
191.62	0.66
194.71	0.66
197.22	2.52
199.32	5.53
201.45	5.53
204.92	4.34
205.47	2.07
206.42	2.07
207.37	2.37
208.92	2.37
210.0	1.43
212.38	1.43
215.63	4.98
218.45	4.98
221.31	1.2
224.47	1.2
227.55	1.2
228.76	1.13
229.12	1.13
231.76	1.13
235.24	1.58
235.61	1.58
237.44	5.96
237.71	5.96
239.46	5.96
242.79	5.38
244.07	5.38
244.31	5.38
245.02	5.51
246.61	5.51
247.43	5.51
250.54	1.21
