3.06	2.5
3.52	2.94
6.14	2.94
7.7	3.16
9.45	0.9
9.96	0.9
13.02	3.61
16.45	3.61
17.04	3.36
18.91	3.36
19.62	5.61
22.04	5.25
25.01	3.1
28.26	3.1
30.81	5.02
31.05	5.02
31.38	4.95
34.84	4.95
37.96	5.13
39.07	5.13
41.91	5.13
45.26	2.3
48.04	2.35
50.45	2.17
50.79	5.99
53.02	5.99
55.34	3.42
56.54	3.42
57.24	3.42
57.38	4.45
60.31	4.45
61.82	4.45
63.26	1.97
64.18	1.97
64.45	1.97
67.36	3.88
70.12	5.48
71.2	5.48
73.27	5.48
74.86	5.04
75.62	5.04
76.72	5.76
76.84	5.76
79.51	5.76
82.81	5.35
85.37	5.35
87.1	0.77
87.96	0.77
90.24	4.48
91.64	2.44
94.58	0.23
97.55	0.23
97.84	0.23
98.62	2.09
99.95	2.09
101.21	3.74
104.66	1.51
107.29	1.51
108.99	4.08
109.16	4.08
110.74	4.08
111.06	4.41
112.71	4.41
115.04	4.41
117.34	3.35
118.04	3.35
121.17	3.35
123.95	5.44
127.1	5.44
129.3	5.44
130.55	0.85
133.82	0.85
135.09	4.51
137.0	4.51
140.04	4.51
143.3	5.35
144.97	5.35
145.92	5.35
146.1	4.89
149.02	4.89
150.18	3.96
153.01	3.96
154.1	3.96
155.14	0.48
157.68	0.48
159.71	1.58
161.57	1.58
165.06	4.85
166.08	3.14
167.68	3.14
169.12	3.14
172.55	4.06
174.63	3.18
175.46	0.46
177.95	2.5
181.07	0.39
182.16	0.39
183.53	0.39
186.06	5.93
186.5	4.57
188.01	2.22
190.6	2.22
193.52	2.22
194.85	2.0
196.04	5.9
198.48	4.36
199.62	1.68
201.73	1.68
202.52	5.62
205.47	5.62
207.7	5.62
208.4	0.46
210.07	0.46
212.1	2.43
212.8	1.16
213.97	1.16
217.26	1.16
219.56	2.74
222.1	2.74
225.35	2.74
228.29	0.68
229.7	0.68
230.29	0.74
231.35	0.74
232.99	4.48
234.67	4.48
237.52	4.48
240.87	2.35
241.4	2.35
244.3	2.35
245.38	4.09
245.8	4.09
247.26	4.09
248.97	1.08
251.89	3.05
