1.55	3.12
4.2	3.12
5.01	3.73
7.43	3.73
7.58	3.73
10.95	3.4
11.59	5.82
15.04	5.82
18.05	3.48
18.8	3.48
20.91	3.48
23.45	4.16
25.14	4.16
27.59	0.42
28.55	0.42
29.41	0.42
31.47	1.96
31.77	1.96
32.84	2.93
33.59	2.93
35.3	1.31
37.56	1.31
40.38	1.27
42.79	0.92
45.4	4.77
47.88	4.77
48.1	4.77
48.53	3.4
48.75	3.4
50.48	5.78
53.26	5.78
54.53	5.05
57.5	5.05
60.2	5.05
61.96	0.46
63.98	4.82
64.53	4.82
65.34	4.6
68.35	4.6
71.41	1.05
71.9	4.66
73.11	4.66
75.78	4.66
78.59	5.79
80.06	5.79
81.37	5.79
83.09	4.62
83.59	4.62
85.7	2.48
87.58	2.48
90.18	2.48
90.38	3.44
90.66	3.44
93.98	4.25
95.75	4.25
97.63	4.25
100.45	4.84
101.05	4.84
102.19	2.03
105.17	2.03
107.05	3.21
107.9	3.21
111.29	4.19
111.56	4.19
113.66	4.19
116.27	1.59
118.08	1.59
119.51	1.59
121.54	1.9
123.41	1.9
125.1	2.15
127.59	3.11
130.26	3.11
133.19	3.11
134.82	5.08
135.7	5.08
137.77	5.08
139.72	1.22
141.33	1.22
143.66	1.22
146.98	5.69
147.31	2.74
148.06	3.78
149.48	5.61
152.46	5.61
155.95	4.49
157.42	4.49
158.27	4.49
158.44	0.69
159.52	2.92
162.61	2.92
163.79	4.61
166.88	2.31
167.5	2.31
169.68	4.27
170.73	4.27
171.16	4.27
172.21	3.45
174.93	3.45
176.71	0.35
176.92	0.35
177.09	0.34
180.06	2.1
183.29	2.1
186.67	2.1
188.95	3.68
189.71	4.16
190.29	4.16
190.94	4.42
193.65	4.42
195.14	4.42
198.17	3.62
201.24	3.62
201.75	3.62
204.08	3.36
207.13	3.36
209.45	3.36
210.28	5.0
210.67	5.0
213.69	5.0
216.37	2.81
217.52	2.81
217.7	2.81
219.19	1.83
222.31	1.83
225.6	1.08
226.94	1.08
230.18	1.08
233.63	3.74
234.13	3.74
235.09	4.35
238.33	2.09
239.53	2.09
240.63	1.12
240.74	1.12
243.42	0.68
245.63	0.68
248.03	1.38
249.1	1.38
249.65	4.72
250.63	4.72
