1.72	1.63
4.44	2.69
6.48	2.69
8.28	2.69
9.96	2.38
13.28	2.38
15.0	2.38
17.14	4.49
17.59	4.49
19.61	2.48
20.8	2.48
22.1	1.18
23.65	4.29
24.92	4.29
27.47	1.73
28.28	1.73
29.36	4.3
32.17	4.3
33.19	2.18
33.44	2.18
35.74	3.45
35.84	4.35
36.49	4.35
38.75	4.35
41.19	2.73
41.37	2.73
43.74	2.73
47.04	2.65
48.01	2.65
50.45	1.37
51.09	1.37
51.79	2.38
53.56	2.38
56.54	1.35
58.44	1.35
61.76	3.97
65.08	3.97
68.07	2.74
69.16	5.95
71.06	1.88
72.61	1.88
75.9	1.88
79.29	4.85
80.52	2.44
81.91	0.59
83.6	0.82
83.95	0.82
87.0	0.82
89.26	1.51
91.57	5.49
91.7	1.56
92.76	1.56
93.6	1.56
95.09	1.52
96.48	2.7
99.85	2.7
102.89	2.7
104.83	0.47
106.42	0.69
106.65	5.32
109.6	5.32
111.39	5.75
112.99	5.75
116.44	2.19
117.27	2.19
119.76	1.56
120.77	1.56
123.11	1.56
124.14	3.54
126.55	3.54
129.34	3.54
129.66	2.59
131.19	2.59
132.14	4.87
134.87	4.87
137.92	1.63
140.17	1.63
143.26	1.63
146.37	3.0
146.85	4.49
149.82	1.95
153.25	3.39
155.6	3.39
156.65	0.4
157.56	0.4
159.86	0.4
161.42	4.76
163.03	4.76
164.3	4.76
165.91	0.4
168.81	0.77
170.59	0.77
172.42	1.46
173.11	1.46
175.41	1.46
178.82	5.88
181.99	5.88
185.45	5.88
188.6	4.07
192.09	4.07
193.28	0.22
195.4	0.22
195.89	3.21
197.66	4.77
200.18	4.77
200.31	3.97
203.61	3.97
205.76	3.97
207.77	3.54
208.6	3.54
210.98	3.54
212.88	5.56
213.77	0.9
216.89	0.9
217.1	0.9
219.11	0.56
220.69	0.56
222.13	1.99
225.17	4.69
227.39	4.69
227.71	4.69
229.27	4.55
230.83	4.55
232.6	4.55
233.67	4.57
236.4	4.57
238.12	3.39
241.04	3.39
242.4	3.39
242.9	1.3
244.0	0.54
244.99	0.54
246.48	1.27
249.84	1.27
252.51	1.27
