0.23	0.56
3.55	0.56
4.16	0.56
4.5	1.51
5.07	1.51
6.41	2.18
8.78	2.18
11.24	2.61
13.92	2.61
15.17	5.99
18.13	5.99
19.33	2.37
22.41	2.4
23.13	0.34
24.82	0.34
28.11	0.34
29.18	2.78
29.99	3.73
31.04	5.79
32.15	5.79
33.9	2.8
35.93	2.8
36.37	5.04
39.26	5.04
41.54	3.23
44.23	3.23
47.45	3.23
49.44	5.77
51.88	5.77
54.86	5.77
57.21	4.39
59.72	2.97
61.52	2.97
62.33	0.93
63.89	0.93
67.09	0.93
70.13	5.65
71.74	4.16
73.32	0.9
75.03	0.9
75.56	1.96
78.64	1.96
80.68	1.81
83.69	5.61
83.9	5.61
87.09	5.95
87.75	5.95
90.08	5.83
93.37	3.02
95.28	3.02
97.04	3.02
98.91	5.42
100.83	5.42
103.89	5.42
107.02	0.38
108.91	0.38
111.63	2.24
111.85	2.24
113.16	2.24
116.06	3.83
119.07	0.21
121.44	3.57
122.67	3.57
125.38	3.57
127.06	4.04
128.51	4.04
129.33	0.79
129.78	0.79
132.2	0.79
134.65	3.38
134.89	3.38
136.84	3.93
138.2	5.62
140.0	5.62
141.47	5.62
142.48	1.27
144.43	0.45
146.75	0.45
147.85	1.4
149.41	1.4
151.02	1.4
153.78	5.73
154.15	5.73
156.46	5.73
159.41	2.54
161.31	5.51
164.21	5.51
166.87	5.51
167.59	2.15
168.41	2.15
169.68	3.5
170.85	3.5
174.26	5.42
176.69	5.42
179.73	3.56
179.98	3.37
183.12	3.37
185.81	4.42
186.37	4.42
187.8	2.33
189.53	2.33
191.61	2.33
193.73	0.45
197.1	0.45
200.5	4.2
202.01	5.16
203.08	3.78
205.53	3.78
206.64	2.44
207.28	2.44
209.33	2.23
209.68	5.29
211.04	5.29
212.29	5.29
212.52	0.96
215.75	1.36
218.19	1.36
220.64	0.84
222.89	3.15
224.18	3.15
226.18	3.15
228.55	4.87
231.18	4.87
232.62	4.87
235.37	5.87
238.2	5.87
241.69	3.68
242.99	3.68
245.02	0.95
245.24	0.95
246.86	4.01
248.58	4.64
250.94	4.64
