2.46	2.06
5.19	4.8
8.58	4.8
9.15	3.45
9.94	3.45
11.73	3.45
12.49	2.63
15.91	2.63
16.68	2.63
16.95	0.78
18.16	1.0
21.35	1.0
21.77	1.06
22.66	2.58
23.85	2.58
25.02	5.13
25.24	5.13
25.89	4.4
29.02	5.93
29.58	5.93
30.71	5.58
34.0	5.58
36.8	5.58
39.08	2.61
41.75	2.61
41.86	0.26
42.98	0.26
44.38	0.26
46.31	5.13
49.33	1.75
50.9	1.75
53.89	1.75
54.11	5.46
55.18	1.33
55.81	5.05
56.07	5.05
57.25	5.05
60.18	0.42
62.88	1.74
64.47	2.63
67.13	2.63
69.11	2.63
71.34	2.56
73.68	2.56
76.0	5.45
77.15	1.22
80.07	1.81
81.46	5.84
84.34	3.23
86.21	3.23
88.64	5.53
89.27	5.53
91.57	5.53
92.43	3.23
93.73	3.23
96.11	3.23
97.2	5.1
99.06	1.16
102.1	1.16
103.78	1.16
106.12	0.91
106.31	0.91
107.31	1.27
107.96	1.27
108.82	1.27
111.88	2.57
113.58	2.57
114.96	5.62
117.06	5.62
119.03	2.28
121.29	2.28
123.99	2.28
124.98	0.21
125.96	1.14
127.14	1.14
130.09	1.14
131.0	5.38
133.15	5.38
134.49	4.62
137.23	4.62
139.35	4.62
142.33	4.14
144.9	4.14
147.04	4.14
148.42	4.7
149.59	4.7
150.65	4.7
152.7	1.61
153.46	2.44
154.67	2.44
156.97	2.44
158.35	2.18
161.32	2.18
164.52	1.12
165.16	1.12
167.23	1.12
169.85	0.47
172.22	0.38
174.15	0.38
176.73	5.23
177.29	5.23
179.09	1.43
182.23	1.43
183.37	1.43
185.23	5.19
186.36	5.19
189.17	5.19
191.03	2.91
191.91	2.91
193.73	2.91
194.28	3.87
197.5	3.87
197.64	3.91
197.97	3.91
198.82	0.32
202.2	0.32
204.9	3.58
207.54	2.59
209.62	0.9
212.27	0.9
213.6	0.9
213.79	2.23
216.81	1.65
219.24	1.65
221.17	1.65
222.47	2.94
225.37	2.94
228.38	2.94
229.08	1.36
231.71	1.17
232.04	1.17
233.5	1.17
235.04	1.15
235.59	1.15
236.66	2.34
239.77	3.98
241.77	0.7
245.15	0.7
246.45	5.12
248.94	5.12
249.66	5.12
253.14	1.25
