3.36	2.92
3.73	2.92
6.04	2.92
7.87	2.99
10.73	5.1
12.63	5.1
14.09	5.1
15.94	3.55
18.25	3.65
19.96	0.25
23.39	4.73
25.8	3.4
28.49	4.92
30.08	1.32
32.76	5.86
35.98	5.86
37.51	3.5
40.57	2.09
43.5	2.97
45.76	5.88
46.68	1.74
49.8	1.74
53.22	1.06
55.84	1.06
56.26	3.07
56.91	3.07
59.24	3.07
60.73	4.01
62.62	1.1
65.24	2.47
65.62	2.47
67.69	2.47
70.28	2.89
72.78	2.89
73.48	3.45
74.31	3.31
74.98	3.31
76.51	3.31
78.37	2.97
81.3	2.97
82.87	2.97
85.67	3.74
87.01	3.74
88.82	2.92
89.75	2.92
92.03	4.1
94.74	4.1
98.06	4.1
98.51	1.93
100.87	1.2
103.2	1.2
104.4	1.63
107.51	1.63
108.29	1.63
111.74	2.4
113.81	2.4
114.58	2.4
116.61	4.43
119.36	4.43
120.29	4.6
120.68	4.6
123.93	5.64
125.42	5.64
128.67	5.66
128.83	5.66
130.54	5.66
132.33	3.58
133.13	3.58
133.74	3.58
134.35	2.48
137.65	2.48
139.4	2.48
140.96	2.81
141.69	2.82
143.14	4.48
146.28	4.48
148.78	0.75
150.56	0.75
151.42	5.25
151.87	4.92
154.33	4.92
155.38	4.92
158.26	1.69
161.57	1.69
163.72	1.69
166.47	0.61
169.6	0.61
171.72	3.78
172.45	3.78
172.66	0.28
175.61	0.28
176.71	5.39
180.07	3.09
182.78	3.09
186.01	3.09
188.03	4.95
188.5	0.76
191.88	0.76
192.78	0.76
194.57	0.45
196.32	0.45
196.43	0.45
197.56	2.94
199.82	4.05
202.45	2.27
204.46	2.27
206.22	2.27
207.56	5.27
208.46	5.27
209.29	5.27
210.15	2.41
210.66	2.41
213.08	2.41
216.14	2.35
216.35	1.83
218.52	1.83
221.37	1.38
223.62	1.38
225.28	2.56
226.46	2.56
227.81	1.34
228.53	1.34
229.16	1.34
230.47	1.06
232.07	0.5
232.78	4.87
235.78	4.91
237.31	4.91
240.73	5.62
243.02	5.62
243.97	2.77
246.64	2.77
248.05	0.76
249.49	0.76
251.0	2.0
