0.55	3.18
2.45	3.18
2.82	3.18
5.63	5.58
6.5	4.05
8.04	4.05
10.84	5.32
14.27	3.97
17.47	3.97
17.8	3.97
20.72	4.21
23.04	4.21
23.6	3.0
26.6	3.0
30.08	5.77
31.56	5.77
33.32	2.81
35.83	2.81
38.26	2.81
38.74	0.91
39.42	0.91
42.35	2.55
44.19	1.63
44.39	1.63
47.44	1.63
47.85	3.82
50.09	3.82
50.45	3.82
52.09	5.81
55.34	2.34
57.56	2.34
60.56	2.34
60.89	4.97
61.1	0.98
62.39	5.41
63.74	5.41
64.96	5.41
65.45	3.7
67.88	4.72
68.76	4.72
69.67	4.72
73.07	1.0
73.2	1.0
76.64	1.0
78.75	5.54
80.31	5.54
82.99	2.75
86.24	2.75
87.55	4.41
88.72	5.82
89.73	2.01
90.77	2.01
92.24	4.5
92.54	1.88
94.95	1.88
97.75	1.88
98.03	4.78
99.43	4.78
100.73	4.78
102.53	4.09
103.97	4.09
104.93	4.09
107.68	1.7
109.39	3.1
111.74	3.1
113.64	3.1
114.61	0.21
114.8	0.21
116.74	0.86
119.26	0.86
121.17	0.86
122.09	4.98
123.06	4.98
124.5	4.98
125.71	0.31
129.11	4.04
129.4	4.04
132.64	4.04
134.67	0.58
134.86	0.58
135.25	5.93
137.14	4.31
138.71	4.31
140.78	4.31
143.15	2.13
145.17	2.13
147.51	2.13
150.26	4.41
151.95	1.48
152.12	5.32
154.08	3.24
154.3	1.32
156.8	5.0
157.27	0.88
160.25	0.88
160.42	0.88
163.49	0.57
163.74	0.57
165.59	0.91
167.34	0.91
169.15	3.11
172.36	4.82
175.82	4.82
178.76	4.08
180.66	3.96
181.76	2.39
182.89	2.39
183.11	2.39
184.47	4.08
187.05	0.55
189.63	0.55
189.95	1.54
191.16	1.54
193.42	1.54
196.29	5.75
198.67	5.75
199.96	2.16
200.92	2.48
202.43	2.48
203.67	1.36
204.37	1.36
207.12	2.57
208.01	2.57
208.98	2.57
211.35	2.69
214.08	2.69
214.19	1.97
215.88	1.97
217.71	3.6
220.73	3.6
220.92	3.6
223.41	1.06
224.83	1.06
226.44	5.73
227.62	5.73
230.92	5.73
233.01	1.95
233.31	1.95
235.18	1.95
236.74	4.1
239.15	4.1
239.59	0.98
241.57	0.98
242.61	2.34
245.36	2.34
245.61	0.42
247.73	0.42
249.11	5.85
249.98	0.39
253.25	4.59
