0.1	3.51
2.02	3.51
3.03	1.88
5.01	4.72
6.31	4.72
7.03	4.72
8.95	4.76
11.1	3.57
13.68	3.57
14.72	3.57
16.37	4.17
19.85	4.99
21.45	3.22
24.65	3.05
25.51	4.89
27.83	4.14
29.76	5.07
33.0	5.07
36.03	0.76
36.67	2.54
37.71	2.54
40.1	2.54
41.7	1.15
43.22	3.78
45.8	3.78
46.37	3.78
48.17	5.38
48.74	5.38
49.02	5.38
52.1	1.23
53.17	5.71
54.83	5.71
57.73	5.71
58.0	4.68
60.38	3.9
62.7	3.9
63.51	2.66
65.85	2.66
67.75	2.66
68.46	4.54
69.48	4.54
70.87	5.24
72.5	5.24
75.4	5.24
75.66	0.25
78.83	0.25
81.07	0.66
84.03	2.39
85.29	2.43
86.26	4.94
87.45	4.94
89.27	4.94
90.35	3.62
93.77	1.05
94.54	1.05
97.75	3.24
99.86	4.27
103.15	4.27
103.84	4.27
106.53	2.32
109.05	2.49
112.02	2.49
113.37	2.49
114.52	2.73
114.83	2.73
117.12	2.73
118.45	2.82
119.76	2.82
120.52	2.82
121.43	5.93
121.78	1.38
124.77	5.38
127.73	5.38
130.1	5.38
130.68	1.96
132.0	5.52
134.13	5.15
135.97	4.09
136.81	4.09
137.83	4.09
138.14	5.26
141.4	5.26
143.75	3.2
145.58	3.2
147.25	4.74
149.5	4.74
150.44	3.17
153.52	2.02
154.65	2.02
156.82	2.02
159.69	0.69
162.76	0.69
165.89	0.69
166.8	4.2
168.0	4.2
168.86	2.7
168.96	2.7
169.83	2.7
170.71	5.6
172.17	5.6
172.91	5.6
174.31	2.38
176.6	2.38
179.44	2.38
181.18	0.96
182.85	0.96
184.7	0.96
186.23	4.35
188.12	1.9
189.12	2.35
190.74	2.35
194.18	2.35
195.08	4.56
196.62	4.56
197.96	4.56
200.39	2.82
202.98	2.82
203.59	2.82
203.73	3.73
204.19	4.84
206.88	2.8
209.03	2.8
209.39	2.8
211.5	5.84
212.23	5.84
214.46	5.81
214.83	5.81
216.98	2.55
218.75	2.55
220.28	4.8
221.71	4.8
224.4	1.35
227.71	1.35
230.2	2.97
232.13	2.97
232.57	2.97
233.73	5.65
236.75	5.65
238.23	5.65
241.16	3.54
243.84	4.65
244.91	4.65
245.85	1.45
245.99	1.45
248.81	2.13
251.18	5.39
