3.04	5.93
3.89	4.58
6.54	2.99
9.89	1.09
11.98	1.09
13.32	1.09
14.22	3.96
17.65	4.58
18.97	4.58
20.99	3.42
23.44	5.71
26.09	1.08
28.25	1.08
29.6	2.27
31.46	0.32
32.17	0.32
32.91	0.32
36.08	0.73
36.25	0.73
39.73	5.43
40.03	3.14
40.45	3.14
42.73	3.14
46.12	5.91
49.25	5.91
50.03	5.91
52.95	6.0
54.9	3.95
57.74	3.95
58.63	5.64
59.02	1.28
61.75	1.28
62.05	2.3
62.36	2.99
64.36	2.99
67.23	2.99
70.7	5.06
72.36	4.91
75.59	0.73
76.93	0.47
79.92	0.47
81.45	1.05
83.94	1.05
85.04	1.05
87.15	2.2
89.83	2.2
91.46	2.2
93.65	3.65
95.65	3.65
98.35	4.16
101.66	3.84
101.85	2.67
103.21	2.67
103.74	2.67
106.29	5.32
109.06	0.22
110.74	0.22
111.59	0.43
111.84	0.43
112.01	0.43
113.21	5.47
113.77	5.47
114.02	5.76
116.62	5.76
117.54	5.76
119.63	2.4
121.45	1.85
121.84	3.75
122.67	3.75
124.22	3.75
124.88	0.48
126.72	1.69
128.39	1.69
128.59	1.53
129.95	1.53
132.54	5.93
134.21	5.12
134.84	5.12
135.65	5.12
135.99	5.22
138.07	5.22
140.85	5.22
141.64	3.51
144.82	3.51
146.14	2.17
147.64	2.17
148.31	2.17
148.77	5.45
149.51	5.45
151.39	5.45
154.53	4.97
156.32	4.23
158.73	4.23
160.72	4.23
163.91	0.99
167.07	0.99
169.38	0.99
171.7	1.29
172.16	1.29
173.26	1.29
176.39	3.66
178.49	3.66
181.81	3.66
183.07	3.38
183.86	2.5
187.12	2.5
189.98	2.5
191.28	5.81
191.46	5.81
193.36	5.81
194.61	1.81
195.03	1.81
195.32	1.81
197.82	2.64
199.15	2.42
199.49	4.52
200.03	4.52
201.26	4.52
202.34	4.95
203.58	4.95
206.07	4.95
207.48	4.9
209.71	1.61
213.21	1.61
214.09	1.61
216.5	1.68
217.76	1.68
220.74	1.68
221.65	5.5
223.63	5.5
224.69	5.5
226.74	4.7
227.44	4.7
227.7	4.7
229.73	0.74
231.14	0.74
234.31	3.58
235.09	3.58
237.61	4.9
238.16	5.03
238.3	5.03
241.0	5.38
241.17	5.38
242.0	0.62
245.24	0.62
247.8	5.07
248.04	3.58
250.85	3.58
