0.61	3.36
1.77	3.36
2.32	5.24
3.69	4.63
5.09	4.37
5.23	5.08
7.54	5.08
7.91	3.74
8.72	3.74
11.66	3.15
13.28	3.91
14.59	3.26
17.76	3.26
18.45	3.26
19.33	1.5
19.53	1.5
21.66	5.75
24.04	5.75
25.32	5.75
28.2	4.25
28.79	4.25
31.96	4.25
34.9	1.03
36.75	2.26
40.22	2.5
43.64	2.5
45.78	2.5
48.41	4.77
50.28	4.77
53.4	4.77
53.79	3.48
56.66	3.48
58.54	3.48
60.94	5.38
61.2	5.38
62.77	2.33
63.42	2.33
65.83	2.33
68.64	3.81
68.8	6.0
70.0	1.04
71.65	1.9
72.56	1.9
74.27	1.9
74.49	2.84
77.57	2.84
80.39	2.84
83.23	0.43
84.66	0.43
85.03	0.43
85.74	2.03
88.91	2.03
90.6	0.91
90.8	0.91
92.9	1.3
93.67	1.3
96.22	2.18
97.0	2.18
98.05	3.26
98.48	1.47
99.24	3.58
99.76	3.58
102.73	0.83
105.61	0.83
107.11	0.83
107.95	1.9
110.21	1.9
112.24	1.9
113.74	1.69
116.86	1.69
117.67	5.74
119.06	5.74
120.77	4.54
121.71	4.54
124.87	0.46
127.41	0.46
130.69	0.45
131.62	5.73
132.82	4.44
133.5	5.31
134.78	5.31
135.38	5.31
137.82	3.44
138.55	3.44
139.37	1.28
142.47	4.52
143.33	4.52
146.81	4.53
148.13	4.53
149.53	4.53
151.52	4.01
154.48	5.9
155.28	4.05
156.56	2.19
159.27	5.54
160.31	5.06
161.16	2.51
161.84	2.51
162.44	0.83
164.64	5.52
166.71	5.52
167.29	5.52
170.41	5.99
173.17	5.99
176.32	5.99
177.82	4.77
178.32	4.77
180.33	4.77
180.72	2.49
184.15	2.49
186.76	3.85
189.15	3.85
190.61	3.85
193.86	5.52
196.46	5.52
197.18	5.52
200.58	4.19
202.66	4.19
205.32	4.19
207.02	4.91
209.5	4.91
211.82	4.91
213.58	1.96
216.29	1.96
218.9	1.96
219.39	5.0
221.92	5.0
223.92	5.0
224.84	4.26
226.19	4.26
227.9	3.71
231.08	3.71
234.39	2.13
235.01	2.13
236.0	3.63
239.21	1.22
242.45	1.22
243.16	1.22
245.2	5.31
248.04	1.62
250.67	1.62
