0.95	5.73
4.26	5.73
7.06	5.73
9.24	2.05
12.73	2.05
14.88	2.05
18.11	4.29
20.4	4.71
22.22	4.71
25.7	4.71
26.86	5.67
27.31	3.68
30.15	3.68
30.73	0.77
32.87	0.77
36.07	0.77
38.43	2.5
40.72	1.26
43.83	1.26
45.71	1.26
46.02	4.13
46.65	4.13
49.22	4.3
50.33	4.3
53.37	3.4
56.21	4.79
58.13	4.79
59.91	1.18
60.21	5.42
62.29	2.36
64.21	5.95
66.09	5.95
67.43	5.95
70.4	0.65
72.72	0.65
75.37	0.65
76.74	3.13
79.93	0.76
80.19	0.76
83.6	0.76
86.87	1.4
89.94	1.4
92.69	3.8
94.28	3.8
94.62	3.8
97.48	5.14
98.09	5.14
100.95	5.14
103.8	1.65
104.04	1.65
104.24	1.65
107.11	2.83
107.25	2.83
108.47	2.83
109.46	5.22
111.91	4.95
112.54	5.05
114.81	5.05
115.34	5.05
115.84	2.99
116.37	2.99
119.68	2.99
123.0	1.41
125.07	1.41
126.62	1.41
127.14	1.17
127.36	1.17
129.31	2.59
129.54	2.59
132.47	5.18
134.47	5.18
135.38	1.05
137.48	1.05
140.44	1.05
143.33	2.68
143.64	0.41
144.87	0.41
147.27	2.25
149.05	2.34
151.03	2.34
153.86	2.34
154.21	2.71
157.26	2.71
160.41	2.71
160.95	1.28
162.33	1.28
163.4	1.28
166.71	1.48
168.9	1.48
169.48	1.48
169.79	5.33
172.36	5.33
173.3	5.33
176.33	2.69
176.82	2.69
179.07	2.69
179.86	1.61
182.35	5.47
185.15	5.47
187.81	0.81
189.51	2.35
189.96	2.35
192.62	2.35
195.72	4.06
198.57	5.03
200.55	0.78
201.4	2.84
201.86	2.84
204.33	2.51
204.46	2.51
207.19	2.51
210.57	3.25
212.64	4.18
215.06	3.07
216.42	3.07
219.36	5.22
221.7	3.48
223.71	3.48
225.13	3.43
226.1	3.43
229.23	3.43
229.99	3.6
231.55	3.6
234.08	2.55
236.82	2.55
238.02	2.76
240.76	2.76
243.61	4.16
246.73	4.16
248.7	3.58
251.45	5.84
