0.18	3.35
1.78	3.35
2.4	3.35
5.71	1.0
6.58	2.49
8.9	2.49
11.61	3.23
12.03	3.12
12.55	2.74
12.69	2.86
15.77	0.59
18.63	3.83
21.93	3.12
22.6	5.53
25.92	3.5
27.72	3.5
30.21	3.5
32.75	5.57
34.53	5.65
36.28	3.29
38.98	3.29
41.92	3.29
43.21	3.19
45.43	3.19
46.06	0.3
46.42	0.3
47.28	5.94
48.35	5.94
51.64	5.94
53.98	4.1
54.33	1.67
54.92	0.59
57.51	0.59
58.31	0.59
60.28	4.11
63.37	4.11
65.06	2.66
66.8	3.98
68.0	3.98
69.16	3.98
71.21	3.67
73.89	1.46
74.22	1.46
74.94	1.46
77.54	2.73
80.05	2.73
83.44	2.73
86.85	3.05
89.62	3.05
91.22	4.9
91.38	4.9
92.29	4.9
95.39	5.6
98.47	5.6
101.16	5.6
103.37	3.65
103.51	2.96
103.82	2.96
104.16	4.07
105.89	2.88
108.26	1.92
108.69	1.92
111.68	2.55
112.97	2.55
113.43	2.55
114.61	1.84
116.42	1.84
117.39	1.84
120.11	2.75
121.63	4.65
124.89	2.51
127.51	4.73
128.23	4.73
129.97	4.73
132.58	4.69
135.3	4.69
137.69	4.69
138.39	1.62
141.81	1.62
142.42	1.62
144.72	1.86
147.53	1.86
149.24	2.17
152.01	2.17
155.3	2.17
157.54	0.67
159.95	0.67
160.73	3.72
163.91	3.72
167.19	3.43
169.89	1.01
170.72	1.01
171.74	1.01
172.19	0.58
174.1	0.58
176.85	4.26
177.12	4.26
178.86	4.26
180.01	2.92
181.98	2.92
183.71	2.92
185.71	2.16
189.17	3.33
191.17	3.33
191.64	3.33
192.43	5.63
194.43	5.63
195.33	5.63
197.99	4.03
201.44	5.11
203.49	2.47
204.3	2.47
206.97	5.55
209.68	5.55
211.86	4.13
214.82	4.13
217.93	2.79
219.47	2.79
219.9	4.29
220.09	2.23
221.63	2.23
221.87	2.23
224.88	3.11
227.7	4.25
228.11	4.07
230.11	4.81
232.0	5.72
234.67	5.72
234.89	2.49
236.4	2.49
239.82	2.49
240.59	1.47
243.21	1.47
243.72	1.47
244.98	1.93
247.04	1.93
250.04	1.93
