0.66	2.64
3.87	2.64
7.04	2.89
9.67	2.89
12.27	1.42
14.49	3.4
16.12	3.4
17.52	0.78
19.19	2.51
20.17	5.68
21.67	2.72
22.44	2.72
23.82	1.75
24.67	4.92
27.0	4.92
27.92	4.92
30.36	2.29
32.67	2.29
32.88	2.29
33.82	3.93
35.52	3.93
35.86	0.42
38.34	3.08
39.43	3.08
42.17	5.87
45.29	5.87
46.56	2.55
46.9	2.55
50.36	2.55
51.79	5.48
53.19	5.48
55.88	5.48
56.67	4.08
58.29	3.02
60.91	1.95
63.69	1.95
66.68	3.24
68.8	3.24
69.94	2.2
71.78	2.08
74.83	2.08
77.03	2.55
80.47	2.55
81.7	2.55
82.34	5.3
83.71	5.3
87.01	5.3
89.53	5.46
91.18	5.46
93.69	0.5
96.96	2.24
97.33	2.24
99.81	2.24
102.26	2.47
102.46	2.47
102.66	2.47
103.74	3.54
106.63	0.54
107.98	1.5
110.05	1.5
110.49	1.79
111.65	1.71
112.19	1.71
115.26	0.65
116.77	0.65
116.99	0.24
120.27	0.24
120.95	1.41
123.93	1.41
124.49	1.41
125.71	1.19
125.9	3.66
128.38	2.37
130.75	2.8
132.13	3.72
134.42	1.36
137.58	1.36
137.82	1.36
140.83	2.63
142.49	2.63
142.63	2.63
145.68	1.36
147.33	1.36
147.87	1.36
148.3	1.31
149.51	4.7
151.29	4.7
153.31	3.92
156.11	3.92
156.56	2.6
159.09	0.82
159.79	0.82
161.57	5.24
163.18	5.09
163.96	5.09
165.41	5.09
167.65	4.83
169.74	4.83
172.34	1.24
172.44	2.12
175.52	3.78
177.8	3.78
178.13	3.78
179.56	4.62
180.27	3.09
181.33	2.45
181.53	2.45
183.27	5.89
185.44	5.89
188.72	5.89
190.96	2.89
193.02	5.77
195.13	0.84
195.56	0.84
196.61	3.2
198.4	0.9
198.53	0.9
201.51	0.9
204.23	5.61
204.87	5.61
206.77	5.61
209.38	2.08
212.56	3.59
214.39	3.59
216.67	3.59
218.05	1.4
220.15	1.4
221.18	1.4
221.36	3.22
224.79	5.4
226.12	5.4
228.01	5.4
229.87	4.68
232.1	5.24
233.02	5.24
236.07	5.45
238.28	5.45
240.62	5.45
242.05	0.5
244.95	1.72
245.96	1.72
247.18	2.33
247.8	2.33
248.77	2.33
249.42	3.16
251.75	1.4
