0.99	0.25
3.29	0.25
4.52	5.71
5.07	5.71
7.77	5.71
8.16	5.12
8.59	5.12
10.17	5.12
11.23	5.95
12.97	5.95
13.87	5.95
14.98	3.4
16.85	3.53
17.67	3.53
19.47	3.8
21.73	1.73
21.97	1.73
23.26	1.73
24.5	1.93
26.46	4.76
26.7	4.76
28.48	4.76
31.94	3.61
33.91	3.61
35.98	3.61
38.82	3.19
40.47	3.19
43.15	3.19
45.52	3.12
45.89	3.12
49.17	3.12
50.11	3.64
50.84	3.64
52.4	1.01
53.58	1.01
53.96	1.01
55.87	5.33
57.56	5.33
57.74	5.23
58.45	5.23
60.47	4.2
61.12	4.2
64.46	4.2
64.93	1.51
68.29	4.02
68.47	5.39
69.16	5.39
69.55	5.39
70.02	3.73
72.97	3.73
73.25	0.4
75.95	0.4
79.17	0.4
81.7	2.82
84.75	2.82
85.56	2.82
86.7	1.23
88.95	1.23
89.25	4.15
90.48	1.7
92.34	1.7
94.42	5.63
96.59	5.63
98.6	5.63
99.89	1.25
103.28	1.25
105.17	0.99
108.15	0.99
108.71	0.99
110.62	1.49
111.63	0.59
112.41	0.59
114.67	1.65
118.14	1.65
119.72	1.65
122.27	3.59
124.46	3.59
127.48	3.59
129.79	2.98
130.77	2.98
131.21	3.44
132.89	5.17
135.07	5.17
135.36	4.48
138.24	4.48
140.67	4.48
141.27	4.51
143.33	4.51
146.25	4.51
147.15	4.59
148.3	4.59
149.82	5.91
152.51	5.91
153.29	5.91
155.25	2.12
158.51	5.61
158.98	4.35
159.12	2.81
159.23	3.05
162.62	3.05
164.98	5.44
166.74	1.09
169.2	1.09
172.4	1.09
174.02	0.8
175.83	0.8
178.8	0.8
179.75	3.63
180.04	2.64
181.34	4.05
183.43	4.29
185.64	4.29
188.59	4.3
189.91	5.76
192.35	5.76
194.71	4.18
198.16	0.99
198.6	0.99
201.55	5.09
203.32	4.38
205.48	4.38
206.13	4.38
206.27	5.32
208.91	5.32
210.0	5.32
213.34	2.82
213.8	2.82
216.88	3.24
220.12	3.24
223.03	0.55
224.35	0.55
226.07	0.55
228.37	4.65
228.9	4.65
229.17	4.65
230.31	3.71
232.61	3.71
234.5	3.71
237.89	2.03
238.3	2.03
240.32	2.03
241.16	0.22
241.6	0.22
242.41	0.98
244.59	0.98
247.27	0.98
248.45	5.7
250.65	0.27
