0.33	0.7
2.93	0.7
5.12	0.7
7.31	5.55
7.43	5.21
7.65	5.21
9.81	5.21
11.28	2.47
14.39	2.47
14.71	2.47
18.09	2.89
18.45	3.51
21.45	3.51
23.94	0.37
27.22	0.37
28.37	0.37
31.27	4.95
33.44	4.95
34.82	3.94
36.7	3.94
39.59	3.94
42.49	4.14
44.57	4.14
44.86	1.96
46.3	1.96
46.98	4.51
47.46	4.51
47.63	4.51
49.11	2.6
49.59	2.6
53.02	2.6
54.57	2.38
55.23	2.38
57.2	2.38
57.63	1.64
60.86	1.64
62.32	1.04
63.75	1.04
64.11	1.04
66.94	5.58
69.11	5.58
71.84	3.45
73.84	3.45
74.55	3.45
75.05	2.59
76.58	2.59
78.43	2.59
78.62	0.43
79.94	0.43
81.48	2.43
84.45	2.43
85.84	2.43
86.09	2.83
88.69	2.83
90.29	2.83
93.58	2.61
96.02	2.61
98.34	2.61
99.17	0.79
101.05	0.79
103.22	0.79
106.6	0.96
107.49	5.72
108.63	5.72
110.75	4.61
112.82	4.61
113.26	2.51
114.44	4.25
114.84	4.25
117.69	3.26
120.33	4.96
123.23	4.96
126.34	4.96
128.5	2.54
131.38	2.54
131.75	2.54
132.08	5.95
134.88	5.95
135.04	3.09
137.22	3.09
137.48	3.09
139.41	3.98
140.82	3.98
143.46	5.37
144.61	5.37
147.01	2.42
148.39	5.22
150.85	5.71
151.35	5.71
153.35	5.71
155.83	2.58
156.77	0.34
159.46	1.5
161.27	4.53
164.7	4.53
165.2	5.78
166.22	1.8
169.06	0.55
172.49	0.55
174.31	0.55
175.05	5.13
178.4	5.13
179.36	5.13
182.66	0.92
183.54	0.92
184.55	0.92
187.8	3.62
190.12	3.62
191.98	3.62
192.56	1.59
194.04	1.59
196.03	1.59
196.93	4.85
198.08	4.85
199.66	5.55
202.8	5.55
206.2	5.55
206.96	0.66
207.85	0.66
210.65	0.66
211.82	2.41
214.31	2.41
216.14	2.41
218.44	1.18
219.58	1.18
222.17	4.51
225.04	4.51
227.76	4.51
229.09	5.0
232.45	5.0
234.12	5.0
236.79	4.24
237.86	1.07
238.65	5.68
241.72	5.68
244.28	0.34
245.97	0.34
249.23	0.34
250.98	0.95
