1.13	1.84
1.78	5.92
2.13	4.84
4.69	4.84
5.21	4.84
6.43	1.44
7.48	1.44
10.87	1.44
11.97	1.21
14.3	1.21
16.03	1.21
17.07	0.53
18.7	0.53
22.06	0.53
25.15	3.29
26.93	3.29
29.23	4.63
30.08	4.63
32.4	4.63
35.61	4.01
38.24	2.24
39.37	2.24
41.37	1.96
43.61	1.96
45.52	0.69
47.74	0.69
49.58	1.36
50.89	4.63
52.43	5.57
54.82	2.17
57.06	2.17
58.01	2.17
61.38	4.58
62.79	4.58
63.58	4.58
65.75	1.6
68.99	1.8
70.43	1.8
71.36	2.58
73.19	2.58
73.61	2.58
75.25	4.29
77.08	4.29
77.42	3.86
80.51	0.28
83.0	0.28
85.93	0.28
87.83	0.95
91.21	0.38
91.65	0.38
93.47	0.38
96.92	5.38
98.32	5.38
98.48	5.38
100.09	1.06
100.44	5.37
101.32	5.37
104.45	5.37
106.43	2.31
109.15	2.31
109.46	2.31
109.61	4.22
111.73	4.22
113.52	4.22
115.87	1.88
116.64	1.88
117.35	1.88
119.9	5.1
121.97	5.69
122.31	5.78
123.19	5.78
124.26	5.95
124.58	5.95
126.79	5.95
128.62	4.39
130.89	4.39
133.03	4.39
133.9	1.68
137.3	1.68
139.3	1.68
140.94	5.55
142.74	4.41
145.07	4.41
147.63	4.41
150.93	4.91
151.07	4.91
153.52	4.91
155.61	3.23
157.32	3.23
157.98	3.85
159.97	3.85
162.92	3.85
163.11	2.56
165.0	2.56
168.12	2.56
169.34	4.57
169.74	3.73
171.85	3.98
173.03	3.98
174.75	0.96
175.06	0.96
175.59	0.96
178.4	3.22
178.81	3.22
181.13	3.22
184.61	4.12
185.14	4.12
185.9	4.12
189.3	4.17
190.73	4.17
192.04	4.17
192.59	2.58
193.14	2.58
194.27	2.58
195.31	1.6
197.36	4.73
198.25	4.73
201.5	3.74
202.32	3.74
203.0	3.74
205.99	2.81
207.94	2.81
209.14	2.81
211.11	5.44
212.48	5.44
214.74	5.44
216.01	4.09
217.49	4.09
219.23	4.09
221.85	2.14
222.7	2.14
225.96	5.34
227.84	5.34
230.99	0.87
234.31	1.37
236.91	1.37
238.62	1.37
239.07	2.34
240.33	2.34
241.62	2.34
245.07	0.97
246.95	0.97
247.88	2.76
248.71	2.1
249.35	2.1
249.67	1.79
250.31	0.4
