1.6	0.5
1.73	3.44
3.27	2.82
4.06	2.82
7.05	2.82
10.32	5.95
13.46	5.95
15.2	5.95
18.33	1.58
20.05	1.2
20.56	1.73
20.81	1.73
22.76	1.73
24.84	2.02
27.11	4.11
28.78	2.75
29.73	3.4
31.26	4.96
33.98	5.8
35.66	5.8
37.02	1.51
37.27	1.51
40.57	1.15
43.33	1.15
46.4	2.25
48.55	2.25
51.97	2.25
53.69	3.39
56.68	2.97
59.07	5.65
59.87	5.23
61.85	1.18
63.35	1.18
64.38	3.04
66.05	3.04
67.52	3.04
70.27	1.48
71.15	2.87
74.31	2.87
75.19	2.87
77.91	0.66
80.91	1.97
81.27	1.97
84.32	1.97
87.47	0.63
90.93	3.74
93.43	0.84
94.51	0.84
97.9	0.84
100.18	1.43
100.63	4.45
101.23	1.05
102.62	3.99
104.89	3.99
105.08	3.99
107.05	1.98
108.43	1.98
111.24	1.98
112.23	5.71
113.6	5.71
116.99	4.3
117.43	4.3
119.87	4.3
122.59	5.54
125.2	5.54
128.18	3.85
128.9	3.85
130.08	5.38
133.03	5.38
134.45	0.28
135.04	0.28
137.07	0.28
137.42	2.33
140.4	2.33
140.97	1.48
142.09	1.48
142.75	0.67
146.25	0.67
148.38	4.87
151.52	3.18
153.5	3.5
154.35	3.5
154.68	3.5
157.99	3.5
160.05	3.5
161.52	0.3
162.04	0.3
163.43	0.91
164.65	0.91
167.46	2.0
168.64	5.71
170.29	5.71
171.74	5.71
175.02	5.65
176.84	5.65
179.39	5.65
181.49	1.36
183.77	3.74
184.08	3.74
184.77	3.74
185.12	2.07
185.33	2.07
186.32	2.07
189.07	3.78
191.42	3.78
194.82	3.78
195.78	0.91
197.52	0.38
199.94	0.38
202.17	1.25
204.92	1.25
207.0	2.43
208.44	3.79
210.57	3.79
212.84	3.79
214.86	0.74
216.6	0.74
218.04	2.89
220.73	1.95
221.17	3.73
223.46	3.73
225.96	2.03
229.4	2.03
230.77	2.03
231.15	3.69
233.94	5.33
236.01	5.33
239.03	1.13
240.86	1.13
242.41	1.13
245.8	5.37
249.08	5.37
252.06	5.37
