0.46	0.53
3.96	3.23
6.94	3.23
7.7	1.17
9.11	1.17
11.77	1.17
13.83	0.48
14.88	4.55
14.98	4.55
16.19	4.55
18.29	1.52
19.57	1.52
22.99	1.52
26.01	4.03
28.32	4.03
28.65	4.03
29.91	2.62
30.07	5.8
33.09	0.42
35.7	3.81
38.84	3.81
41.71	3.77
44.36	3.77
45.37	5.92
47.37	5.92
50.82	5.92
51.73	1.06
53.53	1.06
55.35	1.06
55.79	1.27
58.05	3.24
60.77	3.3
62.9	3.3
64.25	3.3
66.94	2.21
68.7	2.21
70.39	2.21
71.28	3.8
73.49	3.8
75.35	3.33
75.5	3.33
78.72	5.65
79.63	5.65
80.69	5.65
82.79	2.96
85.06	2.96
86.67	2.2
89.65	2.56
92.14	2.56
92.57	2.33
92.83	2.33
96.14	2.33
96.62	5.93
99.56	4.28
101.53	4.28
103.21	5.89
103.53	5.89
103.71	5.89
107.12	2.85
107.31	2.85
110.63	2.85
111.68	2.67
113.59	2.67
115.84	2.67
117.88	5.8
120.05	5.8
120.73	5.8
122.45	3.03
125.62	3.03
128.04	3.03
130.07	5.01
132.44	4.73
132.76	4.73
136.2	4.73
136.76	5.28
140.16	5.28
142.24	5.28
144.26	0.98
146.7	0.98
148.1	0.98
149.55	2.19
152.27	2.19
152.49	1.88
155.31	3.49
158.35	3.49
158.58	3.49
159.91	2.17
160.76	5.8
162.91	5.8
163.16	4.95
164.26	4.95
166.88	4.95
167.23	1.3
170.27	1.3
170.86	1.3
174.11	3.54
175.44	3.54
177.17	3.54
178.84	4.08
181.37	4.08
184.26	3.54
187.27	3.54
188.22	2.32
190.98	2.32
191.2	2.32
194.27	2.71
195.67	2.71
197.26	2.71
197.77	2.74
200.0	2.74
202.54	2.42
206.04	2.42
208.31	4.08
208.77	4.08
209.21	4.08
210.99	0.82
213.9	0.82
215.99	0.82
219.0	4.75
220.99	4.75
221.24	2.11
221.5	1.32
223.26	3.93
223.6	3.93
226.1	3.93
226.79	2.7
229.92	2.7
232.5	1.91
235.61	1.91
238.22	0.24
240.42	0.24
243.42	0.24
244.11	2.91
246.61	2.91
248.65	2.91
249.0	1.09
249.46	3.69
251.18	3.69
