0.47	1.82
1.12	1.82
3.54	2.73
4.77	2.73
5.61	5.1
9.0	5.41
9.66	5.41
11.72	4.03
15.09	4.03
16.17	2.55
18.15	3.15
18.34	3.15
18.92	5.65
21.84	5.84
25.14	5.84
25.48	4.15
26.05	2.45
29.17	2.45
30.21	5.08
32.98	5.05
34.92	4.91
36.24	4.91
39.17	4.91
39.28	3.52
39.94	0.85
42.59	0.85
44.67	1.27
46.83	1.27
48.7	1.27
49.18	5.99
52.62	5.99
52.95	3.21
53.64	3.21
54.12	1.57
54.63	1.57
56.65	2.26
59.41	4.28
62.46	4.28
63.27	4.28
65.03	2.55
65.83	2.55
67.59	1.22
68.9	1.22
69.16	0.31
71.76	0.31
74.93	3.76
77.11	3.14
79.46	3.14
80.03	3.65
82.6	3.65
83.92	5.95
87.06	5.95
89.23	5.95
90.51	2.67
93.61	4.71
93.93	5.3
94.42	2.38
94.77	2.38
96.47	2.44
99.57	0.94
101.67	0.94
104.57	0.94
106.54	0.67
107.45	0.67
109.21	0.67
112.44	3.81
114.31	3.81
114.79	3.81
118.04	5.69
119.03	3.29
122.08	3.29
122.89	3.29
125.05	5.73
127.62	5.73
128.97	5.73
130.04	3.79
133.1	3.79
134.89	3.79
137.79	4.52
139.82	4.52
141.84	4.52
143.07	1.38
144.3	1.38
146.81	1.38
149.82	4.73
150.03	5.63
150.9	5.63
152.8	3.81
153.38	3.81
155.27	3.81
156.84	5.22
157.88	5.22
158.1	1.37
160.89	3.25
162.42	3.25
165.52	4.39
168.22	4.39
170.29	5.49
172.72	5.49
173.17	5.49
175.54	1.03
177.67	1.03
179.76	1.24
181.28	1.24
182.19	5.99
184.26	5.99
184.91	3.8
187.49	3.8
189.49	3.8
191.64	2.61
192.67	2.61
194.94	1.54
197.95	1.54
201.08	1.64
202.0	1.64
204.49	1.64
205.36	5.25
207.11	2.62
208.64	2.62
209.61	2.49
210.84	2.49
214.2	2.49
215.82	3.23
219.02	3.23
221.48	4.0
223.94	4.0
226.32	4.0
229.7	2.15
229.85	2.15
233.14	5.69
236.48	1.3
236.96	1.3
239.53	4.88
241.4	4.88
242.04	4.88
242.85	5.62
243.28	5.62
244.11	5.62
246.17	4.99
247.52	4.99
248.34	5.76
250.46	5.76
