3.19	2.91
5.71	2.91
6.14	2.91
7.65	2.09
8.55	2.09
11.55	2.09
13.68	1.08
16.38	2.91
18.24	2.76
19.5	2.76
19.97	2.76
22.1	2.28
24.15	5.03
24.58	5.03
26.16	5.27
26.95	2.61
28.64	5.11
32.08	5.11
32.85	3.18
33.48	5.18
35.87	5.18
36.3	1.39
39.2	1.39
41.3	1.39
41.51	3.52
43.39	3.52
46.61	3.52
49.05	2.65
52.34	0.68
52.54	0.68
54.86	4.72
55.23	4.72
56.92	0.94
57.54	0.94
59.97	0.94
61.03	2.56
62.19	2.56
64.09	1.43
66.53	5.65
69.19	5.65
71.41	1.81
72.39	4.73
73.84	4.41
75.04	4.41
77.83	4.41
80.56	5.34
82.67	5.34
85.35	5.72
87.61	5.72
88.93	0.72
89.98	3.95
92.14	3.95
94.79	2.98
96.91	2.98
98.88	2.98
99.53	3.37
100.74	3.37
103.56	3.37
106.46	1.9
109.0	1.9
109.44	1.9
110.99	1.57
114.11	4.13
117.5	4.13
119.75	4.13
120.98	4.44
122.22	4.44
122.57	4.44
125.21	0.74
126.93	5.89
127.67	5.53
129.07	5.53
129.5	1.62
131.29	1.62
132.59	1.62
133.81	2.52
135.7	2.52
138.91	2.52
140.16	5.85
142.91	5.85
145.73	1.54
148.96	2.93
152.07	2.93
154.03	2.93
155.22	4.63
157.22	4.63
157.75	4.63
159.27	4.7
160.44	3.58
163.36	3.58
163.55	3.58
167.01	0.79
169.77	5.09
172.32	5.09
173.55	5.09
175.77	5.61
178.46	1.18
179.01	1.18
179.6	5.95
180.67	5.95
183.66	3.62
187.08	3.62
189.73	5.2
190.68	5.2
191.5	5.2
192.22	2.49
193.5	2.49
196.84	2.49
199.08	4.45
199.44	4.45
202.53	4.45
203.59	2.57
205.71	5.53
207.12	5.53
207.88	4.29
208.71	4.29
209.5	2.25
212.48	2.25
213.23	2.25
215.57	0.81
217.08	0.81
217.93	3.46
218.58	3.46
222.01	3.46
222.91	2.61
225.03	2.61
225.9	2.61
227.82	1.51
228.96	1.51
230.6	1.51
230.85	5.57
231.34	5.57
233.22	5.57
236.46	5.98
237.19	1.76
239.52	1.76
241.53	1.76
243.32	1.85
245.33	4.38
247.36	5.42
249.62	5.42
250.88	5.42
