0.82	2.67
3.26	2.67
4.91	2.43
7.2	1.22
10.68	1.22
13.5	4.89
16.77	3.69
19.74	3.69
22.13	3.69
22.89	3.19
24.02	3.19
26.16	1.42
26.55	2.94
26.87	2.94
28.17	2.94
30.9	2.9
32.75	2.9
35.96	5.9
38.35	4.57
40.9	0.84
43.27	0.84
45.46	0.84
46.71	1.94
49.84	2.28
51.13	2.28
53.12	2.28
53.51	1.82
54.27	2.73
57.44	2.73
59.72	2.73
60.63	4.73
63.24	4.73
65.44	0.28
68.34	3.38
70.07	3.38
71.7	3.38
72.86	2.83
73.71	0.72
76.05	0.72
78.9	0.72
80.73	2.22
81.72	2.22
85.02	0.34
85.33	0.34
87.73	2.33
90.51	2.33
92.22	2.3
94.14	2.3
95.18	1.56
97.36	3.46
99.2	3.46
101.74	3.1
104.12	0.23
104.45	0.23
107.23	1.01
107.5	1.01
108.69	1.01
111.22	1.98
112.88	0.67
114.84	0.75
115.45	0.75
115.75	1.12
118.21	1.12
121.61	1.12
122.21	1.73
124.65	5.56
126.95	5.56
127.13	5.5
130.01	5.5
131.77	5.5
134.84	3.27
136.31	1.14
138.75	1.14
142.06	1.14
142.53	3.45
144.85	3.45
148.32	0.87
148.56	3.67
149.99	3.67
150.69	3.67
151.58	0.4
152.81	5.74
154.08	5.74
157.24	5.74
160.46	1.06
161.01	1.06
163.59	3.84
166.09	3.84
166.7	3.44
170.04	5.08
170.97	5.08
173.61	4.03
175.68	4.03
177.32	4.03
179.35	4.87
180.48	4.87
181.48	2.89
184.96	2.89
188.31	2.89
191.76	5.05
193.64	5.05
194.79	0.53
196.57	4.96
196.73	2.48
199.02	2.55
202.26	3.4
202.88	3.4
205.28	3.4
207.39	4.27
209.77	4.27
212.76	1.89
214.8	4.32
217.74	1.32
221.17	1.32
223.43	3.64
224.45	3.64
225.87	3.64
227.1	1.74
229.32	1.74
230.4	0.78
233.14	0.78
235.11	2.21
237.74	2.21
238.94	5.91
240.95	4.63
243.64	4.63
246.19	4.63
247.23	5.71
247.33	5.71
248.13	0.81
250.19	0.81
