3.46	4.73
5.56	4.73
7.8	4.69
7.95	2.05
8.13	5.14
11.61	5.14
13.89	5.14
14.44	4.36
16.37	1.81
18.15	1.81
18.95	1.81
21.35	2.06
23.31	2.06
24.82	2.06
25.03	5.8
25.21	0.62
26.74	0.62
29.4	0.8
31.03	0.8
33.92	0.8
35.88	4.81
38.6	4.81
39.71	1.25
40.16	1.25
42.38	1.25
42.69	3.65
43.12	3.65
43.35	3.65
45.07	3.97
47.74	3.97
47.91	3.82
48.91	2.31
52.01	2.31
53.68	2.4
54.33	2.4
57.79	2.4
60.8	2.99
63.5	5.73
66.21	5.73
67.81	5.59
70.15	5.59
73.32	5.59
76.82	4.87
77.74	4.87
80.38	4.87
81.51	3.5
84.66	4.72
87.57	4.72
88.63	4.72
89.33	2.3
89.45	1.04
92.22	1.16
92.33	1.16
93.39	1.16
93.76	2.59
93.86	2.59
96.06	4.13
96.28	4.13
98.84	3.77
100.62	3.77
104.11	1.13
107.07	1.13
108.19	1.13
110.86	3.22
112.6	3.22
114.32	3.22
117.66	3.62
121.05	3.62
123.3	2.43
126.15	4.56
128.1	4.56
128.21	2.51
131.35	0.45
131.76	3.37
133.99	4.67
137.14	4.8
140.23	4.8
140.64	4.8
141.18	5.1
141.76	0.62
143.99	0.62
144.36	5.56
145.8	5.56
145.97	1.97
149.41	1.97
149.96	1.97
152.9	0.65
153.13	5.38
154.59	2.25
156.76	3.42
160.18	3.42
163.54	3.93
165.89	3.93
167.59	5.05
167.97	1.97
171.16	3.98
171.28	3.98
174.44	1.22
174.56	1.22
176.84	3.95
178.37	3.95
179.98	3.95
182.43	1.53
184.98	1.53
185.3	0.67
188.38	0.67
191.47	0.67
191.75	0.37
192.63	0.37
194.24	0.37
194.98	2.57
198.03	2.57
200.88	2.57
203.99	3.15
206.14	2.95
207.5	2.95
209.59	2.95
211.54	2.83
214.91	0.34
216.57	4.09
217.63	5.35
219.53	5.58
220.82	5.58
221.73	5.58
224.5	2.47
225.8	2.47
227.25	1.56
229.95	1.56
233.06	3.87
236.18	3.87
239.6	2.19
240.09	4.16
240.91	4.16
243.6	4.16
243.86	3.19
246.94	3.19
247.37	4.26
250.06	4.26
