3.37	5.77
4.51	5.77
5.52	1.76
5.63	1.55
7.0	1.55
7.88	1.18
11.14	1.18
12.28	1.18
12.97	3.52
15.36	3.52
15.97	3.52
19.45	2.63
20.25	3.29
23.49	3.29
24.34	3.29
26.46	4.3
29.72	4.85
32.46	4.85
34.19	4.85
35.81	2.99
37.28	2.99
39.32	2.99
41.8	1.18
43.57	1.18
45.01	1.18
45.69	4.77
48.39	4.77
51.23	4.77
52.14	3.63
52.31	3.63
53.47	3.63
56.45	3.01
57.24	1.46
58.15	3.2
60.88	3.2
63.49	3.2
65.07	0.22
68.08	0.22
69.7	3.7
73.0	3.7
75.0	3.76
78.03	5.01
81.36	5.01
83.7	5.01
86.28	3.05
86.48	5.05
88.51	5.05
91.31	1.89
94.67	1.89
97.53	2.22
98.68	2.22
99.68	2.3
100.44	3.61
100.77	3.61
102.56	1.81
102.92	2.97
104.86	5.29
107.5	5.29
108.54	5.29
111.7	0.43
112.11	0.43
112.85	0.3
114.52	0.3
117.81	0.3
120.69	5.21
123.07	1.11
124.91	4.3
125.39	4.3
125.71	4.3
127.41	3.83
129.69	3.83
131.33	3.83
134.36	3.82
135.37	0.97
136.24	5.38
138.43	5.68
140.49	0.96
143.23	1.33
146.43	1.78
149.75	1.78
152.3	5.29
153.09	0.5
155.54	0.5
156.48	0.5
156.82	4.56
157.64	1.44
158.45	1.44
160.57	2.9
161.64	2.9
164.81	2.92
167.33	2.92
170.12	2.92
171.99	1.84
172.59	1.84
172.92	1.84
176.22	2.96
179.44	2.96
181.78	2.96
185.18	0.49
187.98	0.57
188.58	0.57
189.16	3.52
191.56	3.52
194.49	0.56
195.35	0.56
196.34	0.5
199.21	0.5
201.2	5.29
204.54	5.29
207.28	5.29
209.29	5.65
211.15	4.55
211.46	4.55
212.9	2.29
214.52	2.29
216.37	2.29
216.72	2.26
216.91	2.26
217.85	2.26
218.15	5.16
220.98	0.81
222.15	5.19
223.29	5.19
224.51	5.19
225.48	1.31
225.94	1.31
228.57	5.39
231.94	5.39
232.32	5.39
233.02	2.57
234.87	4.61
237.27	4.61
238.02	5.2
241.41	5.2
243.91	5.2
246.27	4.84
248.4	1.1
250.41	1.1
