1.21	3.4
3.77	1.6
6.78	1.6
7.42	1.6
9.91	3.07
12.77	3.07
16.12	3.07
17.69	5.83
20.77	2.4
21.69	2.4
22.39	4.78
22.86	4.78
26.1	5.27
27.91	4.42
30.16	2.83
32.88	1.72
35.05	1.72
37.64	1.72
39.13	0.94
40.57	0.57
42.33	3.27
43.35	3.27
43.96	2.88
44.79	4.78
46.4	4.78
49.7	4.78
53.11	5.62
55.84	5.62
56.77	2.91
59.52	1.53
61.26	0.5
62.96	1.12
63.41	0.48
65.53	0.48
68.95	0.48
71.19	1.71
74.53	1.71
77.07	1.83
78.88	1.83
82.17	1.83
83.78	3.78
86.54	3.78
88.92	2.88
91.5	2.88
93.58	2.88
93.85	2.81
97.2	2.81
98.81	2.81
101.24	2.25
103.79	2.25
105.95	2.25
108.39	2.08
109.79	2.08
110.82	2.08
110.96	0.74
111.8	0.74
112.57	0.74
114.21	2.87
117.11	3.72
120.57	3.72
122.59	1.15
123.65	1.15
124.88	5.93
126.6	3.69
127.98	5.22
130.6	2.04
132.15	2.04
132.65	2.04
135.37	5.86
137.07	1.43
140.31	1.43
141.8	1.43
144.71	0.61
147.93	2.91
149.18	4.01
149.45	4.01
151.35	2.27
151.89	5.36
154.47	5.36
155.69	5.36
156.65	2.04
159.06	2.04
159.84	2.74
160.25	0.32
161.34	4.63
163.9	4.63
164.02	0.4
167.13	0.4
168.86	0.7
171.27	4.58
173.37	4.58
174.43	5.46
177.27	5.46
177.47	5.46
179.01	4.18
181.45	2.89
182.38	2.16
183.59	2.16
184.42	3.11
185.56	0.84
186.44	2.48
187.09	2.48
190.3	5.18
192.44	5.18
195.15	5.18
197.95	0.65
199.16	0.65
201.25	0.65
203.11	2.24
205.59	2.24
206.82	0.8
207.2	0.8
210.27	4.57
212.48	1.86
214.31	1.86
215.95	1.86
218.16	2.05
218.73	5.07
220.0	5.07
221.95	5.07
224.94	2.66
227.52	2.66
229.95	2.66
231.42	3.77
232.62	3.77
235.86	5.94
236.92	5.94
237.73	5.94
239.59	3.75
240.19	3.75
241.65	2.41
245.07	5.67
245.26	0.4
246.37	3.96
248.61	4.16
249.0	4.16
251.68	4.16
