2.55	4.43
4.15	4.43
5.75	4.43
7.78	3.63
9.12	3.63
10.46	3.63
11.39	1.3
11.82	1.3
13.42	1.3
15.97	4.13
17.3	4.13
18.3	4.13
19.41	0.77
22.48	0.77
23.5	0.77
23.66	5.03
25.95	5.03
28.28	1.25
31.0	1.25
32.92	4.63
34.85	1.64
35.37	4.98
36.47	4.98
39.59	4.98
41.78	0.61
43.97	0.61
47.4	4.36
47.99	4.36
49.59	4.36
49.9	3.17
52.16	0.92
54.71	0.92
55.15	0.92
58.5	4.3
59.11	4.3
61.39	5.53
63.09	5.53
66.31	2.58
66.53	2.58
68.09	2.84
69.08	4.96
72.22	5.08
73.0	5.08
74.79	2.66
75.58	2.66
76.73	2.66
79.91	5.8
83.19	5.8
84.27	5.8
85.41	0.3
87.34	0.3
87.77	0.3
89.12	1.3
90.67	1.3
93.94	1.3
94.14	0.72
96.09	3.58
96.98	4.89
99.01	2.12
99.88	1.88
100.3	2.35
102.14	3.32
102.73	3.32
104.66	3.83
105.6	2.92
108.12	1.5
109.85	1.5
112.02	1.5
112.49	0.46
112.62	5.15
115.68	5.15
117.77	1.96
120.08	3.53
122.77	3.53
123.63	3.53
124.21	3.53
127.02	3.53
129.9	3.53
131.42	0.83
131.95	0.83
134.86	1.87
137.73	1.87
138.38	2.56
141.54	2.56
143.15	3.31
145.43	3.31
148.78	3.31
150.18	2.4
153.58	4.59
155.2	2.58
155.81	2.77
156.61	2.77
159.17	2.77
161.71	4.6
161.96	4.6
163.65	4.6
165.02	2.76
165.33	3.24
165.75	3.24
166.96	3.24
168.56	5.6
171.23	5.6
173.54	5.6
176.79	4.71
177.88	4.4
178.01	4.4
181.01	4.4
184.02	5.18
184.93	3.6
187.77	3.6
189.5	3.34
192.25	3.34
192.62	3.34
194.8	3.66
197.91	1.36
199.08	1.36
199.31	1.36
201.06	2.33
201.69	2.33
204.55	2.34
205.17	2.34
208.63	4.36
208.86	4.36
209.45	4.76
211.86	4.76
213.48	2.54
213.93	5.51
216.39	5.51
219.27	1.75
219.63	1.75
222.62	3.3
225.43	3.3
226.53	3.3
227.08	0.27
227.41	3.8
229.82	5.23
230.87	5.23
231.38	0.53
234.66	0.53
235.59	0.53
236.43	2.03
239.69	2.03
239.8	1.88
240.12	1.88
241.14	1.88
242.97	2.1
245.58	2.1
247.92	1.86
249.63	1.86
250.4	1.86
