2.25	1.71
3.73	1.71
7.07	1.71
7.28	3.3
8.15	3.3
10.93	2.05
13.08	2.05
15.92	4.44
17.12	3.61
19.42	0.22
21.33	0.22
23.94	0.22
25.33	5.05
25.69	1.54
28.56	1.54
31.0	1.66
34.08	1.66
36.37	1.66
38.25	4.6
39.65	4.6
40.0	4.6
41.58	1.53
43.99	2.44
46.84	1.86
47.83	1.86
51.2	3.79
54.62	3.79
58.07	3.79
61.05	3.31
62.05	3.31
62.25	4.07
63.07	4.07
63.29	5.85
64.55	5.85
65.88	5.85
67.79	3.59
70.94	4.82
71.89	4.82
72.77	0.44
76.07	0.44
78.8	4.19
80.46	1.33
82.9	3.14
85.87	3.83
89.34	3.83
90.78	3.83
92.37	3.58
93.04	3.58
93.67	3.49
94.62	3.49
95.28	0.54
96.84	0.54
99.97	5.16
102.72	5.16
104.12	5.16
104.31	2.46
104.92	1.06
108.13	1.06
110.95	1.06
113.92	0.23
115.19	1.79
117.58	1.79
119.92	1.79
121.99	1.53
125.2	1.53
128.33	1.53
130.31	5.21
132.85	5.21
135.68	5.21
137.83	3.05
140.47	3.05
143.42	4.81
146.09	4.81
146.52	4.81
149.15	2.66
152.65	2.66
153.8	2.66
156.47	4.24
159.61	1.35
162.47	1.35
164.6	0.92
167.72	0.92
169.2	2.55
171.85	2.55
175.05	2.55
177.67	2.84
179.88	4.91
180.32	2.97
183.12	2.97
183.82	4.25
186.28	5.54
187.5	5.87
190.62	5.87
191.56	5.87
192.42	3.93
193.51	3.93
195.92	2.91
197.96	4.14
199.28	4.14
201.49	0.93
204.34	0.93
206.69	0.23
208.68	4.75
209.24	4.75
211.03	3.93
213.35	3.93
213.83	3.46
217.28	3.46
217.55	3.46
220.03	2.56
222.06	3.16
222.7	3.16
223.85	3.16
225.19	4.87
228.56	4.97
231.95	3.4
234.69	3.4
237.09	1.6
238.32	1.6
238.82	1.41
240.14	1.41
243.02	4.04
243.71	4.04
247.0	2.18
248.24	2.4
248.56	2.4
251.49	2.4
