1.12	1.66
3.5	1.66
4.09	0.67
6.8	0.67
7.48	5.25
9.44	5.25
11.27	3.37
11.82	5.48
14.91	5.48
18.37	5.48
21.53	2.57
23.0	2.57
25.71	2.57
28.99	0.68
31.18	0.68
33.2	0.68
35.73	5.61
37.52	5.61
39.58	3.42
40.84	3.42
43.46	3.42
46.5	5.9
48.93	5.9
49.12	5.9
49.75	2.38
51.45	2.38
54.64	1.21
57.24	1.21
59.84	5.17
62.05	0.73
64.82	0.38
66.59	0.38
70.07	3.23
71.24	3.23
72.79	4.38
74.6	4.38
74.85	4.05
76.18	4.05
76.32	4.05
78.25	4.98
78.37	4.98
81.34	4.98
82.86	5.39
84.37	5.39
85.3	5.84
85.43	5.84
86.9	5.14
89.83	1.21
91.59	3.09
95.03	3.09
97.78	3.44
98.74	3.44
101.07	2.62
102.42	4.73
105.26	4.73
107.81	4.73
109.0	2.57
111.97	2.57
113.45	1.07
116.01	1.07
118.45	1.07
119.68	0.72
120.14	0.72
122.01	0.72
122.46	1.32
125.74	1.32
128.57	1.32
129.75	0.96
133.0	0.96
133.27	2.82
136.33	2.82
138.75	1.24
141.63	5.7
143.42	2.04
146.24	2.04
148.52	2.04
151.42	2.59
153.77	4.44
157.09	4.44
158.73	1.97
160.28	1.97
162.44	5.25
162.64	3.1
164.97	3.77
166.14	1.51
168.61	1.51
171.07	1.51
172.29	4.98
174.53	3.21
176.09	3.21
179.22	3.21
180.28	5.74
183.01	1.77
183.76	1.77
187.1	2.83
188.88	2.83
192.07	2.83
195.38	4.63
196.72	0.34
196.97	4.02
197.13	4.02
199.63	1.12
200.97	1.12
202.46	1.12
205.2	5.59
208.23	5.59
210.61	5.59
212.78	5.34
214.1	1.32
216.25	1.32
217.39	0.96
218.86	3.36
220.32	3.36
220.84	2.83
221.87	2.83
225.31	2.83
226.61	5.82
227.01	5.82
227.39	3.04
229.7	2.18
232.22	2.18
233.26	1.32
235.46	1.32
237.83	1.32
239.57	0.85
240.09	0.85
241.96	2.67
242.94	2.67
245.98	2.67
246.42	4.2
248.33	4.2
250.54	4.2
