3.24	5.99
4.32	5.99
7.13	0.51
9.08	5.73
11.92	5.73
14.87	5.73
15.83	2.9
17.1	2.9
18.93	2.9
20.85	4.53
21.6	4.53
24.92	1.72
25.81	1.72
27.74	1.49
29.6	1.49
31.55	1.49
33.71	0.24
36.4	0.24
39.77	4.65
43.16	5.97
44.13	5.97
45.95	0.67
46.26	0.67
49.57	0.67
51.71	1.86
52.92	2.27
53.72	2.27
54.67	0.79
55.29	0.79
55.43	2.98
57.51	5.22
58.92	5.22
59.54	5.22
61.8	5.27
65.18	5.27
66.8	5.27
69.02	5.93
70.98	1.71
72.34	0.97
73.46	0.97
74.45	2.82
75.21	2.69
75.31	2.69
76.05	1.67
76.9	1.67
80.4	1.67
81.01	4.71
83.18	4.71
85.32	4.71
85.56	0.48
86.18	0.48
88.72	3.41
89.54	3.41
91.67	5.44
93.7	5.44
96.09	5.44
99.01	1.75
101.86	1.75
103.14	2.36
104.27	4.73
106.94	4.57
108.95	1.71
111.1	1.71
113.83	1.71
117.27	5.65
117.75	5.65
118.07	0.23
118.23	0.23
119.22	2.9
121.39	2.9
122.61	2.9
125.08	1.47
126.73	1.47
127.65	1.26
129.78	2.48
132.2	2.08
133.71	2.17
137.04	2.17
140.13	2.8
141.75	3.58
143.53	5.84
144.62	5.84
145.45	5.84
147.09	5.35
149.64	5.35
150.33	5.1
151.66	3.17
151.84	3.17
153.19	3.35
153.97	3.35
157.15	3.35
158.72	0.73
159.69	0.73
160.87	0.73
163.97	1.34
167.14	1.34
167.85	1.34
170.36	4.02
172.52	4.09
175.0	4.09
176.11	4.09
179.08	4.14
181.65	4.14
185.08	4.14
187.36	2.69
188.71	2.69
188.87	2.69
189.2	0.48
191.22	3.18
192.92	3.18
196.3	3.23
197.73	3.23
200.81	3.23
202.56	3.85
203.15	3.85
205.28	3.85
206.26	4.6
209.67	4.6
212.44	4.6
214.0	5.89
215.96	5.89
216.27	5.89
218.83	1.21
221.47	1.21
223.35	0.54
224.79	4.11
226.46	4.11
228.92	1.49
230.81	4.07
232.23	3.68
233.49	3.68
234.32	3.68
234.7	1.46
237.15	1.46
239.28	1.46
240.64	1.32
242.18	1.32
244.01	2.53
245.59	2.53
247.51	4.11
249.45	4.11
250.6	4.11
