2.67	2.73
4.0	4.09
5.78	4.09
6.59	3.51
9.88	0.5
10.59	0.5
12.05	0.5
14.62	3.06
14.97	3.06
18.0	3.06
20.63	3.28
23.62	3.28
25.15	3.49
25.79	2.41
26.27	2.41
26.52	5.55
27.22	5.55
29.51	5.55
30.35	1.7
32.71	4.36
34.67	4.36
35.16	4.36
37.73	0.88
39.58	1.65
41.84	4.11
44.33	4.11
45.35	4.11
45.59	1.03
45.99	5.94
48.96	5.94
50.29	5.94
52.51	4.91
54.72	4.91
57.58	1.82
59.41	1.82
61.47	1.82
63.24	4.06
65.37	4.06
66.09	4.06
67.92	5.28
70.9	5.28
72.24	5.28
74.74	4.3
76.79	3.96
77.56	3.96
79.83	3.96
82.52	1.17
84.54	4.21
86.94	5.57
87.22	1.74
89.12	0.3
92.04	1.32
94.22	1.32
97.36	0.95
100.34	0.95
103.37	0.95
105.16	5.26
108.33	5.26
110.85	2.22
111.63	1.2
112.74	1.2
114.69	1.2
117.79	4.11
119.45	2.66
122.92	2.05
125.01	2.05
128.17	3.62
129.03	3.62
132.11	3.62
135.38	2.58
137.35	2.58
138.28	2.58
139.03	4.59
139.98	4.59
141.57	4.59
143.14	3.3
146.35	3.3
148.68	1.61
151.65	1.61
154.28	1.61
154.47	3.07
155.48	5.32
156.2	5.32
156.39	1.83
157.5	1.83
158.28	1.83
158.78	4.9
160.66	5.39
160.93	3.4
163.24	4.93
165.36	5.26
165.77	5.26
168.28	1.69
168.9	1.69
171.24	1.69
172.41	2.24
175.45	5.01
178.41	5.01
179.31	5.01
182.53	5.04
186.03	5.04
186.89	5.04
187.77	1.8
190.38	1.8
191.84	1.8
194.78	0.52
198.08	0.52
199.64	0.35
201.24	3.73
201.59	5.82
204.04	3.08
204.52	3.08
207.97	0.73
210.18	0.73
210.89	0.38
212.7	0.38
213.66	0.38
217.1	2.38
218.87	2.38
221.42	4.55
222.46	4.32
223.56	4.32
224.58	5.4
226.63	5.4
228.04	5.4
229.71	2.31
230.9	2.93
231.74	2.95
232.26	2.95
235.65	2.95
239.01	4.19
242.0	4.19
245.28	0.48
246.99	0.48
247.82	5.63
247.99	5.63
251.36	2.98
