3.0	2.44
4.54	2.44
5.24	2.44
8.33	0.4
9.13	5.36
12.17	2.12
14.56	2.12
14.96	0.99
17.45	0.99
18.89	0.99
21.48	0.43
21.72	2.89
25.12	2.89
25.55	5.81
28.62	3.53
29.4	3.53
29.53	3.53
30.4	2.42
31.34	2.42
34.64	2.42
36.38	3.38
36.87	3.38
37.78	0.63
41.21	3.87
43.59	1.55
44.8	1.55
45.01	4.17
47.32	4.17
48.12	4.17
49.16	1.72
51.87	1.72
54.67	1.72
54.78	1.66
57.84	1.66
58.79	2.03
60.21	2.03
62.2	2.0
64.53	2.0
67.25	2.84
68.3	2.84
68.46	2.84
70.92	5.32
73.79	5.32
74.48	2.2
76.47	2.2
78.15	2.2
80.57	1.44
80.96	1.44
82.33	1.44
83.33	3.03
86.36	3.03
89.28	2.83
92.36	2.83
95.71	2.83
97.47	3.97
99.8	3.97
100.59	3.97
100.88	4.2
104.05	3.09
105.63	3.09
107.89	3.09
108.3	2.69
110.28	0.86
112.13	2.73
113.65	2.73
115.7	1.11
118.92	1.11
121.62	1.11
123.25	4.62
123.45	4.62
124.31	2.13
125.39	2.13
128.29	1.77
129.82	1.77
131.67	1.77
133.51	3.94
134.19	3.94
135.02	3.94
136.05	4.42
136.38	4.42
139.5	1.16
141.22	1.16
141.64	1.16
144.12	5.25
146.26	5.7
148.13	5.7
149.68	4.05
152.95	1.54
153.62	1.54
153.96	1.54
155.8	3.31
158.08	2.85
161.43	2.85
163.42	3.59
163.73	3.59
166.27	3.59
168.81	0.71
169.77	0.71
171.73	0.71
173.53	0.46
176.82	0.46
179.33	5.63
182.42	5.63
184.4	3.89
186.73	3.89
188.67	5.47
190.49	5.47
192.43	5.47
194.12	0.62
195.69	0.62
198.83	0.42
199.91	0.9
201.82	0.9
203.19	1.2
204.32	1.2
206.96	5.33
207.22	5.33
210.43	5.03
213.42	4.76
216.57	4.76
218.97	4.76
219.72	2.24
221.56	3.52
222.95	3.52
224.96	4.33
228.05	4.33
229.91	4.33
233.4	4.12
234.79	4.12
237.4	2.43
239.92	2.43
241.21	2.43
243.92	4.69
246.19	4.69
248.34	4.69
250.21	2.81
