3.3	5.04
5.13	5.04
7.91	5.04
8.43	4.1
11.27	4.1
14.58	4.03
16.37	4.03
16.49	4.03
17.27	2.11
19.2	2.11
19.65	2.11
21.95	2.66
24.92	2.66
27.69	2.66
29.69	1.8
32.94	1.8
33.12	3.71
34.46	1.42
37.77	1.42
40.87	1.99
41.45	1.99
43.3	1.99
44.32	4.19
44.84	4.19
46.44	4.19
46.66	1.01
49.09	1.37
50.93	1.37
53.67	1.37
54.81	3.32
57.26	3.32
57.82	3.32
60.44	1.45
61.15	1.52
61.68	1.52
62.38	1.52
63.1	2.88
66.53	2.88
69.41	3.49
71.34	4.38
73.07	4.38
76.43	4.85
79.09	4.85
81.83	4.85
82.27	5.47
85.48	5.47
88.74	5.47
91.03	4.48
93.44	4.48
96.86	4.48
97.08	4.88
98.86	4.88
101.89	3.22
103.18	3.22
106.22	3.22
108.17	4.5
110.42	4.5
112.24	0.97
115.32	0.97
116.99	0.97
118.81	3.63
120.13	3.63
121.67	5.95
122.65	5.95
123.33	5.95
124.14	1.73
126.69	1.73
126.97	1.73
130.18	5.0
132.95	5.0
135.87	5.0
136.63	4.19
139.94	4.19
143.02	3.07
143.86	3.07
146.11	3.07
146.92	4.61
148.74	1.54
149.35	1.54
151.23	0.96
152.17	0.96
155.15	4.61
155.29	4.61
156.82	2.52
159.01	2.52
159.16	2.52
161.5	5.98
162.49	5.98
165.97	5.98
169.05	2.22
170.26	4.23
170.47	4.23
172.37	4.23
174.26	5.33
175.98	0.23
177.87	0.23
180.77	0.23
182.16	3.9
184.01	4.7
187.1	4.7
189.42	4.7
191.54	2.71
191.77	5.63
194.33	5.63
196.78	5.63
197.4	5.91
200.61	4.22
203.95	4.22
204.46	4.22
206.49	3.91
209.73	3.91
210.51	3.91
212.53	5.17
215.25	5.17
215.8	3.54
218.75	3.54
218.98	3.54
219.12	0.42
220.97	0.42
221.98	0.42
222.94	2.8
224.45	2.8
226.5	2.8
229.02	3.15
230.09	3.15
231.33	5.74
232.18	5.83
234.91	5.83
236.38	5.83
237.53	4.65
237.85	4.65
237.97	4.86
239.4	5.83
239.97	3.85
240.54	3.85
241.34	2.74
243.85	0.49
246.29	0.49
248.3	0.49
251.02	3.62
