3.14	4.32
5.07	5.02
7.87	5.02
10.5	1.19
12.37	1.19
14.74	1.19
16.32	4.33
18.85	4.33
19.12	1.26
20.59	1.26
22.64	2.43
25.74	2.43
28.49	4.56
30.4	2.7
33.61	2.17
35.97	1.86
37.71	3.45
39.49	3.45
41.99	3.45
43.2	1.03
45.78	2.85
49.17	2.85
50.33	5.72
53.79	5.72
54.39	3.32
56.09	1.72
59.16	1.72
60.06	1.72
62.17	3.94
64.36	5.4
65.56	5.4
68.34	5.4
69.65	4.31
69.84	4.45
70.29	4.45
72.97	4.45
73.31	3.44
75.02	3.44
76.46	2.17
77.68	2.82
79.16	2.82
81.74	3.03
82.77	3.03
83.16	2.41
86.29	1.15
88.38	3.69
89.52	2.08
91.66	1.45
92.47	1.71
93.92	1.21
94.65	1.21
97.45	3.86
97.98	3.86
99.1	3.68
99.4	3.68
100.13	3.68
102.47	1.95
102.8	1.95
105.56	3.5
106.52	5.53
109.13	5.43
109.26	3.58
112.71	5.47
114.59	0.82
117.19	2.11
119.48	4.65
122.45	4.65
123.16	1.38
123.89	1.38
124.54	1.38
125.8	1.91
127.94	5.59
129.16	5.59
129.81	5.59
132.68	2.27
135.07	3.15
137.4	3.15
137.99	5.34
140.3	0.28
142.1	0.28
145.26	2.85
146.32	2.85
146.91	3.62
149.62	5.71
151.76	5.71
153.77	4.09
154.06	4.09
157.23	1.51
158.32	1.51
159.77	1.51
161.92	4.53
162.68	4.53
163.88	4.53
165.98	2.74
166.49	4.5
168.23	4.5
170.55	5.08
173.05	0.36
173.4	0.36
175.26	0.36
176.49	3.09
179.42	2.3
182.81	2.3
183.75	2.3
186.61	4.92
189.87	4.92
190.08	5.27
192.01	5.27
194.62	2.59
196.59	2.59
196.84	2.59
199.08	4.92
201.56	4.92
202.9	4.9
205.52	1.33
205.9	1.33
208.08	1.33
208.21	1.14
210.08	1.14
211.93	1.78
214.29	1.78
216.47	1.78
218.8	2.02
220.67	2.02
223.54	4.41
224.75	1.19
226.58	0.88
228.38	0.88
228.94	2.23
231.17	2.23
232.63	2.54
233.78	1.0
237.27	0.59
238.14	3.49
241.36	2.22
242.04	2.22
244.69	0.78
248.16	2.27
250.15	3.66
