1.89	1.86
4.85	1.86
5.15	1.86
7.04	4.83
8.89	4.41
10.4	4.41
13.12	3.35
14.36	3.35
16.12	3.35
18.14	3.03
20.33	3.03
23.6	3.03
25.83	2.4
29.05	2.4
32.42	5.47
35.85	5.47
37.31	5.47
38.35	2.08
40.92	2.08
41.43	0.55
43.63	0.55
44.71	0.55
45.59	0.72
48.04	0.72
49.93	0.72
51.38	1.62
52.07	1.62
54.91	2.48
56.1	2.44
58.57	2.44
61.33	0.25
63.89	0.25
65.61	0.25
68.13	5.04
69.94	4.22
72.69	4.22
72.93	3.03
73.45	3.03
73.83	3.03
74.31	2.61
77.8	2.61
80.71	2.61
82.99	4.71
86.29	0.41
89.44	0.41
89.71	2.21
91.67	2.21
92.97	2.21
93.42	2.35
94.5	2.46
95.22	3.08
95.92	3.08
99.26	3.08
100.27	5.91
103.14	5.91
104.29	5.91
105.53	5.3
106.48	5.3
107.15	1.9
110.0	4.96
113.29	4.96
113.8	4.96
115.53	1.39
118.75	1.39
119.99	1.39
123.29	4.88
125.56	4.88
126.07	1.83
128.6	1.83
130.9	1.83
131.1	3.15
131.98	3.15
132.62	4.24
134.17	4.24
136.09	2.67
136.33	2.67
138.94	4.02
139.87	4.26
140.95	2.83
143.87	2.83
146.66	4.62
148.09	4.62
149.09	4.62
152.33	3.99
153.75	3.99
154.94	3.22
156.28	3.22
159.52	3.22
161.93	5.2
162.67	1.5
163.51	1.5
164.24	1.5
165.51	0.58
168.94	0.58
170.73	4.09
171.07	4.09
173.13	4.09
175.74	5.69
176.31	0.89
178.23	3.02
179.51	3.02
180.97	2.91
181.45	2.91
183.12	2.91
186.14	1.96
188.74	1.96
191.2	5.08
192.55	5.08
196.0	0.72
196.78	0.72
200.05	0.72
202.83	5.15
204.19	5.15
205.18	5.15
206.55	5.56
209.86	5.12
213.21	2.98
216.61	2.72
217.35	2.72
218.87	3.99
219.64	4.0
222.36	4.0
224.83	4.0
225.07	2.1
226.51	2.1
229.69	2.1
230.11	4.84
231.79	4.84
233.3	4.84
234.27	2.54
237.46	2.54
240.5	3.7
241.03	2.39
244.44	2.39
246.14	3.7
247.77	3.7
250.21	2.21
