3.27	0.31
4.46	0.31
6.61	3.48
6.83	3.48
7.23	1.71
9.99	1.71
13.21	1.7
14.86	1.7
16.78	1.7
17.14	3.32
17.71	3.32
19.05	0.59
21.74	0.59
22.33	0.59
23.69	1.58
25.45	1.58
27.28	3.67
29.42	3.67
32.3	5.95
33.37	2.08
36.45	2.08
39.42	5.48
40.22	5.48
41.76	5.48
45.23	1.89
45.48	5.09
48.66	1.71
48.78	2.31
50.32	2.31
53.58	3.0
56.4	4.17
59.48	4.17
61.42	4.17
64.58	4.32
67.14	4.32
68.16	1.96
70.93	1.28
74.31	1.28
77.58	1.28
78.03	1.89
79.85	1.89
80.77	1.89
81.64	3.57
84.15	1.66
86.19	1.66
87.39	1.66
89.28	1.21
89.56	2.47
90.7	5.35
93.11	5.35
94.35	5.35
97.56	1.28
97.86	3.04
99.66	1.29
101.31	1.29
103.34	2.33
105.64	2.33
106.83	2.33
109.31	5.1
111.48	5.1
112.3	2.45
112.92	2.45
115.25	4.73
118.25	5.48
119.61	5.48
120.23	4.38
121.59	4.38
123.01	1.23
125.15	3.72
127.68	3.72
128.71	3.72
129.15	1.07
129.66	1.07
131.92	1.07
132.94	2.98
135.79	2.98
137.04	2.98
138.84	5.02
140.51	3.22
142.72	3.22
145.79	5.84
146.85	5.84
149.66	4.36
150.26	4.36
151.7	4.36
154.47	4.41
154.68	1.63
155.63	1.63
158.34	1.63
161.24	2.93
161.99	2.93
162.9	2.93
165.37	3.55
165.72	2.86
167.43	2.86
169.56	2.86
171.84	1.17
172.4	1.17
173.08	1.17
174.68	2.02
177.18	3.49
177.89	3.49
179.64	0.35
181.59	0.35
183.02	0.35
184.75	4.21
186.16	4.21
187.53	4.21
187.98	5.13
191.32	5.26
191.84	5.26
194.4	2.05
196.72	2.05
200.04	4.28
201.49	4.28
204.91	4.83
206.3	4.83
207.17	2.53
209.11	2.53
212.31	4.36
213.56	4.36
216.06	4.36
218.77	2.14
219.0	2.14
219.94	2.14
222.09	5.45
223.24	5.45
224.88	3.68
225.95	3.68
228.16	4.59
228.86	4.59
229.02	4.59
230.76	2.78
232.71	4.9
233.86	4.9
235.63	0.73
238.19	0.73
240.81	5.31
242.76	5.31
243.22	3.52
245.72	2.45
246.87	2.45
248.88	4.16
251.14	4.16
