3.21	1.18
5.77	1.18
7.1	1.18
10.31	4.17
13.21	4.17
14.77	5.74
16.78	5.08
19.28	5.08
20.82	5.91
23.96	1.41
25.7	1.41
27.95	2.61
31.07	2.61
32.42	2.18
34.48	3.36
36.63	3.36
37.17	0.47
37.51	0.26
38.69	0.26
39.23	0.46
39.53	0.46
41.58	2.06
42.28	2.06
45.02	2.06
47.1	4.47
49.86	4.47
51.56	5.07
52.32	5.07
54.24	5.07
56.8	1.62
59.09	1.62
61.38	4.39
61.84	4.39
63.73	4.39
64.87	4.41
66.34	5.52
67.21	5.61
69.26	2.98
70.73	0.97
71.7	0.97
73.27	1.77
75.26	1.77
77.96	3.36
78.38	1.33
81.16	2.22
81.44	2.22
81.72	0.49
84.36	0.44
87.83	0.44
90.34	2.89
93.55	5.64
95.34	5.64
95.51	5.64
97.79	1.98
99.2	1.98
101.95	1.98
102.3	4.84
105.37	4.84
105.83	4.84
107.46	2.89
110.7	2.89
113.67	2.89
116.45	3.4
119.33	4.64
122.26	4.64
124.7	4.64
125.82	0.29
127.17	0.29
127.91	5.67
130.1	2.41
132.77	2.41
132.91	5.29
133.43	1.06
133.63	1.06
134.07	3.81
137.07	1.5
139.63	1.12
142.11	1.12
143.09	0.61
146.36	0.61
148.98	0.61
149.56	2.88
151.6	4.25
152.84	5.33
155.26	5.33
156.02	0.87
157.27	0.87
160.23	3.37
161.78	3.37
162.89	2.94
165.38	0.85
168.15	2.85
168.95	2.31
171.02	2.31
172.98	2.31
174.17	2.15
177.17	5.79
180.41	5.79
182.15	4.43
184.27	4.43
186.42	4.43
189.79	5.49
192.9	5.49
194.8	4.56
196.14	4.38
197.8	4.38
199.82	5.34
202.21	5.34
204.49	4.03
204.98	1.35
205.71	4.74
206.4	4.74
209.37	4.74
210.02	2.08
212.91	4.08
215.75	4.08
215.86	4.94
218.69	4.94
220.75	2.92
223.53	2.92
226.97	2.92
228.59	5.78
229.51	5.78
232.5	1.72
234.16	4.25
235.88	4.25
239.29	4.25
240.73	1.05
242.21	1.05
244.73	1.05
247.96	2.37
250.41	2.37
