3.45	2.44
4.7	2.44
5.6	2.18
6.22	2.18
8.4	3.38
8.67	0.34
11.55	0.34
13.87	0.34
16.1	3.97
19.24	3.97
19.47	1.68
20.16	1.68
21.41	0.21
23.68	0.21
24.72	0.21
25.81	2.56
28.4	2.56
28.98	1.99
29.95	1.99
31.16	1.99
34.2	0.55
35.61	0.55
36.46	0.55
37.89	0.27
39.83	4.78
43.08	4.78
43.5	0.86
43.96	0.86
47.31	4.65
48.92	4.65
49.32	2.81
51.79	2.81
55.1	1.88
55.82	0.98
58.89	0.98
59.7	4.57
60.02	4.57
61.68	5.31
62.41	5.31
63.16	5.31
66.24	1.49
68.92	1.49
69.08	1.49
71.79	2.33
72.77	2.33
75.3	3.94
76.65	3.94
78.34	3.94
80.65	5.35
81.35	5.35
83.52	0.93
85.89	0.93
86.07	0.93
89.42	0.31
91.44	4.44
92.78	0.79
95.42	0.79
96.8	1.66
97.68	1.66
98.68	0.98
101.37	0.98
101.7	4.71
104.09	4.71
104.59	5.1
104.82	0.93
106.06	0.93
109.52	0.93
111.48	5.5
112.68	5.5
114.6	5.21
115.18	5.21
115.74	0.83
116.81	1.12
119.99	1.12
121.46	1.12
124.37	3.57
127.58	5.36
130.44	5.36
132.81	4.13
133.78	3.68
136.34	2.74
137.07	2.74
140.48	2.74
140.84	2.79
141.09	5.84
142.27	5.84
143.0	5.43
143.77	5.43
145.62	5.43
147.87	4.61
148.08	4.61
151.21	4.05
152.32	4.05
155.54	4.45
158.19	4.45
160.28	4.45
162.99	5.86
165.24	5.86
165.73	5.86
166.12	4.19
166.29	4.19
168.69	4.19
169.09	2.54
169.63	2.54
170.35	2.54
171.32	2.96
174.36	1.14
175.19	1.14
178.61	5.61
180.47	5.61
181.88	5.61
182.85	2.18
184.7	2.18
187.48	2.18
190.51	3.11
192.19	3.4
194.16	3.4
195.16	3.4
197.77	1.85
198.14	1.85
200.95	1.85
204.08	4.65
207.33	4.65
208.5	4.65
209.12	1.26
212.48	1.26
213.78	1.26
216.81	5.46
219.84	5.46
222.4	4.32
224.39	5.62
225.3	5.62
227.74	2.22
227.9	2.22
229.6	2.22
230.39	1.79
233.15	1.79
236.32	1.79
239.39	2.38
239.51	2.38
240.9	4.64
241.5	0.71
242.55	3.82
244.38	4.3
246.23	4.49
248.04	4.49
251.46	4.49
