2.86	3.83
5.0	3.83
5.82	2.31
6.75	2.31
9.65	4.34
11.75	2.88
14.13	2.88
17.58	2.88
20.55	3.72
22.44	1.22
24.75	2.21
25.57	3.3
29.04	3.3
29.44	3.3
30.31	1.69
30.7	0.83
31.21	1.98
33.66	1.98
34.45	1.98
37.54	3.5
39.79	3.5
40.16	1.34
41.23	1.34
44.68	1.34
47.25	1.78
49.09	1.84
51.02	1.84
52.6	1.84
53.1	0.7
53.79	2.31
55.35	2.31
55.78	2.31
56.05	2.08
57.66	2.85
60.77	5.85
63.21	5.85
65.73	2.67
68.78	2.67
71.34	2.67
72.82	0.28
74.27	0.28
75.43	0.28
77.6	5.9
78.09	3.14
81.29	3.14
83.2	3.14
84.38	5.59
85.87	0.97
88.75	1.13
91.87	4.29
93.96	4.29
95.75	4.29
97.95	5.94
99.66	4.82
100.83	4.82
103.98	0.41
104.57	3.03
105.48	4.36
107.15	4.36
109.45	4.36
112.35	4.85
113.69	4.79
114.59	4.15
116.53	4.15
119.73	4.15
120.82	2.84
124.17	2.85
127.57	1.45
129.67	1.45
129.92	0.38
132.0	2.53
133.84	3.63
137.21	4.98
139.1	0.58
139.66	0.58
142.3	0.58
142.9	4.34
145.71	5.21
146.13	1.74
148.01	2.21
149.66	4.67
151.5	4.67
154.17	4.67
157.49	2.07
158.36	2.07
159.5	2.07
160.92	0.6
163.98	0.6
167.04	0.6
167.3	4.97
169.61	4.97
171.94	5.31
174.79	5.31
176.49	4.77
179.52	5.43
181.75	5.43
184.22	4.42
184.9	4.42
187.42	2.43
188.76	2.43
190.65	2.05
193.14	2.7
195.23	2.7
196.71	0.68
198.78	3.12
199.87	3.35
203.36	3.35
203.91	3.35
204.84	4.57
207.85	4.57
208.7	5.61
211.01	5.61
211.77	4.58
215.13	4.58
218.38	4.58
220.31	2.68
220.45	2.68
221.85	2.68
223.72	0.69
226.47	1.25
229.15	1.25
230.18	1.25
233.53	5.87
235.72	5.87
237.48	2.03
240.89	0.35
242.28	0.35
243.11	0.35
246.01	1.81
248.91	1.81
252.22	0.56
