0.66	3.21
1.16	1.01
1.84	1.01
3.84	1.01
4.54	3.76
6.18	3.76
7.01	3.76
7.78	1.08
10.13	1.08
12.35	1.08
13.98	4.55
14.49	5.22
17.87	4.77
21.05	4.77
21.75	5.47
23.14	5.47
25.05	5.47
26.54	4.04
27.32	4.04
27.56	4.04
30.63	5.82
32.2	3.01
35.4	3.01
36.73	3.01
39.39	0.4
42.19	0.4
44.38	0.4
44.83	4.54
46.53	4.54
49.55	2.74
50.04	3.57
52.05	0.65
53.5	0.65
56.26	0.65
58.11	2.52
61.58	2.52
61.76	2.52
62.24	0.4
63.61	5.85
66.18	1.22
69.65	1.22
72.62	1.22
74.41	5.96
75.32	4.49
77.27	4.49
79.82	0.65
79.97	0.65
83.42	0.65
86.85	5.56
88.66	0.55
88.91	0.55
91.46	1.04
92.81	1.04
95.4	0.3
96.88	1.56
98.98	1.56
101.38	1.56
103.93	0.36
104.4	1.73
104.68	1.73
106.38	1.73
107.09	0.34
108.49	2.22
108.81	2.22
110.05	2.22
111.0	5.82
114.28	5.54
116.02	4.42
116.45	0.97
118.41	0.97
120.63	0.97
123.95	3.16
124.37	3.16
125.28	2.06
127.2	2.06
128.03	2.06
128.58	0.25
129.92	0.25
133.15	1.81
134.42	4.16
135.36	4.16
138.82	4.16
139.11	1.8
141.02	1.8
143.11	1.8
144.12	5.7
146.7	5.7
149.31	5.7
150.39	3.87
153.82	3.87
155.93	3.21
157.55	3.21
157.85	3.21
159.41	5.99
160.2	2.87
160.35	2.87
163.25	2.87
164.76	3.23
167.44	1.6
168.61	1.6
170.19	5.72
172.91	5.72
175.1	1.93
175.51	1.93
177.16	0.34
178.92	0.34
180.88	3.65
181.94	0.87
183.97	0.87
185.89	4.88
189.08	2.05
192.38	2.05
193.52	2.05
195.94	0.32
198.75	4.79
199.61	4.79
200.56	0.96
201.65	0.96
202.99	3.73
204.89	2.97
206.6	2.97
208.44	4.37
209.41	4.37
212.29	4.37
214.21	2.98
214.54	3.17
215.55	0.92
218.04	0.92
221.54	0.92
221.75	5.53
224.4	1.53
226.0	1.53
227.5	2.82
227.99	5.58
228.93	5.58
229.47	5.58
231.35	2.99
232.18	0.43
235.57	0.43
237.79	5.29
237.95	0.63
239.19	3.55
240.19	3.55
241.15	3.55
241.29	4.45
241.49	5.55
242.01	1.17
242.98	3.75
245.99	3.75
248.1	3.75
248.29	0.47
250.95	0.47
