1.89	3.41
2.2	3.41
4.72	3.41
5.95	5.5
6.66	5.5
6.84	5.5
9.71	3.32
10.12	3.32
11.8	3.32
14.33	3.96
16.06	3.96
16.79	1.2
20.15	1.2
22.4	1.2
24.47	3.11
27.05	3.11
27.97	3.11
28.63	5.03
30.5	5.03
33.65	5.03
34.0	4.18
35.38	4.18
37.76	4.18
40.76	5.72
41.18	5.96
41.84	2.67
42.31	2.67
45.33	5.47
46.82	5.47
49.6	5.47
50.72	6.0
52.22	6.0
53.57	2.25
56.8	2.25
60.29	2.25
62.74	2.58
65.95	2.07
67.9	2.07
71.13	6.0
72.3	6.0
74.94	6.0
75.54	3.95
75.78	3.95
78.87	5.9
81.79	5.9
83.84	2.65
84.82	2.65
85.51	3.75
86.01	0.67
86.46	4.7
87.67	4.7
90.51	1.61
92.3	1.61
93.95	4.69
95.34	4.73
96.2	5.47
96.99	4.67
98.36	4.67
100.67	4.67
101.07	2.36
103.34	3.13
104.46	3.13
106.51	2.77
108.97	0.85
109.55	1.57
111.0	5.12
112.82	5.12
113.15	5.83
114.95	5.83
115.5	4.94
116.68	4.94
119.79	2.96
121.87	2.96
125.35	2.96
125.76	5.84
127.62	5.84
129.26	5.84
129.89	2.47
132.84	2.47
135.47	2.47
137.92	2.7
140.16	2.7
141.4	2.84
144.68	4.7
145.28	4.7
145.88	0.37
147.62	5.25
148.42	5.25
150.55	5.25
153.61	5.67
156.31	3.01
157.05	3.72
158.84	3.72
158.97	3.91
161.5	4.93
162.69	4.93
165.93	4.93
167.8	4.5
169.68	4.5
170.63	5.01
171.62	5.01
172.38	5.01
173.71	0.32
176.36	0.32
178.77	4.14
180.19	4.14
180.39	4.14
182.63	4.13
183.12	4.13
185.6	1.28
186.24	1.28
188.06	1.05
190.15	1.05
193.09	0.43
193.7	0.25
196.87	0.25
198.69	0.25
201.26	3.71
201.79	3.71
203.26	5.64
206.18	5.64
206.72	3.71
208.13	3.71
209.0	3.71
210.76	5.98
212.88	5.97
213.6	1.91
214.58	1.91
216.03	1.91
218.32	0.79
219.05	0.92
221.69	2.97
222.86	2.97
224.74	2.97
225.4	2.39
227.63	2.39
230.15	0.85
231.55	3.96
233.4	4.94
235.14	4.94
235.76	3.64
238.09	2.68
239.78	1.68
240.48	2.27
243.83	5.11
246.56	1.15
248.63	5.79
251.57	5.79
