1.15	1.01
2.13	5.91
3.78	5.91
4.09	5.91
4.86	5.8
5.39	4.38
8.28	4.38
9.64	0.68
10.34	3.85
12.68	3.85
14.27	3.85
17.4	4.76
19.83	4.76
20.55	4.76
23.23	5.08
23.99	5.08
25.55	5.08
26.44	5.47
28.96	5.47
30.67	1.16
31.83	2.09
33.95	4.43
35.65	4.43
37.41	3.9
38.05	3.9
39.27	2.37
40.9	2.37
43.05	2.37
45.25	2.75
46.02	2.75
49.36	2.75
49.51	0.75
50.25	0.75
53.0	3.33
55.6	4.96
56.4	4.96
58.03	3.27
58.33	3.27
61.25	2.33
63.3	2.33
63.82	3.68
64.6	3.68
66.89	3.68
69.63	4.08
70.97	4.08
72.77	4.3
73.82	4.82
74.83	5.51
75.18	5.51
75.57	5.51
76.54	3.39
76.68	3.39
77.0	3.39
78.96	3.94
82.39	3.94
83.95	5.0
85.11	5.0
86.4	5.0
88.67	5.48
91.61	5.48
94.51	2.59
97.45	2.59
99.73	2.59
103.06	2.35
106.2	2.35
108.88	2.35
111.41	2.95
112.64	4.18
115.44	4.18
118.59	5.17
121.44	5.17
123.06	0.96
125.62	0.96
126.74	0.96
129.64	3.71
130.63	3.71
131.1	3.71
133.51	2.87
135.64	2.87
138.45	2.87
138.91	0.98
139.13	3.3
140.49	3.3
142.56	3.8
145.92	3.98
147.83	3.98
148.41	3.98
150.79	2.74
151.79	2.74
153.76	5.41
154.99	5.76
155.48	5.76
157.05	5.76
158.91	0.87
162.34	0.87
164.4	4.07
165.94	4.07
167.13	5.31
168.52	1.59
169.47	1.01
172.26	1.63
174.55	3.97
176.51	1.82
178.93	1.82
180.88	1.82
184.02	0.57
186.68	0.57
187.94	4.55
188.07	4.51
190.01	5.72
190.22	2.0
190.62	3.88
192.06	3.88
192.22	3.88
193.69	4.23
196.74	1.68
199.74	1.68
200.56	1.03
203.96	1.03
204.22	1.03
204.45	0.29
206.83	0.29
208.18	0.29
210.85	1.61
211.47	1.84
212.34	1.84
213.42	1.13
214.37	4.89
216.2	4.89
218.84	4.3
219.96	4.3
222.2	4.3
225.11	1.59
228.38	1.59
230.66	1.31
233.35	4.64
235.64	4.64
235.78	4.64
236.7	0.36
238.43	0.36
238.93	4.06
239.35	4.06
241.47	2.96
244.03	2.96
247.17	0.45
250.45	2.96
