1.43	2.05
1.57	1.71
3.94	1.71
4.51	1.71
6.87	3.49
7.62	1.6
10.62	2.19
11.72	2.19
11.85	2.19
13.88	4.1
16.39	4.1
19.58	4.1
22.63	0.28
24.35	0.28
27.24	0.61
28.68	4.14
31.29	2.2
34.09	2.2
35.36	2.2
37.32	2.28
37.47	2.28
40.75	1.52
43.86	1.52
46.55	1.52
50.04	1.45
53.26	2.39
56.68	2.39
59.49	4.49
61.48	3.28
61.7	3.28
64.52	2.41
66.72	2.41
67.25	5.76
69.85	4.66
71.66	4.66
74.99	4.66
75.4	3.36
77.25	3.36
79.12	3.36
81.05	5.93
83.69	1.66
85.47	1.66
87.37	3.29
89.57	3.29
91.88	0.52
93.03	3.5
96.09	3.09
96.29	5.12
98.09	5.12
99.21	5.12
102.26	5.75
105.51	5.75
106.81	5.75
108.18	0.34
108.33	0.34
111.69	0.34
113.07	0.42
114.65	0.42
117.63	0.42
117.86	5.38
119.61	5.38
122.96	5.38
123.35	0.8
124.37	0.8
124.72	0.8
127.6	5.92
130.45	5.22
132.87	4.24
135.58	4.24
138.33	4.24
141.23	5.32
141.63	5.32
143.97	5.32
146.52	4.68
149.88	4.68
152.21	4.68
155.2	5.54
158.24	1.81
159.9	3.32
162.05	2.72
165.25	2.72
167.09	4.19
170.09	4.19
172.44	4.19
175.78	5.31
177.73	5.31
178.6	5.31
179.58	0.77
180.44	2.88
182.47	2.88
184.46	2.88
185.53	4.24
186.82	4.24
189.6	4.24
191.19	4.05
192.88	4.66
193.95	2.42
194.17	5.99
196.6	5.99
198.21	5.99
200.59	3.67
202.97	2.69
205.01	2.69
207.79	0.82
208.56	0.82
209.81	0.82
212.88	4.68
213.88	4.68
215.66	4.68
217.19	1.57
217.59	2.35
218.04	5.21
219.66	5.21
222.65	5.21
224.13	2.39
226.27	2.39
227.78	2.39
230.51	1.41
233.86	1.41
237.31	2.81
238.54	2.81
241.81	2.72
243.41	2.72
244.49	2.99
245.06	4.45
247.25	1.92
249.91	1.92
253.03	1.92
