1.26	5.2
3.02	3.91
5.47	3.91
7.64	3.91
10.86	2.0
11.62	3.35
14.04	3.35
14.36	1.37
14.78	1.37
15.49	5.19
16.51	4.09
18.81	3.57
20.79	3.57
21.02	4.72
23.55	4.72
24.81	4.72
26.64	5.64
30.05	5.64
30.58	5.64
32.94	3.74
35.45	3.74
38.59	5.74
39.87	4.59
41.01	1.57
42.93	1.57
43.87	1.87
46.18	1.87
48.31	2.04
50.29	1.12
51.53	2.36
51.97	3.88
53.56	3.88
55.99	3.88
57.97	3.23
58.6	3.23
59.57	2.5
60.8	2.5
62.26	4.22
65.51	4.22
68.1	0.92
70.39	0.92
70.75	0.69
71.11	0.69
73.31	0.69
75.15	1.08
76.49	3.9
78.78	2.01
79.61	2.01
81.86	2.01
83.99	4.51
84.12	2.44
85.57	2.44
86.31	2.44
87.46	4.53
87.75	4.42
89.63	3.26
92.23	3.26
94.5	2.33
97.11	2.33
99.17	2.33
100.48	1.03
101.74	1.03
104.21	1.03
104.46	2.54
107.74	5.63
111.21	5.63
112.94	5.1
113.22	1.76
114.9	1.76
117.97	3.2
118.95	3.2
119.19	0.55
121.8	0.55
121.98	4.04
123.92	3.21
125.25	4.5
126.74	4.5
127.66	4.5
130.63	3.67
132.99	3.67
136.03	3.67
137.54	3.43
141.01	3.43
142.48	3.43
144.71	0.2
146.68	0.2
149.31	1.18
151.17	1.18
154.42	1.18
155.34	0.26
157.59	2.04
158.65	1.92
160.44	1.92
162.59	4.84
165.46	3.69
168.11	3.69
170.22	3.69
173.64	4.23
176.77	4.23
178.21	4.23
180.99	5.82
183.94	5.82
186.7	0.71
189.83	0.48
191.5	1.43
194.19	1.43
195.28	3.24
196.62	3.24
198.31	3.24
199.46	2.78
200.07	2.78
200.44	4.58
200.81	4.58
201.02	3.59
204.3	5.42
207.22	5.42
208.37	5.42
211.17	4.43
214.59	4.43
216.48	1.61
218.53	4.5
221.11	4.5
223.12	4.5
225.66	1.37
226.78	3.85
228.15	3.85
229.29	2.75
232.65	5.06
233.85	5.25
235.29	5.25
236.87	5.25
240.3	5.42
242.4	5.42
243.03	0.52
245.91	0.52
247.34	0.52
247.87	1.25
248.14	0.53
251.21	0.53
