0.97	0.53
1.88	0.53
5.08	5.42
5.35	5.61
5.67	5.61
7.3	4.04
8.28	1.23
10.3	1.23
11.26	1.23
12.58	5.78
15.47	5.78
16.31	3.93
18.31	5.84
21.48	5.84
21.68	5.84
22.89	0.72
23.72	0.72
26.04	3.58
27.56	3.58
28.09	3.58
31.13	1.81
32.27	1.81
33.4	1.81
36.85	5.48
38.58	5.48
41.44	5.48
44.01	3.08
46.49	0.69
48.42	0.69
49.16	1.81
50.75	0.3
51.97	3.71
54.04	3.71
57.09	4.0
57.9	4.0
59.86	2.12
60.84	2.8
62.45	2.8
65.66	3.95
67.37	3.29
68.2	3.29
69.11	2.28
72.33	5.55
73.2	5.55
74.94	5.55
75.15	4.15
77.1	4.15
80.16	4.15
82.27	2.62
85.59	2.62
85.74	2.62
87.85	3.77
90.02	3.77
90.92	3.77
93.7	3.69
96.69	5.75
99.06	5.75
100.05	5.75
100.67	4.93
102.07	4.93
103.42	4.93
105.72	5.77
108.6	5.77
108.7	0.48
108.89	5.93
109.32	0.63
112.63	0.63
115.41	0.63
116.15	5.28
117.62	5.28
119.94	5.67
121.48	5.67
124.21	5.67
126.2	0.29
129.13	0.29
131.6	0.29
132.65	3.66
132.87	3.66
136.09	1.26
137.05	1.26
139.39	1.26
140.01	1.5
142.53	0.71
145.49	4.02
147.19	4.02
148.97	2.53
151.05	5.62
154.04	5.62
154.39	2.37
154.79	2.37
157.18	3.57
158.67	3.57
160.75	0.87
161.37	0.87
164.59	0.87
167.84	2.12
171.18	2.12
172.51	2.12
175.94	0.28
178.91	0.28
179.87	0.28
182.18	2.25
182.92	3.92
185.15	3.92
187.2	4.1
188.38	4.1
190.36	4.89
191.62	4.97
192.7	0.84
194.42	0.84
196.42	0.84
197.23	3.36
198.93	3.36
201.59	2.14
202.44	2.59
204.76	2.59
206.59	2.59
209.04	2.28
211.05	2.28
211.7	2.28
211.87	1.09
214.44	1.09
217.11	3.79
217.24	3.79
219.2	5.67
220.49	3.08
223.32	4.42
225.86	4.42
226.03	4.42
229.38	2.54
232.04	2.54
235.16	2.4
238.33	1.65
238.47	1.65
241.17	1.65
242.95	4.74
243.3	4.67
246.65	4.67
248.72	4.67
249.06	2.74
251.86	3.64
