1.93	0.44
2.09	0.44
3.49	2.08
5.26	5.32
7.65	5.32
8.51	4.89
11.09	4.89
11.75	5.47
14.31	3.87
17.71	3.87
18.69	5.08
19.66	5.08
19.96	5.08
22.41	3.95
23.41	1.05
24.0	1.05
24.47	1.05
24.64	4.9
27.85	5.26
28.49	5.26
31.58	2.98
32.15	2.98
34.28	2.98
34.83	3.48
37.03	1.12
38.15	5.3
39.0	5.26
42.23	3.63
43.44	3.63
43.54	3.91
44.8	3.91
46.27	2.38
48.37	2.38
49.18	3.69
52.67	3.69
55.33	5.06
57.84	5.06
60.32	2.59
61.06	3.02
62.66	2.51
66.15	2.51
66.91	0.26
69.86	0.26
73.21	0.26
74.01	2.13
76.83	2.13
80.24	4.81
83.59	4.81
84.47	0.63
86.95	5.1
88.39	5.1
91.19	0.83
92.08	1.04
95.3	1.04
97.8	1.22
98.07	0.59
98.19	3.42
100.96	3.42
101.16	2.67
104.23	2.67
105.19	4.11
107.84	5.15
108.66	2.03
111.28	2.55
111.45	2.55
114.06	3.57
114.74	3.57
116.27	3.67
118.95	3.67
121.04	1.96
124.15	1.96
124.53	1.96
124.72	1.69
126.88	1.69
129.61	0.49
130.65	1.43
133.34	1.43
135.1	1.43
137.42	5.9
138.48	4.5
139.71	4.5
142.27	4.17
144.44	4.17
147.57	4.17
148.35	3.31
148.56	2.83
151.68	2.83
153.76	2.83
155.62	0.49
156.15	5.82
159.14	5.82
162.06	5.82
163.69	1.0
164.49	1.0
165.26	1.19
167.11	1.06
168.58	5.09
171.97	5.09
174.64	4.49
175.28	0.58
177.3	0.58
179.66	5.42
180.92	5.42
181.75	5.42
184.73	2.04
185.89	5.32
189.01	5.32
191.49	1.65
193.95	2.16
194.13	2.16
194.58	0.45
195.89	4.11
199.29	4.11
200.19	0.46
200.55	3.06
201.95	3.06
202.81	0.69
203.71	1.05
205.87	1.05
208.38	1.05
209.45	5.03
212.15	3.11
213.78	3.11
214.95	5.99
218.18	4.95
219.25	4.95
222.01	0.31
222.99	4.17
225.72	4.17
226.78	4.17
228.0	0.62
230.64	0.62
233.22	3.75
234.21	3.75
236.13	3.67
237.71	0.8
238.79	0.8
240.82	0.8
242.94	4.77
243.23	2.49
243.72	3.9
245.01	3.9
248.46	2.13
249.22	2.13
252.41	2.13
