0.63	0.37
2.71	0.37
4.49	0.37
7.96	0.64
11.08	1.21
12.53	1.21
12.68	2.89
14.81	5.62
15.84	4.73
19.33	4.73
22.28	4.73
24.99	0.34
28.1	0.34
29.32	0.34
30.42	1.13
30.69	1.13
31.52	4.19
32.12	4.19
32.67	4.19
32.87	3.18
35.82	3.18
36.78	4.05
39.28	3.83
42.28	4.69
42.68	3.44
45.92	3.44
47.63	0.71
49.14	0.71
52.5	0.71
54.37	4.3
55.54	4.3
56.23	4.2
59.35	4.2
62.62	4.2
65.29	0.89
67.48	0.89
68.91	3.8
69.14	3.8
72.15	2.52
73.79	5.34
75.12	2.28
77.12	2.28
78.28	0.66
80.24	0.66
81.21	3.42
83.45	4.63
85.56	5.91
87.62	3.58
89.66	3.58
92.41	3.81
95.15	3.81
96.19	3.58
98.4	3.58
100.86	2.28
104.04	2.28
104.76	5.4
105.03	5.4
105.8	5.4
106.91	2.14
108.5	2.14
109.47	2.14
111.89	3.89
114.02	2.98
116.24	2.98
118.32	2.98
121.08	4.74
122.93	4.74
125.77	4.74
127.6	0.27
130.75	0.27
133.81	0.27
134.45	1.19
136.83	5.62
138.19	1.13
139.72	0.74
141.94	0.74
144.02	1.42
144.36	5.92
147.2	5.01
147.84	5.01
149.03	5.01
150.32	5.36
153.37	5.36
155.8	3.0
157.88	3.0
159.03	4.63
160.31	4.63
162.87	5.12
164.46	5.12
165.02	3.95
167.37	3.95
169.2	3.95
171.78	1.52
173.8	1.52
175.09	1.52
178.14	0.91
179.4	0.91
180.87	0.91
182.02	0.2
185.37	0.2
187.05	0.2
190.52	3.24
191.66	4.98
194.19	4.98
196.05	4.98
198.96	1.26
201.01	1.26
201.78	1.26
204.79	4.28
206.83	4.28
208.68	4.29
208.97	4.29
211.74	4.29
214.6	3.36
215.82	3.36
218.49	3.36
221.79	1.43
222.6	1.43
222.9	5.82
224.94	5.82
226.87	5.82
227.27	3.26
227.98	3.26
231.29	1.87
231.61	3.76
235.07	3.76
237.64	3.76
239.34	3.09
240.44	1.16
242.62	1.16
243.61	1.16
247.02	1.3
249.34	3.01
250.78	3.54
