0.13	0.22
3.6	0.22
4.09	0.22
4.54	0.6
4.99	0.9
7.02	0.61
8.39	0.32
11.1	0.48
12.82	0.48
15.31	0.77
17.64	0.77
19.55	0.77
22.97	0.95
24.97	0.95
28.0	0.95
30.7	0.72
33.49	0.48
36.38	0.48
39.76	0.48
42.66	0.38
45.59	0.8
46.39	0.66
49.64	0.66
51.38	0.66
54.55	0.72
54.75	0.72
55.91	0.21
58.08	0.38
58.59	0.38
61.49	0.38
63.82	0.71
67.17	0.71
67.37	0.71
69.69	0.65
71.12	0.65
72.73	0.56
73.77	0.56
75.44	0.81
77.6	0.81
80.63	0.81
82.02	0.99
84.77	0.99
87.64	0.62
91.1	0.93
93.32	0.93
96.69	0.73
99.93	0.74
101.66	0.74
105.12	0.74
107.56	0.27
109.09	0.73
110.69	0.73
110.92	0.78
113.97	0.78
114.27	0.78
116.95	0.59
117.7	0.73
117.83	0.73
119.26	0.27
120.41	0.27
122.33	0.27
123.1	0.51
123.92	0.51
126.67	0.81
129.74	0.81
131.52	0.94
134.93	0.94
137.46	0.94
140.8	0.59
141.8	0.59
144.01	0.59
147.27	0.24
148.27	0.71
150.3	0.71
151.54	0.72
153.94	0.53
157.02	0.45
157.59	0.45
159.94	0.45
160.42	0.54
162.37	0.54
163.83	0.54
164.86	0.96
166.22	0.96
168.42	0.96
170.44	0.73
173.65	0.73
176.21	0.73
178.92	0.85
179.38	0.85
182.24	0.94
182.92	0.93
183.49	0.59
184.55	0.33
185.19	0.33
185.34	0.96
186.11	0.96
186.6	0.96
187.54	0.67
187.91	0.7
191.2	0.7
192.28	0.7
192.49	0.24
194.02	0.24
196.68	0.66
197.45	0.66
200.33	0.59
203.61	0.59
204.59	0.59
206.53	0.97
209.12	0.97
212.54	0.97
215.99	0.43
218.95	0.43
221.05	0.43
222.41	0.91
223.38	0.35
224.83	0.35
226.49	0.73
228.49	0.73
228.75	0.73
231.99	0.25
233.34	0.25
233.78	0.25
235.75	0.29
238.21	0.29
238.88	0.22
241.25	0.98
243.76	0.94
245.42	0.94
248.12	0.37
250.4	0.86
