1.13	0.43
1.78	0.99
2.13	0.84
4.69	0.84
5.21	0.84
6.43	0.37
7.48	0.37
10.87	0.37
11.97	0.34
14.3	0.34
16.03	0.34
17.07	0.25
18.7	0.25
22.06	0.25
25.15	0.63
26.93	0.63
29.23	0.81
30.08	0.81
32.4	0.81
35.61	0.73
38.24	0.48
39.37	0.48
41.37	0.44
43.61	0.44
45.52	0.27
47.74	0.27
49.58	0.36
50.89	0.81
52.43	0.94
54.82	0.47
57.06	0.47
58.01	0.47
61.38	0.8
62.79	0.8
63.58	0.8
65.75	0.39
68.99	0.42
70.43	0.42
71.36	0.53
73.19	0.53
73.61	0.53
75.25	0.76
77.08	0.76
77.42	0.7
80.51	0.21
83.0	0.21
85.93	0.21
87.83	0.3
91.21	0.23
91.65	0.23
93.47	0.23
96.92	0.91
98.32	0.91
98.48	0.91
100.09	0.32
100.44	0.91
101.32	0.91
104.45	0.91
106.43	0.49
109.15	0.49
109.46	0.49
109.61	0.75
111.73	0.75
113.52	0.75
115.87	0.43
116.64	0.43
117.35	0.43
119.9	0.88
121.97	0.96
122.31	0.97
123.19	0.97
124.26	0.99
124.58	0.99
126.79	0.99
128.62	0.78
130.89	0.78
133.03	0.78
133.9	0.4
137.3	0.4
139.3	0.4
140.94	0.94
142.74	0.78
145.07	0.78
147.63	0.78
150.93	0.85
151.07	0.85
153.52	0.85
155.61	0.62
157.32	0.62
157.98	0.7
159.97	0.7
162.92	0.7
163.11	0.53
165.0	0.53
168.12	0.53
169.34	0.8
169.74	0.69
171.85	0.72
173.03	0.72
174.75	0.3
175.06	0.3
175.59	0.3
178.4	0.62
178.81	0.62
181.13	0.62
184.61	0.74
185.14	0.74
185.9	0.74
189.3	0.75
190.73	0.75
192.04	0.75
192.59	0.53
193.14	0.53
194.27	0.53
195.31	0.39
197.36	0.83
198.25	0.83
201.5	0.69
202.32	0.69
203.0	0.69
205.99	0.56
207.94	0.56
209.14	0.56
211.11	0.92
212.48	0.92
214.74	0.92
216.01	0.74
217.49	0.74
219.23	0.74
221.85	0.47
222.7	0.47
225.96	0.91
227.84	0.91
230.99	0.29
234.31	0.36
236.91	0.36
238.62	0.36
239.07	0.5
240.33	0.5
241.62	0.5
245.07	0.31
246.95	0.31
247.88	0.55
248.71	0.46
249.35	0.46
249.67	0.42
250.31	0.23
