0.47	0.42
1.12	0.42
3.54	0.55
4.77	0.55
5.61	0.88
9.0	0.92
9.66	0.92
11.72	0.73
15.09	0.73
16.17	0.52
18.15	0.61
18.34	0.61
18.92	0.95
21.84	0.98
25.14	0.98
25.48	0.75
26.05	0.51
29.17	0.51
30.21	0.87
32.98	0.87
34.92	0.85
36.24	0.85
39.17	0.85
39.28	0.66
39.94	0.29
42.59	0.29
44.67	0.35
46.83	0.35
48.7	0.35
49.18	1.0
52.62	1.0
52.95	0.61
53.64	0.61
54.12	0.39
54.63	0.39
56.65	0.48
59.41	0.76
62.46	0.76
63.27	0.76
65.03	0.52
65.83	0.52
67.59	0.34
68.9	0.34
69.16	0.21
71.76	0.21
74.93	0.69
77.11	0.6
79.46	0.6
80.03	0.68
82.6	0.68
83.92	0.99
87.06	0.99
89.23	0.99
90.51	0.54
93.61	0.82
93.93	0.9
94.42	0.5
94.77	0.5
96.47	0.51
99.57	0.3
101.67	0.3
104.57	0.3
106.54	0.26
107.45	0.26
109.21	0.26
112.44	0.7
114.31	0.7
114.79	0.7
118.04	0.96
119.03	0.63
122.08	0.63
122.89	0.63
125.05	0.96
127.62	0.96
128.97	0.96
130.04	0.7
133.1	0.7
134.89	0.7
137.79	0.8
139.82	0.8
141.84	0.8
143.07	0.36
144.3	0.36
146.81	0.36
149.82	0.83
150.03	0.95
150.9	0.95
152.8	0.7
153.38	0.7
155.27	0.7
156.84	0.89
157.88	0.89
158.1	0.36
160.89	0.62
162.42	0.62
165.52	0.78
168.22	0.78
170.29	0.93
172.72	0.93
173.17	0.93
175.54	0.31
177.67	0.31
179.76	0.34
181.28	0.34
182.19	1.0
184.26	1.0
184.91	0.7
187.49	0.7
189.49	0.7
191.64	0.53
192.67	0.53
194.94	0.38
197.95	0.38
201.08	0.4
202.0	0.4
204.49	0.4
205.36	0.9
207.11	0.53
208.64	0.53
209.61	0.52
210.84	0.52
214.2	0.52
215.82	0.62
219.02	0.62
221.48	0.72
223.94	0.72
226.32	0.72
229.7	0.47
229.85	0.47
233.14	0.96
236.48	0.35
236.96	0.35
239.53	0.85
241.4	0.85
242.04	0.85
242.85	0.95
243.28	0.95
244.11	0.95
246.17	0.86
247.52	0.86
248.34	0.97
250.46	0.97
