2.76	0.54
5.49	0.61
8.4	0.61
8.79	0.76
9.26	0.29
10.49	0.58
11.38	0.72
14.59	0.72
14.89	0.72
17.74	0.57
20.34	0.57
23.15	0.57
24.68	0.98
25.79	0.49
27.13	0.92
27.87	0.92
28.69	0.41
30.37	0.45
33.7	0.6
35.3	0.47
36.7	0.47
38.23	0.47
38.43	0.85
39.96	0.96
40.94	0.96
41.85	0.22
44.64	0.22
45.8	0.28
46.71	0.52
50.04	0.35
50.23	0.35
52.82	0.35
54.5	0.69
55.25	0.69
57.42	0.69
59.26	0.65
62.06	0.65
62.36	0.25
64.03	0.47
64.92	0.47
67.3	0.47
70.7	0.42
72.07	0.42
75.32	0.42
76.53	0.37
76.69	0.37
78.28	0.97
79.28	0.97
81.45	0.97
84.45	0.76
85.28	0.76
85.66	1.0
87.28	0.24
88.39	0.24
89.03	0.24
91.33	0.43
94.48	0.43
96.77	0.2
97.22	0.85
100.21	0.85
100.6	0.78
103.27	0.78
105.04	0.8
106.02	0.8
107.48	0.32
109.85	0.32
112.29	0.32
112.45	0.91
114.42	0.91
115.79	0.46
116.84	0.46
120.25	0.78
121.41	0.93
123.71	0.93
126.47	0.93
129.45	0.82
131.53	0.82
132.06	0.82
135.06	0.63
135.38	0.27
136.73	0.27
139.12	0.27
140.8	0.23
143.56	0.8
143.83	0.95
144.34	0.95
147.68	0.95
148.24	0.83
149.43	0.89
152.12	0.69
154.83	0.69
155.25	0.69
157.01	0.86
160.15	0.3
161.92	0.73
164.55	0.73
165.65	0.21
167.48	0.83
170.76	0.54
173.0	0.54
175.17	0.94
177.79	0.94
178.12	0.33
180.33	0.33
182.82	0.33
183.22	0.28
184.54	0.28
186.16	0.62
188.47	0.83
191.8	0.83
193.22	0.83
196.11	0.23
197.1	0.44
200.19	0.49
200.75	0.49
202.78	0.45
205.55	0.74
206.34	0.74
208.59	0.74
211.09	0.66
214.23	0.66
215.77	0.64
218.73	0.64
220.74	0.32
222.14	0.42
224.87	0.61
225.44	0.61
226.55	0.61
229.19	0.39
229.84	0.39
231.3	0.39
233.84	0.84
234.58	0.76
236.07	0.35
238.77	0.68
241.79	0.41
244.32	0.41
244.65	0.77
245.71	0.77
246.06	0.77
247.65	0.99
250.83	0.88
