2.99	0.47
6.16	0.47
7.65	0.47
11.03	0.59
13.02	0.59
14.5	0.59
15.27	0.65
17.21	0.46
20.58	0.46
21.58	0.64
23.79	0.64
25.83	0.64
26.21	0.21
29.4	0.21
32.84	0.89
33.51	1.0
33.96	1.0
36.87	0.36
37.98	0.36
39.3	0.36
40.89	0.43
41.87	0.43
42.66	0.64
46.14	0.64
48.9	0.64
51.36	0.84
51.52	0.84
52.11	0.29
53.26	0.29
55.39	0.29
58.67	0.94
61.12	0.27
64.46	0.68
65.41	0.8
65.94	0.8
67.22	0.8
67.73	0.35
68.67	0.35
71.91	0.64
72.78	0.64
74.78	0.64
74.92	0.46
75.71	0.27
78.08	0.27
79.89	0.36
80.57	0.36
81.66	0.68
84.81	0.68
88.07	0.68
90.49	0.79
93.18	0.37
95.23	0.93
98.08	0.93
101.44	0.91
104.68	0.68
105.82	0.68
105.93	0.68
109.27	0.83
111.84	0.83
112.8	0.83
113.69	0.75
114.83	0.75
116.96	0.75
117.68	0.58
119.14	0.58
122.49	0.58
123.78	0.79
126.15	0.79
126.83	0.79
127.02	0.8
127.13	0.8
129.6	0.76
131.42	0.76
132.39	0.76
134.27	1.0
137.02	1.0
140.01	1.0
143.38	0.39
143.91	0.39
147.02	0.39
147.67	0.58
150.5	0.58
152.9	0.63
153.81	0.54
154.83	0.61
156.52	0.28
159.07	0.28
160.09	1.0
162.75	1.0
163.43	1.0
163.79	0.27
166.73	0.27
169.18	0.27
170.28	0.9
171.87	0.9
174.15	0.9
177.41	0.34
179.64	0.34
180.62	0.34
183.12	0.77
186.21	0.57
188.49	0.65
190.1	0.65
193.49	0.41
195.82	0.41
199.31	0.41
202.4	0.25
204.57	0.3
205.93	0.3
207.7	0.3
209.27	0.56
210.45	0.71
211.92	0.29
213.58	0.29
214.14	0.29
214.34	0.53
215.67	0.52
217.94	0.52
218.66	0.91
219.51	0.91
221.81	0.91
224.28	0.8
225.7	0.8
228.14	0.6
229.38	0.6
231.14	0.6
234.42	0.8
237.18	0.8
238.61	0.5
238.81	0.29
239.49	0.29
242.02	0.29
244.32	0.89
247.25	0.89
249.1	0.89
250.13	0.21
