1.91	0.36
3.02	0.36
5.52	0.36
7.67	0.49
9.31	0.49
12.65	0.22
12.95	0.22
14.74	0.22
16.13	0.52
18.58	0.52
21.19	0.84
24.0	0.84
25.56	0.22
26.97	0.22
30.36	0.22
30.73	0.31
32.64	0.31
33.47	0.31
35.57	0.51
38.63	0.62
41.28	0.62
41.58	0.62
45.08	0.85
45.83	0.85
47.12	0.85
49.58	0.54
52.62	0.54
55.67	0.46
55.8	0.82
55.91	0.82
57.97	0.36
59.07	0.36
61.46	0.36
64.85	0.53
65.57	0.21
67.09	0.21
69.7	0.21
71.45	0.33
71.97	0.33
72.2	0.65
75.23	0.88
78.56	0.88
81.75	0.88
82.85	0.73
83.51	0.73
86.42	0.99
88.73	0.85
91.89	0.85
95.13	1.0
98.02	0.69
98.24	0.69
99.07	0.99
100.83	0.4
101.92	0.4
104.9	0.79
105.41	0.79
108.53	0.79
110.69	0.2
111.1	0.2
112.48	0.91
112.77	0.91
115.3	0.91
116.75	0.83
117.08	0.83
120.08	0.83
122.61	0.93
123.85	0.93
125.48	0.93
127.85	0.7
129.65	0.54
131.66	0.54
132.06	0.54
134.16	0.65
135.69	0.65
138.16	0.65
141.01	0.67
143.1	0.66
144.01	0.79
146.79	0.71
147.33	0.92
148.29	0.31
151.1	0.31
154.36	0.23
157.75	0.75
161.13	0.75
164.32	0.75
165.76	0.39
168.85	0.39
170.33	0.39
173.48	0.22
176.22	0.22
179.44	0.22
181.55	0.81
183.37	0.81
183.51	0.97
186.25	0.45
189.19	0.7
190.99	0.7
192.01	0.38
192.44	0.38
192.63	0.38
193.17	0.97
196.11	0.97
197.01	0.63
199.95	0.63
201.84	0.63
205.28	0.55
206.88	0.55
209.34	0.96
210.81	0.38
213.11	0.38
215.38	0.64
218.48	0.64
219.35	0.44
219.9	0.44
221.33	0.44
222.57	0.71
224.36	0.71
225.02	0.48
225.16	0.48
228.62	0.98
229.49	0.78
231.06	0.78
233.77	0.78
237.23	0.4
240.0	0.4
242.18	0.35
243.0	0.64
244.45	0.64
247.54	0.34
249.28	0.9
252.17	0.9
