3.03	0.24
5.68	0.24
7.54	0.51
10.34	0.51
13.82	0.51
16.23	0.44
17.54	0.44
20.64	0.44
22.02	0.23
23.12	0.23
23.85	0.23
24.79	0.31
25.75	0.31
26.71	0.31
30.13	0.87
32.53	0.87
34.71	0.87
35.85	0.65
37.51	0.65
38.56	0.57
41.86	0.96
44.34	0.8
44.49	0.8
44.85	0.42
46.5	0.42
48.77	0.9
49.89	0.9
50.8	0.9
53.21	0.9
55.0	0.9
58.16	0.9
61.32	0.59
64.47	0.59
67.64	0.59
68.15	0.45
68.74	0.45
71.32	0.45
72.14	0.84
72.33	0.31
73.87	0.31
75.99	0.31
78.14	0.31
78.43	0.35
81.44	0.35
84.68	0.82
86.57	0.82
87.68	0.64
88.67	0.68
91.5	0.68
91.95	0.68
94.23	0.9
94.82	0.9
97.09	0.59
97.72	0.3
99.62	0.73
100.58	0.69
103.73	0.69
105.34	0.69
105.85	0.65
108.37	0.25
109.99	0.25
111.22	0.25
111.63	0.41
114.94	0.41
115.96	0.83
116.49	0.83
118.21	0.35
119.55	0.92
121.82	0.92
122.07	0.93
122.51	0.93
124.45	0.71
126.86	0.71
129.98	0.71
133.18	0.72
133.54	0.72
135.61	0.72
136.54	0.76
139.69	0.38
143.13	0.38
146.03	0.38
147.38	0.2
150.17	0.2
151.18	0.69
152.25	0.69
155.4	0.26
158.69	0.26
161.18	0.58
163.59	0.58
164.81	0.58
165.11	0.54
165.31	0.54
165.8	0.7
166.61	0.38
167.12	0.38
168.52	0.8
171.09	0.8
171.33	0.8
173.53	0.8
176.16	0.4
179.46	0.81
181.69	0.81
182.49	0.81
183.92	0.89
185.69	0.81
186.84	0.81
188.89	0.81
190.64	0.26
191.62	0.26
194.71	0.26
197.22	0.52
199.32	0.94
201.45	0.94
204.92	0.77
205.47	0.46
206.42	0.46
207.37	0.5
208.92	0.5
210.0	0.37
212.38	0.37
215.63	0.86
218.45	0.86
221.31	0.34
224.47	0.34
227.55	0.34
228.76	0.33
229.12	0.33
231.76	0.33
235.24	0.39
235.61	0.39
237.44	1.0
237.71	1.0
239.46	1.0
242.79	0.91
244.07	0.91
244.31	0.91
245.02	0.93
246.61	0.93
247.43	0.93
250.54	0.34
