1.93	0.23
2.09	0.23
3.49	0.46
5.26	0.91
7.65	0.91
8.51	0.85
11.09	0.85
11.75	0.93
14.31	0.71
17.71	0.71
18.69	0.87
19.66	0.87
19.96	0.87
22.41	0.72
23.41	0.32
24.0	0.32
24.47	0.32
24.64	0.85
27.85	0.9
28.49	0.9
31.58	0.58
32.15	0.58
34.28	0.58
34.83	0.65
37.03	0.33
38.15	0.9
39.0	0.9
42.23	0.67
43.44	0.67
43.54	0.71
44.8	0.71
46.27	0.5
48.37	0.5
49.18	0.68
52.67	0.68
55.33	0.87
57.84	0.87
60.32	0.53
61.06	0.59
62.66	0.52
66.15	0.52
66.91	0.21
69.86	0.21
73.21	0.21
74.01	0.47
76.83	0.47
80.24	0.84
83.59	0.84
84.47	0.26
86.95	0.88
88.39	0.88
91.19	0.29
92.08	0.32
95.3	0.32
97.8	0.34
98.07	0.25
98.19	0.64
100.96	0.64
101.16	0.54
104.23	0.54
105.19	0.74
107.84	0.88
108.66	0.45
111.28	0.52
111.45	0.52
114.06	0.66
114.74	0.66
116.27	0.68
118.95	0.68
121.04	0.44
124.15	0.44
124.53	0.44
124.72	0.41
126.88	0.41
129.61	0.24
130.65	0.37
133.34	0.37
135.1	0.37
137.42	0.99
138.48	0.79
139.71	0.79
142.27	0.75
144.44	0.75
147.57	0.75
148.35	0.63
148.56	0.56
151.68	0.56
153.76	0.56
155.62	0.24
156.15	0.98
159.14	0.98
162.06	0.98
163.69	0.31
164.49	0.31
165.26	0.34
167.11	0.32
168.58	0.87
171.97	0.87
174.64	0.79
175.28	0.25
177.3	0.25
179.66	0.92
180.92	0.92
181.75	0.92
184.73	0.45
185.89	0.91
189.01	0.91
191.49	0.4
193.95	0.47
194.13	0.47
194.58	0.23
195.89	0.74
199.29	0.74
200.19	0.24
200.55	0.59
201.95	0.59
202.81	0.27
203.71	0.32
205.87	0.32
208.38	0.32
209.45	0.87
212.15	0.6
213.78	0.6
214.95	1.0
218.18	0.85
219.25	0.85
222.01	0.22
222.99	0.75
225.72	0.75
226.78	0.75
228.0	0.26
230.64	0.26
233.22	0.69
234.21	0.69
236.13	0.68
237.71	0.28
238.79	0.28
240.82	0.28
242.94	0.83
243.23	0.52
243.72	0.71
245.01	0.71
248.46	0.47
249.22	0.47
252.41	0.47
