1.43	0.45
1.57	0.41
3.94	0.41
4.51	0.41
6.87	0.65
7.62	0.39
10.62	0.47
11.72	0.47
11.85	0.47
13.88	0.74
16.39	0.74
19.58	0.74
22.63	0.21
24.35	0.21
27.24	0.26
28.68	0.74
31.29	0.48
34.09	0.48
35.36	0.48
37.32	0.49
37.47	0.49
40.75	0.38
43.86	0.38
46.55	0.38
50.04	0.37
53.26	0.5
56.68	0.5
59.49	0.79
61.48	0.63
61.7	0.63
64.52	0.5
66.72	0.5
67.25	0.97
69.85	0.81
71.66	0.81
74.99	0.81
75.4	0.64
77.25	0.64
79.12	0.64
81.05	0.99
83.69	0.4
85.47	0.4
87.37	0.63
89.57	0.63
91.88	0.24
93.03	0.65
96.09	0.6
96.29	0.88
98.09	0.88
99.21	0.88
102.26	0.97
105.51	0.97
106.81	0.97
108.18	0.22
108.33	0.22
111.69	0.22
113.07	0.23
114.65	0.23
117.63	0.23
117.86	0.91
119.61	0.91
122.96	0.91
123.35	0.28
124.37	0.28
124.72	0.28
127.6	0.99
130.45	0.89
132.87	0.76
135.58	0.76
138.33	0.76
141.23	0.91
141.63	0.91
143.97	0.91
146.52	0.82
149.88	0.82
152.21	0.82
155.2	0.94
158.24	0.42
159.9	0.63
162.05	0.55
165.25	0.55
167.09	0.75
170.09	0.75
172.44	0.75
175.78	0.91
177.73	0.91
178.6	0.91
179.58	0.28
180.44	0.57
182.47	0.57
184.46	0.57
185.53	0.76
186.82	0.76
189.6	0.76
191.19	0.73
192.88	0.81
193.95	0.51
194.17	1.0
196.6	1.0
198.21	1.0
200.59	0.68
202.97	0.54
205.01	0.54
207.79	0.29
208.56	0.29
209.81	0.29
212.88	0.82
213.88	0.82
215.66	0.82
217.19	0.39
217.59	0.5
218.04	0.89
219.66	0.89
222.65	0.89
224.13	0.5
226.27	0.5
227.78	0.5
230.51	0.37
233.86	0.37
237.31	0.56
238.54	0.56
241.81	0.55
243.41	0.55
244.49	0.58
245.06	0.79
247.25	0.44
249.91	0.44
253.03	0.44
