2.91	129.25
5.84	129.25
6.39	129.25
8.71	131.66
10.78	131.66
11.83	131.66
12.19	49.8
14.48	49.8
15.12	49.8
15.63	186.37
18.48	117.33
19.88	117.33
20.89	17.69
21.95	70.96
25.27	70.96
28.7	157.55
29.65	110.36
29.94	47.43
31.77	47.43
33.89	62.28
37.17	62.28
38.58	62.28
41.27	144.26
43.01	144.26
45.57	21.59
47.38	21.59
50.32	21.59
53.03	102.73
54.18	102.73
55.04	139.95
55.39	139.95
56.57	10.96
57.75	10.96
59.38	18.03
61.68	114.36
63.86	109.6
66.47	109.6
67.4	109.6
70.53	131.7
73.05	131.7
73.67	99.53
74.29	99.53
75.12	84.72
76.9	84.72
78.61	35.33
81.43	35.33
81.73	173.61
83.68	173.61
85.7	7.9
87.95	132.55
88.64	132.55
89.52	68.39
90.9	68.39
94.22	68.39
96.41	203.77
98.75	203.77
99.33	117.27
101.61	176.38
105.09	176.38
108.34	176.38
111.72	115.34
114.46	115.34
116.62	49.18
118.23	49.18
119.2	49.18
121.38	145.36
122.58	170.56
125.72	170.56
128.49	170.56
129.7	185.11
131.23	138.88
132.31	138.88
135.45	10.26
136.05	10.26
138.76	10.26
141.98	154.94
143.06	154.94
145.13	154.94
146.05	72.18
148.04	72.18
149.43	72.18
150.0	167.54
151.15	167.54
154.13	95.21
157.09	30.37
157.52	30.37
159.98	30.37
160.62	147.55
161.29	185.54
162.56	185.54
164.35	46.99
166.07	139.81
167.24	139.81
170.01	139.81
172.83	24.04
174.08	24.04
176.33	24.04
177.24	81.64
180.47	75.42
182.6	14.75
185.22	20.1
188.34	141.27
190.74	141.27
193.04	141.27
196.51	96.91
198.4	55.65
199.99	55.65
200.2	193.92
202.69	12.77
205.97	12.77
207.03	140.91
208.11	178.07
209.23	178.07
211.94	178.07
212.13	152.69
213.36	152.69
215.01	37.08
218.09	37.08
219.38	37.08
222.14	196.15
224.21	20.09
226.14	74.54
227.15	121.57
227.58	121.57
230.12	121.57
231.17	60.0
233.43	60.0
234.45	60.0
236.85	161.84
237.01	161.84
240.49	161.84
242.21	131.02
244.65	131.02
247.33	16.4
249.45	186.39
249.83	189.07
251.01	189.07
