1.4	170.2
2.09	170.2
3.36	170.2
5.84	63.15
6.26	106.14
8.26	106.14
9.5	106.14
11.97	192.74
13.12	174.54
15.04	174.54
15.57	174.54
15.96	24.68
19.32	24.68
22.38	182.82
22.64	182.82
25.82	182.82
26.06	96.64
28.44	5.17
30.12	47.38
30.49	108.2
33.07	108.2
34.96	172.77
38.09	172.77
38.77	172.77
40.27	78.52
40.46	78.52
43.27	78.52
43.61	145.13
45.41	145.13
47.95	129.67
48.69	167.31
51.59	167.31
51.91	167.31
54.5	12.12
54.86	12.12
56.34	12.12
59.22	185.71
60.71	185.71
62.42	190.85
65.39	190.85
65.91	190.85
69.33	49.93
70.67	49.93
73.62	49.93
75.92	29.71
76.55	119.26
78.3	168.48
79.0	168.48
82.33	116.6
84.55	8.17
86.13	195.42
87.49	120.29
90.35	120.29
92.75	120.29
94.61	13.35
96.86	13.35
97.29	13.22
100.1	13.22
101.7	13.22
103.78	169.13
104.27	169.13
105.14	102.21
108.04	102.21
110.13	102.21
112.91	195.15
115.14	49.14
117.62	49.14
120.77	160.68
121.84	160.68
123.33	160.68
125.67	118.55
126.62	76.14
128.3	76.14
128.64	76.14
131.4	36.4
134.63	36.4
135.84	70.41
138.69	70.41
139.48	157.8
141.41	157.8
143.47	157.8
146.6	161.87
146.83	133.93
148.98	133.93
152.38	133.93
153.6	137.8
154.19	106.32
156.09	106.32
157.87	106.32
160.19	178.6
160.46	96.33
163.2	96.33
166.36	96.33
167.45	90.15
167.83	90.15
170.23	90.15
172.67	128.22
175.03	128.22
175.19	128.22
177.15	122.4
177.61	122.4
178.01	122.4
181.19	136.84
182.05	136.84
184.65	136.84
185.32	35.08
188.3	63.93
189.52	63.93
192.61	90.04
195.79	90.04
196.16	173.65
198.46	173.65
200.16	173.65
201.66	55.44
201.77	55.44
202.24	79.25
203.57	48.99
205.12	48.99
205.26	48.99
206.47	63.67
208.23	63.67
209.29	32.78
212.6	81.31
213.4	148.61
215.03	148.61
215.76	99.15
217.07	99.15
218.55	152.33
218.7	152.33
222.17	152.33
224.94	195.55
227.07	195.55
230.23	195.55
232.11	206.15
233.86	206.15
236.04	157.58
236.39	111.92
238.73	96.41
239.76	96.41
242.51	96.41
245.5	52.51
246.9	52.51
249.65	52.51
253.12	190.35
