2.46	66.44
5.19	164.19
8.58	164.19
9.15	115.99
9.94	115.99
11.73	115.99
12.49	86.74
15.91	86.74
16.68	86.74
16.95	20.95
18.16	28.61
21.35	28.61
21.77	30.72
22.66	85.21
23.85	85.21
25.02	176.12
25.24	176.12
25.89	149.83
29.02	204.47
29.58	204.47
30.71	192.07
34.0	192.07
36.8	192.07
39.08	86.16
41.75	86.16
41.86	2.22
42.98	2.22
44.38	2.22
46.31	176.04
49.33	55.51
50.9	55.51
53.89	55.51
54.11	187.72
55.18	40.6
55.81	173.2
56.07	173.2
57.25	173.2
60.18	8.1
62.88	55.15
64.47	86.7
67.13	86.7
69.11	86.7
71.34	84.49
73.68	84.49
76.0	187.45
77.15	36.64
80.07	57.64
81.46	201.26
84.34	108.15
86.21	108.15
88.64	190.15
89.27	190.15
91.57	190.15
92.43	108.32
93.73	108.32
96.11	108.32
97.2	175.0
99.06	34.36
102.1	34.36
103.78	34.36
106.12	25.41
106.31	25.41
107.31	38.52
107.96	38.52
108.82	38.52
111.88	84.61
113.58	84.61
114.96	193.37
117.06	193.37
119.03	74.36
121.29	74.36
123.99	74.36
124.98	0.7
125.96	33.87
127.14	33.87
130.09	33.87
131.0	184.86
133.15	184.86
134.49	157.96
137.23	157.96
139.35	157.96
142.33	140.58
144.9	140.58
147.04	140.58
148.42	160.76
149.59	160.76
150.65	160.76
152.7	50.38
153.46	80.01
154.67	80.01
156.97	80.01
158.35	70.84
161.32	70.84
164.52	33.05
165.16	33.05
167.23	33.05
169.85	9.71
172.22	6.62
174.15	6.62
176.73	179.64
177.29	179.64
179.09	44.21
182.23	44.21
183.37	44.21
185.23	178.16
186.36	178.16
189.17	178.16
191.03	96.67
191.91	96.67
193.73	96.67
194.28	131.02
197.5	131.02
197.64	132.55
197.97	132.55
198.82	4.37
202.2	4.37
204.9	120.66
207.54	85.45
209.62	25.0
212.27	25.0
213.6	25.0
213.79	72.53
216.81	51.76
219.24	51.76
221.17	51.76
222.47	98.02
225.37	98.02
228.38	98.02
229.08	41.72
231.71	34.87
232.04	34.87
233.5	34.87
235.04	34.09
235.59	34.09
236.66	76.61
239.77	135.1
241.77	17.99
245.15	17.99
246.45	175.55
248.94	175.55
249.66	175.55
253.14	37.5
