0.3	145.19
2.95	145.19
5.95	175.39
7.02	125.01
7.99	95.26
11.21	95.26
12.81	95.26
13.78	161.69
15.73	161.69
18.1	133.81
20.05	133.81
23.24	133.81
25.04	24.27
27.99	51.56
28.48	159.15
29.78	177.14
32.82	177.14
34.02	160.94
34.56	160.94
36.26	59.27
39.23	59.27
41.71	53.3
44.05	60.39
45.23	60.39
48.21	60.39
49.86	81.98
50.71	107.79
53.15	107.79
56.39	107.79
59.06	133.07
59.44	97.99
62.32	174.46
63.38	174.46
63.5	59.42
66.89	59.42
68.86	59.42
69.73	48.37
71.94	57.67
74.93	57.67
75.13	57.67
76.22	185.86
78.59	185.86
79.47	24.24
82.81	153.02
85.67	153.02
86.76	153.02
88.91	124.13
89.11	6.26
91.65	6.26
91.75	6.26
93.42	138.17
95.32	138.17
97.08	147.45
100.43	147.45
103.21	166.15
105.8	166.15
107.74	196.77
108.18	128.11
109.39	128.11
111.44	101.43
112.89	101.43
114.49	165.21
116.65	165.21
117.75	160.05
118.54	148.88
120.49	148.88
123.88	55.36
124.13	86.89
124.79	86.89
125.17	48.82
126.5	48.82
129.77	94.29
132.56	94.29
133.43	94.29
134.31	197.13
137.44	197.13
139.78	197.13
140.53	180.98
143.62	96.79
144.67	96.79
145.43	96.79
146.53	9.09
149.49	82.59
151.24	82.59
153.76	26.21
154.78	26.21
157.81	87.2
158.08	188.55
160.34	188.55
162.63	188.55
163.2	158.04
166.18	158.04
168.11	158.04
170.64	184.45
172.44	21.82
174.22	175.58
174.96	188.43
177.45	188.43
178.61	188.43
178.98	109.32
180.3	109.32
182.23	89.3
183.93	80.0
184.25	79.52
186.38	186.56
188.59	186.56
189.52	81.35
189.85	81.35
190.85	81.35
190.98	39.85
191.47	198.93
193.49	198.93
195.19	198.93
196.78	47.66
198.04	47.66
198.6	47.66
200.09	109.16
203.57	109.16
205.3	109.16
206.22	64.42
208.49	64.42
210.4	62.26
211.83	161.37
212.9	161.37
214.28	202.21
216.32	202.21
217.84	202.21
219.17	59.87
220.94	78.16
221.7	92.17
223.84	92.17
225.6	201.48
226.86	201.48
227.82	52.24
228.99	52.24
231.25	52.24
234.28	104.28
234.53	177.87
236.2	177.87
238.92	15.94
241.37	15.94
242.56	15.94
243.65	29.67
246.43	29.67
248.46	29.67
250.22	21.51
