2.97	152.89
3.8	152.89
4.38	127.18
5.69	127.18
7.89	127.18
9.59	139.6
12.21	139.6
13.92	139.6
17.31	186.76
17.72	186.76
20.04	186.76
20.63	57.66
21.02	57.66
21.33	57.66
22.51	13.28
24.67	174.36
24.93	174.36
25.21	96.27
26.79	36.38
27.19	36.38
27.82	68.62
30.1	68.62
30.73	68.62
30.86	146.73
31.76	146.73
33.71	146.73
36.42	34.44
37.1	34.44
38.27	34.44
41.34	193.13
43.89	11.58
46.98	11.58
47.17	36.83
47.66	36.83
50.73	161.43
50.94	70.83
51.86	70.83
54.22	70.83
56.04	0.72
56.37	0.72
59.19	34.26
59.52	34.26
61.51	79.53
62.5	79.53
65.99	128.6
66.7	128.6
68.6	87.09
70.98	87.09
71.11	125.84
72.61	125.84
73.3	53.05
76.11	49.09
78.02	49.09
80.04	49.09
83.29	176.08
85.19	176.08
86.48	190.57
86.89	190.57
88.1	190.57
91.1	55.4
94.06	55.4
96.82	106.09
98.86	106.09
99.35	117.83
101.84	117.83
103.55	117.83
104.86	64.79
105.55	64.79
105.94	64.79
108.8	47.77
109.53	47.77
112.11	72.85
114.25	158.73
117.43	158.73
117.93	125.59
121.27	78.11
123.72	7.8
126.95	7.8
128.28	7.8
129.58	143.28
130.77	143.28
131.67	143.28
132.37	18.48
133.76	137.06
134.76	137.06
137.57	137.06
138.28	90.96
139.82	90.96
142.86	90.96
143.61	23.42
146.96	23.42
149.35	187.56
150.02	187.56
152.39	187.56
154.42	128.8
155.57	128.8
158.1	128.8
160.0	204.0
160.43	204.0
160.57	191.94
162.7	191.94
166.01	69.36
166.74	69.36
169.67	89.67
172.29	89.67
174.35	89.67
177.0	200.95
177.59	187.72
179.49	102.96
180.02	122.14
183.08	126.65
184.42	126.65
186.24	59.1
187.28	59.1
188.85	88.69
190.92	88.69
194.22	110.43
197.54	110.43
199.31	110.43
199.65	172.09
201.13	172.09
201.29	172.09
204.75	120.13
206.58	120.13
208.01	120.13
210.83	113.99
211.19	113.99
211.92	127.83
212.26	127.83
214.65	175.11
215.71	175.11
217.94	175.11
220.66	121.39
224.1	121.39
225.99	113.91
228.58	71.21
230.61	71.21
231.84	71.21
232.74	113.89
233.66	162.46
235.84	6.06
236.35	6.06
236.95	167.35
237.62	167.35
239.21	13.94
240.98	13.94
241.64	9.54
241.95	9.54
245.33	131.29
246.6	131.29
248.4	131.29
251.74	183.86
