1.71	86.9
2.77	93.43
2.97	124.49
5.15	124.49
7.0	124.49
8.67	114.54
10.36	114.54
10.56	163.59
11.89	188.28
14.35	12.96
16.98	149.06
17.43	149.06
17.58	166.48
20.74	166.48
21.8	166.48
24.25	81.0
24.45	81.0
25.62	35.03
27.58	35.03
28.13	35.03
30.2	169.81
32.34	169.81
34.83	120.04
35.75	120.04
38.25	120.04
39.95	174.89
42.0	32.63
45.03	4.97
45.72	4.97
46.97	4.97
49.23	96.92
52.17	96.92
52.28	96.92
52.75	21.33
53.55	21.33
54.13	21.33
56.14	65.39
57.18	65.39
58.62	65.39
61.95	46.35
64.68	36.6
65.67	36.6
68.49	74.91
69.69	74.91
73.15	74.91
75.93	131.94
79.22	9.92
82.41	9.92
83.19	9.92
85.54	187.57
88.07	187.57
90.03	187.57
92.98	98.4
95.38	102.1
98.38	102.1
101.23	126.95
104.01	126.95
106.34	130.03
107.9	130.03
108.28	130.03
108.39	25.89
109.79	25.89
112.68	181.45
114.91	181.45
116.18	181.45
118.88	24.82
119.81	97.67
120.04	97.67
122.18	97.67
123.96	64.49
126.33	64.49
126.86	189.38
127.04	172.9
128.01	172.9
128.95	125.45
130.05	176.99
132.8	131.17
133.98	131.17
136.35	56.62
139.81	56.62
141.69	56.62
143.84	144.55
144.71	11.97
147.17	11.97
147.92	58.42
151.42	45.3
153.53	45.3
154.56	45.3
155.9	71.03
158.13	71.03
160.79	71.03
162.61	35.0
163.09	93.41
165.79	93.41
166.5	93.41
166.96	153.01
170.19	153.01
172.06	153.01
175.53	102.81
178.13	102.81
180.6	105.3
183.78	105.3
183.9	105.3
184.15	52.43
185.41	146.19
185.79	69.09
187.21	69.09
188.76	69.09
191.32	104.32
192.57	104.32
192.95	104.32
195.28	110.52
197.97	110.52
200.93	169.19
204.27	190.01
206.42	190.01
207.59	0.29
208.56	0.29
209.68	125.29
210.22	127.75
212.59	127.75
215.69	127.75
219.01	85.74
221.97	115.09
222.61	76.97
223.18	76.97
226.56	76.97
229.2	178.58
230.37	178.58
233.86	178.58
234.51	72.15
237.49	7.61
240.87	7.61
243.54	48.97
244.83	48.97
247.62	190.26
250.55	190.26
