1.43	66.04
1.57	54.02
3.94	54.02
4.51	54.02
6.87	117.68
7.62	50.28
10.62	71.04
11.72	71.04
11.85	71.04
13.88	139.39
16.39	139.39
19.58	139.39
22.63	3.1
24.35	3.1
27.24	14.77
28.68	140.54
31.29	71.41
34.09	71.41
35.36	71.41
37.32	74.32
37.47	74.32
40.75	47.25
43.86	47.25
46.55	47.25
50.04	44.93
53.26	78.15
56.68	78.15
59.49	153.22
61.48	110.09
61.7	110.09
64.52	78.89
66.72	78.89
67.25	198.35
69.85	159.18
71.66	159.18
74.99	159.18
75.4	112.76
77.25	112.76
79.12	112.76
81.05	204.57
83.69	52.1
85.47	52.1
87.37	110.43
89.57	110.43
91.88	11.75
93.03	117.82
96.09	103.41
96.29	175.71
98.09	175.71
99.21	175.71
102.26	198.05
105.51	198.05
106.81	198.05
108.18	5.2
108.33	5.2
111.69	5.2
113.07	8.2
114.65	8.2
117.63	8.2
117.86	184.75
119.61	184.75
122.96	184.75
123.35	21.59
124.37	21.59
124.72	21.59
127.6	204.04
130.45	179.02
132.87	144.26
135.58	144.26
138.33	144.26
141.23	182.92
141.63	182.92
143.97	182.92
146.52	159.96
149.88	159.96
152.21	159.96
155.2	190.66
158.24	57.47
159.9	111.34
162.05	90.0
165.25	90.0
167.09	142.37
170.09	142.37
172.44	142.37
175.78	182.47
177.73	182.47
178.6	182.47
179.58	20.64
180.44	95.92
182.47	95.92
184.46	95.92
185.53	144.32
186.82	144.32
189.6	144.32
191.19	137.37
192.88	159.13
193.95	79.3
194.17	206.81
196.6	206.81
198.21	206.81
200.59	123.87
202.97	89.08
205.01	89.08
207.79	22.3
208.56	22.3
209.81	22.3
212.88	160.04
213.88	160.04
215.66	160.04
217.19	48.95
217.59	76.96
218.04	178.78
219.66	178.78
222.65	178.78
224.13	78.39
226.27	78.39
227.78	78.39
230.51	43.35
233.86	43.35
237.31	93.09
238.54	93.09
241.81	90.04
243.41	90.04
244.49	99.54
245.06	151.67
247.25	61.63
249.91	61.63
253.03	61.63
