1.55	104.29
4.2	104.29
5.01	126.03
7.43	126.03
7.58	126.03
10.95	114.32
11.59	200.53
15.04	200.53
18.05	117.29
18.8	117.29
20.91	117.29
23.45	141.24
25.14	141.24
27.59	7.94
28.55	7.94
29.41	7.94
31.47	62.89
31.77	62.89
32.84	97.68
33.59	97.68
35.3	39.89
37.56	39.89
40.38	38.37
42.79	25.8
45.4	163.01
47.88	163.01
48.1	163.01
48.53	114.35
48.75	114.35
50.48	199.32
53.26	199.32
54.53	172.99
57.5	172.99
60.2	172.99
61.96	9.53
63.98	164.97
64.53	164.97
65.34	157.0
68.35	157.0
71.41	30.64
71.9	159.36
73.11	159.36
75.78	159.36
78.59	199.65
80.06	199.65
81.37	199.65
83.09	157.91
83.59	157.91
85.7	81.33
87.58	81.33
90.18	81.33
90.38	115.84
90.66	115.84
93.98	144.53
95.75	144.53
97.63	144.53
100.45	165.71
101.05	165.71
102.19	65.38
105.17	65.38
107.05	107.65
107.9	107.65
111.29	142.5
111.56	142.5
113.66	142.5
116.27	49.8
118.08	49.8
119.51	49.8
121.54	60.69
123.41	60.69
125.1	69.55
127.59	104.13
130.26	104.13
133.19	104.13
134.82	174.15
135.7	174.15
137.77	174.15
139.72	36.62
141.33	36.62
143.66	36.62
146.98	195.88
147.31	90.69
148.06	128.01
149.48	193.08
152.46	193.08
155.95	153.18
157.42	153.18
158.27	153.18
158.44	17.85
159.52	97.11
162.61	97.11
163.79	157.32
166.88	75.59
167.5	75.59
169.68	145.14
170.73	145.14
171.16	145.14
172.21	115.93
174.93	115.93
176.71	5.59
176.92	5.59
177.09	5.1
180.06	68.01
183.29	68.01
186.67	68.01
188.95	124.18
189.71	141.57
190.29	141.57
190.94	150.79
193.65	150.79
195.14	150.79
198.17	122.24
201.24	122.24
201.75	122.24
204.08	112.78
207.13	112.78
209.45	112.78
210.28	171.33
210.67	171.33
213.69	171.33
216.37	93.43
217.52	93.43
217.7	93.43
219.19	58.41
222.31	58.41
225.6	31.67
226.94	31.67
230.18	31.67
233.63	126.6
234.13	126.6
235.09	148.21
238.33	67.59
239.53	67.59
240.63	33.08
240.74	33.08
243.42	17.23
245.63	17.23
248.03	42.27
249.1	42.27
249.65	161.23
250.63	161.23
