1.22	202.25
2.14	202.25
4.46	93.45
6.69	93.45
10.14	93.45
10.61	200.82
10.83	200.82
14.01	200.82
16.52	22.7
17.87	22.7
20.73	22.7
21.12	48.35
24.09	14.59
26.03	14.59
26.65	14.59
27.5	187.26
30.17	187.26
31.05	187.26
32.35	190.61
33.07	190.61
36.47	153.73
37.6	153.73
38.08	26.14
41.39	161.23
44.72	161.23
46.63	64.43
46.87	164.64
48.16	164.64
50.15	164.64
52.12	32.29
54.79	82.58
56.64	7.23
58.72	7.23
60.91	187.29
63.17	45.64
64.42	45.64
64.74	41.98
67.77	41.98
69.11	8.85
69.9	8.85
72.61	50.76
74.9	112.61
75.49	112.61
77.02	153.76
78.02	9.68
78.6	9.68
80.72	9.68
83.58	24.56
84.92	24.56
86.66	61.16
89.28	61.16
91.94	67.18
95.2	67.18
98.1	97.75
101.53	97.75
104.6	97.75
106.12	205.05
108.03	133.39
109.33	133.39
111.17	51.54
114.03	51.54
116.79	51.54
119.56	192.83
121.07	192.83
124.11	61.83
126.61	61.83
126.75	203.45
130.1	203.45
133.57	174.15
135.88	174.15
137.48	157.49
138.61	157.49
141.51	157.49
143.75	94.46
145.02	88.43
147.41	12.09
149.5	91.62
152.58	135.02
153.12	135.02
154.69	135.02
155.77	175.67
156.45	175.67
158.2	190.12
158.49	190.12
158.92	190.12
159.3	72.25
161.71	72.25
163.55	188.0
166.24	188.0
168.76	188.0
171.59	117.43
174.59	117.43
176.6	206.93
180.01	206.93
182.69	94.27
184.29	94.27
185.27	94.27
187.22	139.14
188.82	139.14
190.2	139.14
190.48	5.67
192.09	5.67
195.33	172.08
197.04	172.08
197.8	172.08
200.15	161.5
202.78	10.18
205.96	59.59
208.59	59.59
211.67	171.79
214.33	159.85
216.74	159.85
217.95	159.85
220.98	99.14
224.36	99.14
225.57	72.1
226.25	94.89
228.3	94.89
229.77	170.99
232.08	170.99
233.64	114.41
236.47	114.41
239.28	159.27
239.7	159.27
240.35	164.0
242.84	164.0
244.96	164.0
246.99	139.18
248.32	139.35
250.77	139.35
