2.22	23.27
4.61	23.27
5.71	205.99
7.15	205.99
9.88	117.88
12.84	192.01
14.43	101.23
16.46	101.23
16.73	101.23
17.11	96.43
17.79	96.43
19.4	39.33
20.33	9.28
23.04	9.28
25.67	143.5
27.64	143.5
30.41	56.27
33.84	73.75
35.36	73.75
37.05	182.36
39.2	182.36
40.7	182.36
42.18	129.54
44.79	129.54
46.83	129.54
47.11	146.53
49.28	146.53
51.01	32.36
51.64	131.37
53.67	131.37
55.77	163.3
58.9	180.22
61.05	180.22
62.41	0.9
63.72	0.9
64.04	0.9
67.15	126.82
70.19	126.82
72.23	103.85
74.35	147.56
77.8	84.92
80.28	84.92
82.06	196.76
82.54	190.87
86.02	36.46
88.96	36.46
92.29	189.66
94.41	63.71
97.86	63.71
98.13	94.0
98.49	104.39
101.36	146.15
102.28	146.15
105.47	146.15
106.72	185.57
106.87	185.57
107.86	185.57
109.68	193.42
112.04	193.42
112.47	193.42
113.37	9.75
116.05	9.75
117.35	9.75
119.24	136.37
120.32	136.37
123.67	84.11
124.56	84.11
125.81	84.11
127.21	96.15
128.34	96.15
128.93	201.93
131.32	122.54
134.46	55.37
137.95	55.37
140.27	55.37
143.08	107.11
143.95	107.11
145.81	107.11
149.12	122.58
150.1	32.09
151.43	103.42
153.94	103.42
156.21	48.03
156.41	48.03
158.11	48.03
158.26	117.35
160.66	117.35
163.06	117.35
166.46	175.48
168.68	175.48
170.11	175.48
173.01	24.39
176.1	24.39
179.42	24.39
181.63	12.26
184.08	12.26
184.47	173.05
187.78	173.05
189.29	173.05
191.45	154.75
193.67	154.75
195.86	161.65
196.74	161.65
199.51	72.18
200.47	39.54
202.61	205.21
203.49	205.21
205.91	205.21
206.09	177.9
208.51	107.07
211.63	107.07
213.4	107.07
216.83	89.1
219.14	21.26
222.11	21.26
222.49	21.26
225.24	79.57
226.51	161.35
226.86	205.04
230.26	205.04
232.88	205.04
233.93	158.33
237.1	131.37
237.28	131.37
239.49	131.37
241.21	152.94
244.61	152.94
245.21	152.94
248.19	89.5
250.21	89.5
