2.27	139.25
3.16	44.47
3.68	44.47
4.21	183.72
6.6	183.72
7.07	183.72
9.63	55.24
10.36	55.24
13.7	79.27
14.29	79.27
16.15	17.91
19.55	57.94
20.61	57.94
22.81	12.44
24.16	12.44
24.81	12.44
27.12	47.29
28.36	33.7
29.54	38.23
30.6	93.55
31.8	109.53
31.99	109.53
32.16	196.05
34.68	196.05
36.06	196.05
37.8	173.35
38.62	173.35
41.38	170.7
43.7	170.7
45.39	170.7
48.01	65.64
50.47	65.64
53.06	60.19
54.93	60.19
56.07	60.19
56.64	126.32
57.81	80.49
59.46	86.21
62.21	86.21
64.49	86.21
67.1	85.71
69.14	63.03
69.42	144.73
70.27	146.01
71.05	146.01
73.35	51.19
74.05	33.81
74.44	20.54
77.28	129.36
78.34	129.36
80.06	129.36
80.77	168.18
82.69	28.42
84.62	65.61
86.76	65.61
88.71	137.37
89.09	42.69
91.7	42.69
94.19	5.78
95.84	43.47
97.02	43.47
97.16	66.24
99.66	66.24
100.99	53.58
103.94	185.66
104.6	80.06
106.95	80.06
108.1	80.06
108.33	17.02
110.9	17.02
113.62	17.02
114.43	82.2
117.7	82.2
120.39	126.36
121.08	146.52
124.33	146.52
124.44	146.52
125.08	139.97
125.65	139.97
128.39	65.83
130.17	119.93
132.02	119.93
132.93	119.93
133.93	3.3
135.75	164.72
138.99	164.72
139.29	2.46
140.1	2.46
143.38	59.79
144.61	59.41
146.55	59.41
148.03	165.15
149.69	11.24
152.16	166.18
153.65	166.18
156.76	78.83
159.9	55.49
161.8	83.08
164.72	110.55
166.39	110.55
167.06	126.93
167.2	126.93
167.33	126.93
169.08	123.1
172.52	123.1
174.96	34.06
176.6	34.06
179.53	34.06
180.14	105.76
181.06	105.76
183.47	165.31
185.45	165.31
186.42	49.31
188.36	49.31
188.79	49.31
189.08	50.18
192.01	50.18
195.09	50.18
196.66	11.52
197.09	11.52
200.49	11.52
202.78	106.27
205.51	106.27
206.44	35.88
207.41	35.88
207.97	35.88
210.63	42.57
211.06	42.57
211.92	42.57
214.64	178.74
216.54	178.74
219.16	96.08
219.98	96.08
220.52	96.08
222.11	176.99
225.15	176.99
228.56	176.99
228.86	71.55
232.24	109.49
233.32	63.0
236.63	93.97
236.87	93.97
238.0	93.97
238.18	98.85
240.05	59.28
241.43	59.28
244.86	202.13
247.09	19.58
247.39	19.58
250.31	3.74
