2.07	51.19
5.42	51.19
8.48	149.64
10.47	149.64
13.52	105.7
13.75	105.7
14.76	174.19
15.52	136.4
16.48	136.4
19.9	116.12
21.07	150.17
22.09	150.17
24.59	30.28
26.93	56.75
28.71	56.75
29.07	56.75
31.49	80.82
34.11	80.82
36.16	195.24
38.06	174.27
39.56	64.88
40.68	102.19
41.19	102.19
43.23	102.19
46.32	71.03
48.05	123.2
50.55	123.2
52.12	132.9
55.21	132.9
57.48	122.75
60.58	122.75
61.41	204.73
63.85	120.18
65.37	205.52
67.77	205.52
69.96	205.52
71.79	73.27
71.89	87.95
75.15	87.95
77.74	198.12
80.67	198.12
82.28	198.12
84.34	199.99
85.12	199.99
87.54	199.99
90.71	70.44
93.48	160.34
94.55	160.34
96.58	139.78
98.02	174.75
98.59	174.75
98.73	174.75
100.71	111.16
101.06	111.16
102.16	63.6
104.07	63.6
105.23	101.61
108.46	101.61
108.94	141.14
111.29	22.61
111.67	111.79
113.13	111.79
113.63	111.79
114.55	141.67
115.34	141.67
116.8	171.74
118.12	99.59
120.48	99.59
121.54	99.59
122.77	68.81
123.12	68.81
125.04	175.0
126.24	175.0
127.61	13.35
129.18	13.35
132.53	21.75
135.62	89.54
138.63	89.54
141.5	89.54
142.64	116.33
145.48	116.33
148.5	116.33
149.38	32.19
151.65	32.19
152.1	200.44
155.03	200.44
155.43	56.09
158.29	24.3
160.52	24.3
163.7	24.3
167.18	188.03
168.99	188.03
169.95	55.69
173.43	55.69
176.09	75.89
176.35	155.58
179.77	173.13
180.64	173.13
180.78	137.25
181.08	137.25
181.19	137.25
184.56	203.26
186.49	156.85
189.66	156.85
192.17	156.85
192.93	51.35
194.04	126.28
194.98	126.28
195.49	126.28
198.93	38.93
200.57	145.11
201.58	145.11
204.24	25.37
206.84	25.37
209.16	91.26
209.59	91.26
210.04	101.92
210.33	101.92
211.57	139.76
214.89	139.76
218.19	191.1
220.02	191.1
222.03	191.1
222.35	67.13
225.45	67.13
227.33	83.33
229.13	83.33
231.97	83.33
235.26	71.39
238.02	91.82
241.23	91.82
241.55	187.96
242.02	187.96
243.37	65.1
245.96	65.1
248.14	65.1
249.19	131.43
250.67	144.21
