0.93	32.69
2.2	32.69
2.61	85.99
4.06	85.99
5.23	113.76
5.46	113.76
8.8	113.76
9.06	144.32
10.0	36.95
10.16	36.95
12.73	202.57
15.93	75.36
19.38	75.36
22.69	75.36
24.47	103.49
26.07	103.49
26.47	103.49
27.44	2.77
28.88	2.77
31.12	2.77
32.63	46.92
33.4	46.92
35.61	63.36
36.73	139.33
37.82	139.33
40.47	104.12
42.59	104.12
44.54	35.98
45.73	7.36
47.89	7.36
49.45	7.36
52.27	43.54
53.27	43.54
53.95	43.54
54.68	5.45
56.1	5.45
59.47	206.03
60.73	106.14
62.3	106.14
63.65	193.54
65.62	193.54
67.73	69.25
70.38	174.13
71.0	19.77
71.88	19.77
72.15	19.77
74.04	134.19
74.52	125.1
75.21	121.25
77.64	161.01
80.38	153.79
82.18	173.44
83.26	173.44
83.38	173.44
86.62	205.13
88.66	205.13
88.84	205.13
90.68	174.85
91.5	174.85
92.67	184.08
93.43	50.36
95.8	50.36
98.05	50.36
98.58	187.48
100.62	200.56
104.05	156.03
107.51	156.03
108.6	67.11
109.2	67.11
112.24	118.68
115.27	118.68
115.81	118.68
117.67	93.68
118.8	152.95
120.43	94.06
122.85	94.06
123.93	51.93
124.92	18.28
127.12	18.28
130.22	143.13
131.56	61.5
134.66	61.5
137.73	148.18
140.95	74.21
142.66	74.21
143.76	149.42
145.82	38.91
148.25	38.91
148.74	92.94
151.17	92.94
153.17	92.94
155.19	150.84
156.13	172.34
159.61	150.72
160.62	150.72
161.49	150.72
163.69	103.03
165.82	173.66
167.66	173.66
170.06	78.77
173.22	65.67
175.73	47.52
179.18	47.52
181.81	47.52
182.95	132.52
185.75	132.52
186.57	132.52
189.39	148.28
191.85	148.28
193.92	170.2
197.17	170.2
198.23	51.66
200.8	51.66
203.32	192.83
204.03	193.15
207.35	193.15
209.0	193.15
211.26	157.93
213.72	157.93
215.35	157.93
215.81	9.57
217.54	9.57
218.78	9.57
221.29	6.91
222.87	58.84
224.96	8.28
228.3	8.28
229.27	167.81
232.15	118.12
233.03	118.12
235.32	121.37
235.93	106.06
239.06	106.06
240.74	106.06
241.94	60.78
242.22	60.78
244.34	159.95
244.65	67.17
246.55	67.17
247.59	67.17
249.88	145.03
251.72	145.03
