0.63	6.26
2.71	6.26
4.49	6.26
7.96	15.8
11.08	36.25
12.53	36.25
12.68	96.25
14.81	193.44
15.84	161.68
19.33	161.68
22.28	161.68
24.99	5.22
28.1	5.22
29.32	5.22
30.42	33.42
30.69	33.42
31.52	142.48
32.12	142.48
32.67	142.48
32.87	106.45
35.82	106.45
36.78	137.43
39.28	129.75
42.28	160.31
42.68	115.6
45.92	115.6
47.63	18.53
49.14	18.53
52.5	18.53
54.37	146.31
55.54	146.31
56.23	142.71
59.35	142.71
62.62	142.71
65.29	24.77
67.48	24.77
68.91	128.52
69.14	128.52
72.15	82.91
73.79	183.33
75.12	74.52
77.12	74.52
78.28	16.76
80.24	16.76
81.21	115.16
83.45	158.24
85.56	203.95
87.62	120.69
89.66	120.69
92.41	128.78
95.15	128.78
96.19	120.85
98.4	120.85
100.86	74.31
104.04	74.31
104.76	185.53
105.03	185.53
105.8	185.53
106.91	69.2
108.5	69.2
109.47	69.2
111.89	131.63
114.02	99.37
116.24	99.37
118.32	99.37
121.08	162.18
122.93	162.18
125.77	162.18
127.6	2.68
130.75	2.68
133.81	2.68
134.45	35.5
136.83	193.3
138.19	33.37
139.72	19.57
141.94	19.57
144.02	43.78
144.36	204.04
147.2	171.65
147.84	171.65
149.03	171.65
150.32	184.24
153.37	184.24
155.8	100.15
157.88	100.15
159.03	158.1
160.31	158.1
162.87	175.6
164.46	175.6
165.02	133.83
167.37	133.83
169.2	133.83
171.78	47.25
173.8	47.25
175.09	47.25
178.14	25.5
179.4	25.5
180.87	25.5
182.02	0.26
185.37	0.26
187.05	0.26
190.52	108.42
191.66	170.73
194.19	170.73
196.05	170.73
198.96	38.04
201.01	38.04
201.78	38.04
204.79	145.66
206.83	145.66
208.68	146.18
208.97	146.18
211.74	146.18
214.6	112.9
215.82	112.9
218.49	112.9
221.79	44.16
222.6	44.16
222.9	200.43
224.94	200.43
226.87	200.43
227.27	109.24
227.98	109.24
231.29	59.66
231.61	127.11
235.07	127.11
237.64	127.11
239.34	103.32
240.44	34.28
242.62	34.28
243.61	34.28
247.02	39.29
249.34	100.31
250.78	119.33
