0.18	105.18
3.1	105.18
6.39	105.18
6.62	108.36
8.88	21.59
9.5	55.07
10.46	55.07
13.3	156.06
14.2	156.06
15.66	77.96
18.78	77.96
19.14	77.96
21.6	38.19
24.51	38.19
24.83	38.19
26.33	134.02
29.6	134.02
32.1	134.02
32.75	150.49
34.25	23.81
35.31	198.28
37.23	198.28
37.48	198.28
38.15	37.68
38.67	37.68
42.07	24.21
44.72	24.21
44.95	143.33
45.12	191.42
46.21	168.9
48.93	168.9
50.02	174.77
51.56	174.77
52.91	189.12
53.88	31.7
54.85	83.72
57.0	83.72
59.24	58.88
59.69	58.88
60.52	79.25
63.89	79.25
65.17	25.06
65.88	25.06
68.48	25.06
69.0	153.1
70.8	153.1
74.24	153.1
75.39	30.93
78.33	30.93
78.95	121.46
79.61	121.46
81.74	61.42
84.6	1.04
86.74	194.27
89.65	194.27
92.17	168.38
92.76	168.38
96.01	170.22
98.03	18.17
101.02	18.17
103.84	18.17
105.81	204.91
108.0	204.91
108.55	204.91
109.19	87.53
110.58	87.53
111.38	87.53
113.41	77.63
114.22	77.63
115.59	149.79
118.28	149.79
121.3	149.79
123.49	106.64
125.55	164.07
128.08	157.37
128.49	157.37
131.72	115.38
134.24	115.38
135.87	115.38
136.31	102.47
138.08	102.47
141.38	86.23
143.23	86.23
143.89	86.23
144.57	25.3
144.9	25.3
146.43	37.52
147.71	59.68
149.88	59.68
152.81	59.68
153.07	12.51
155.66	68.18
159.12	68.18
162.33	12.1
163.02	12.1
163.72	12.1
167.01	74.75
168.98	51.15
169.19	51.15
170.15	89.97
170.28	89.97
170.47	89.97
171.43	84.47
173.88	84.47
177.1	84.47
179.97	38.77
180.93	38.77
181.07	11.82
181.54	74.56
182.32	42.66
183.65	42.66
185.32	42.66
188.01	21.32
188.97	36.72
190.12	36.72
191.84	36.72
193.69	61.69
194.15	7.78
194.59	7.78
196.66	7.78
198.44	186.96
199.47	186.96
200.98	18.72
202.56	18.72
205.68	184.61
207.73	184.61
209.22	48.41
212.63	48.41
213.02	48.41
216.31	178.72
217.56	178.72
217.93	100.28
218.74	100.28
221.81	100.28
222.66	144.17
226.12	200.41
227.25	144.05
227.8	38.51
230.7	99.92
230.89	99.92
231.88	99.92
232.36	156.75
234.98	156.75
236.26	112.73
239.05	112.73
242.17	150.11
243.78	150.11
245.92	10.2
246.49	10.2
249.98	10.2
251.49	116.52
