1.15	29.18
2.13	203.86
3.78	203.86
4.09	203.86
4.86	199.72
5.39	149.18
8.28	149.18
9.64	17.31
10.34	130.32
12.68	130.32
14.27	130.32
17.4	162.91
19.83	162.91
20.55	162.91
23.23	174.36
23.99	174.36
25.55	174.36
26.44	187.97
28.96	187.97
30.67	34.29
31.83	67.64
33.95	150.9
35.65	150.9
37.41	132.04
38.05	132.04
39.27	77.46
40.9	77.46
43.05	77.46
45.25	91.02
46.02	91.02
49.36	91.02
49.51	19.64
50.25	19.64
53.0	111.8
55.6	169.93
56.4	169.93
58.03	109.78
58.33	109.78
61.25	75.99
63.3	75.99
63.82	124.24
64.6	124.24
66.89	124.24
69.63	138.66
70.97	138.66
72.77	146.36
73.82	164.97
74.83	189.52
75.18	189.52
75.57	189.52
76.54	113.98
76.68	113.98
77.0	113.98
78.96	133.44
82.39	133.44
83.95	171.45
85.11	171.45
86.4	171.45
88.67	188.35
91.61	188.35
94.51	85.58
97.45	85.58
99.73	85.58
103.06	76.84
106.2	76.84
108.88	76.84
111.41	98.32
112.64	142.05
115.44	142.05
118.59	177.35
121.44	177.35
123.06	27.42
125.62	27.42
126.74	27.42
129.64	125.49
130.63	125.49
131.1	125.49
133.51	95.34
135.64	95.34
138.45	95.34
138.91	28.16
139.13	110.67
140.49	110.67
142.56	128.61
145.92	134.86
147.83	134.86
148.41	134.86
150.79	90.64
151.79	90.64
153.76	185.89
154.99	198.39
155.48	198.39
157.05	198.39
158.91	24.02
162.34	24.02
164.4	138.02
165.94	138.02
167.13	182.29
168.52	49.84
169.47	29.14
172.26	51.21
174.55	134.6
176.51	57.81
178.93	57.81
180.88	57.81
184.02	13.47
186.68	13.47
187.94	155.21
188.07	153.9
190.01	196.89
190.22	64.27
190.62	131.45
192.06	131.45
192.22	131.45
193.69	143.98
196.74	52.8
199.74	52.8
200.56	29.67
203.96	29.67
204.22	29.67
204.45	3.36
206.83	3.36
208.18	3.36
210.85	50.48
211.47	58.7
212.34	58.7
213.42	33.35
214.37	167.36
216.2	167.36
218.84	146.23
219.96	146.23
222.2	146.23
225.11	49.72
228.38	49.72
230.66	39.67
233.35	158.44
235.64	158.44
235.78	158.44
236.7	5.73
238.43	5.73
238.93	137.69
239.35	137.69
241.47	98.52
244.03	98.52
247.17	9.18
250.45	98.54
