0.94	74.45
2.79	74.45
5.66	168.79
8.36	168.79
9.34	6.53
10.87	6.53
12.93	6.53
15.53	27.67
18.04	27.67
20.52	27.67
23.65	34.7
27.0	34.7
30.27	34.7
31.31	91.81
31.63	91.81
33.06	70.41
34.74	70.41
37.43	94.86
37.7	94.86
38.18	132.51
40.22	105.64
42.14	69.43
44.55	104.61
45.3	104.61
47.12	65.5
47.54	65.5
48.07	65.5
51.21	154.5
53.15	154.5
55.64	154.5
56.52	124.89
56.83	75.91
59.68	75.91
61.03	172.84
62.23	138.23
63.7	138.23
65.61	189.07
67.78	189.07
70.84	96.78
72.28	96.78
75.22	146.64
78.7	116.83
81.29	116.83
83.83	26.89
86.55	26.89
89.4	52.58
91.86	52.58
94.93	52.58
98.23	47.09
99.2	47.09
99.75	47.09
102.24	143.54
102.62	162.25
102.85	162.25
105.94	162.25
109.2	38.41
110.58	199.45
112.68	199.45
114.82	168.64
117.2	168.64
117.51	168.64
119.81	173.23
122.42	173.23
124.82	150.43
126.54	150.43
128.99	187.54
131.9	187.54
135.12	187.54
137.5	124.22
140.21	124.22
143.31	171.04
146.75	171.04
149.8	183.63
152.2	196.85
154.3	196.85
155.77	168.36
157.11	9.44
159.7	9.44
162.76	9.44
165.26	83.35
165.54	83.97
167.41	83.97
170.63	83.97
172.2	126.42
175.25	21.79
175.97	21.79
179.36	44.93
179.95	44.93
180.91	202.76
181.16	202.76
182.88	141.15
184.12	141.15
185.67	141.15
186.68	148.88
187.41	148.88
187.95	148.88
188.31	66.72
189.35	174.27
189.7	169.37
190.79	169.37
191.26	64.59
192.77	64.59
195.79	64.59
197.26	204.36
200.31	114.27
200.97	114.27
202.57	94.62
205.19	94.62
206.88	84.9
208.31	84.9
211.24	117.78
211.6	117.78
213.51	154.65
216.15	154.65
217.69	154.65
221.04	157.11
224.38	90.34
224.92	90.34
226.21	151.03
229.52	23.93
230.82	23.93
234.19	82.12
234.83	82.12
236.78	65.92
237.9	65.92
238.64	183.98
241.5	183.98
244.84	183.98
246.35	151.19
249.3	151.19
252.22	128.24
