2.0	53.94
3.5	186.17
5.13	186.17
7.33	186.17
8.7	105.39
10.06	84.1
11.74	21.53
14.89	182.98
17.05	182.98
19.02	182.98
22.2	67.01
24.55	67.01
27.79	63.27
27.92	63.27
30.1	63.27
33.26	194.23
34.16	194.23
34.82	194.23
35.7	45.9
36.85	196.74
38.38	14.72
38.86	14.72
41.09	14.72
43.53	14.5
45.83	14.5
48.33	99.19
48.8	114.63
51.48	114.63
53.03	114.63
53.92	149.26
54.46	149.26
57.42	149.26
59.31	71.5
62.46	71.5
65.19	188.82
67.02	188.82
69.79	185.81
73.09	127.33
73.86	129.24
74.06	129.24
75.91	91.29
79.05	91.29
80.19	91.29
82.1	189.13
85.02	78.52
85.31	38.06
86.86	38.06
87.4	72.53
88.01	183.54
91.01	125.24
92.42	125.24
95.84	63.8
97.36	97.38
100.8	97.38
101.45	123.75
103.07	151.25
104.89	151.25
105.31	170.72
108.62	170.72
110.59	170.72
110.98	120.3
113.09	120.3
113.21	120.3
116.15	10.14
117.59	10.14
118.98	10.14
121.44	59.95
122.24	59.95
123.15	59.95
123.77	136.29
127.17	136.29
130.21	70.58
130.49	70.58
132.09	70.58
132.35	68.89
135.08	52.39
137.34	111.71
138.04	3.73
140.97	175.72
144.41	144.62
146.81	86.14
148.96	86.14
149.2	86.14
150.54	55.43
151.79	55.43
152.88	55.43
154.83	56.44
155.53	56.44
156.75	56.44
157.25	124.44
157.87	124.44
159.96	195.84
162.56	195.84
163.7	195.84
165.05	17.41
167.47	17.41
168.24	36.4
169.33	36.4
171.87	36.4
172.56	0.38
173.87	0.38
174.7	68.2
177.41	68.2
179.84	160.19
183.0	160.19
183.99	160.19
187.05	63.38
188.66	63.38
192.05	63.38
194.09	59.78
195.23	59.78
196.0	59.78
198.37	170.12
201.23	170.12
204.37	172.6
204.88	205.48
205.9	205.48
207.87	205.48
210.14	49.29
212.65	137.81
215.5	137.81
216.3	83.89
219.5	38.71
221.15	7.9
221.52	163.02
222.98	163.02
226.37	150.29
229.63	65.99
232.82	24.55
233.43	24.55
234.48	206.28
235.04	206.28
237.37	145.35
239.06	145.35
241.08	102.22
242.51	102.22
245.75	190.18
248.71	190.18
251.81	190.18
