0.16	173.98
1.47	23.25
4.59	120.66
5.5	120.66
8.62	120.66
10.84	143.69
13.65	143.69
14.57	17.01
17.06	17.01
18.49	17.01
21.84	2.56
23.11	2.56
23.81	2.56
26.02	171.94
29.16	171.94
32.06	171.94
34.73	109.07
38.21	109.07
39.73	109.07
40.72	80.27
44.2	155.07
45.39	155.07
46.57	155.07
47.6	88.88
49.62	88.88
51.25	62.35
52.16	62.35
53.63	62.35
54.1	47.31
57.49	47.31
60.54	44.58
62.36	44.58
65.57	22.49
69.02	22.49
71.81	82.77
72.93	82.77
74.25	145.29
74.84	101.82
77.09	101.82
78.69	101.82
81.28	29.41
82.32	107.97
82.58	107.97
84.39	107.97
85.02	140.54
87.42	140.54
88.61	31.89
91.66	31.89
94.53	145.6
94.95	145.6
96.34	183.5
99.27	183.5
102.26	183.5
105.56	40.77
107.24	40.77
109.99	191.56
113.42	191.56
116.02	161.75
118.98	161.75
119.47	91.61
122.19	17.69
123.51	12.59
124.58	50.07
126.48	50.07
127.05	50.07
128.75	179.46
128.94	66.91
131.07	66.91
133.13	66.91
135.57	155.63
137.2	155.63
138.76	155.63
139.65	130.73
140.86	130.73
142.13	130.73
145.51	64.11
147.41	193.52
148.22	193.52
151.21	44.38
151.81	4.06
154.95	4.06
155.12	4.06
155.39	51.82
156.29	51.82
158.3	51.82
159.16	29.79
161.77	41.6
163.35	41.6
166.41	41.6
167.88	80.26
169.84	143.57
171.0	143.57
173.56	89.92
176.1	89.92
176.7	85.97
179.9	205.43
181.98	205.43
183.46	205.43
186.21	109.6
187.34	109.6
190.83	109.6
193.09	69.42
196.37	62.7
199.42	62.7
201.0	62.7
203.54	81.42
206.18	104.17
208.9	104.17
212.26	101.11
213.21	58.03
215.32	58.03
217.52	58.03
218.77	24.06
222.23	90.91
223.97	125.82
227.22	125.82
228.98	39.43
231.69	39.43
234.02	39.43
236.39	89.53
239.27	48.86
241.17	155.46
244.32	129.0
246.08	129.0
247.38	129.0
248.62	31.42
249.04	50.0
251.54	50.0
