2.69	145.67
5.64	145.67
8.34	145.67
10.47	151.5
11.17	151.5
13.51	89.27
15.7	78.47
16.35	78.47
19.81	78.47
22.14	181.65
24.06	170.76
26.97	170.76
28.61	170.76
31.89	48.5
33.35	48.5
33.67	48.5
35.68	122.69
36.91	149.46
37.95	149.46
40.89	71.99
43.64	118.3
44.26	118.3
47.49	173.03
50.78	173.03
53.45	173.03
55.1	109.53
55.41	35.77
58.08	201.01
61.53	140.04
64.54	140.04
66.01	71.4
68.61	71.4
70.88	71.4
72.99	150.14
75.82	166.69
77.49	166.69
79.8	166.69
79.96	107.17
80.71	206.47
81.92	206.47
82.19	127.99
85.11	3.37
85.23	38.22
85.79	38.22
88.64	38.22
91.13	149.44
94.02	149.44
94.43	149.44
97.11	162.48
98.81	52.61
100.15	52.61
100.83	52.61
102.15	169.32
103.36	189.16
105.62	56.85
106.72	56.85
107.51	56.85
109.71	123.27
113.1	123.27
116.02	123.27
117.21	90.34
118.96	162.71
120.34	67.53
121.54	67.53
124.42	140.35
125.81	181.02
128.67	181.02
131.1	112.57
133.43	112.57
135.9	132.32
138.49	158.62
140.81	95.3
142.32	95.3
145.57	95.3
148.68	94.53
150.33	110.07
152.65	80.28
155.35	80.28
158.09	147.41
159.57	147.41
161.72	82.8
163.9	82.8
165.45	82.8
168.69	4.3
169.16	4.3
170.83	23.89
172.96	23.89
175.2	23.89
175.31	94.6
177.1	94.6
180.43	94.6
183.82	65.22
184.29	65.22
187.1	119.66
188.08	119.66
189.26	80.18
191.89	41.59
193.3	29.56
195.12	29.56
196.11	175.26
199.5	175.26
201.17	74.85
201.33	36.35
202.72	36.35
203.4	36.35
203.83	142.44
204.73	142.44
206.55	185.26
207.23	144.43
209.5	144.43
211.57	144.43
212.62	189.75
214.25	189.75
216.91	189.75
219.85	97.98
221.66	97.98
222.91	97.98
224.39	151.97
224.68	151.97
225.41	161.24
226.56	161.24
228.1	89.38
230.34	89.38
233.46	135.43
234.73	135.43
235.64	135.43
236.62	147.54
236.88	39.23
238.42	39.23
240.1	90.18
243.5	9.82
244.01	9.82
245.44	9.82
245.97	152.69
246.26	152.69
247.39	152.69
249.8	16.16
252.03	16.16
