1.52	50.31
2.73	50.31
6.11	204.55
6.92	135.68
7.77	135.68
10.96	135.68
12.18	5.96
15.54	5.96
18.01	28.37
19.67	28.37
22.9	28.37
26.0	162.61
26.55	162.61
29.77	162.61
32.49	44.37
34.59	44.37
37.17	44.37
37.56	190.32
40.64	190.32
42.09	190.32
43.28	16.26
44.9	195.23
47.27	146.8
48.4	146.8
50.82	30.77
53.77	30.77
55.3	30.77
58.64	105.84
59.66	156.62
62.84	76.59
65.35	202.82
66.97	202.82
68.24	162.28
69.24	162.28
70.67	162.28
72.76	202.02
73.25	202.02
74.14	202.02
74.55	185.66
77.11	185.66
79.04	141.48
80.65	98.57
83.62	98.57
85.3	98.57
86.13	68.6
89.52	68.6
90.27	171.08
92.21	74.87
93.25	146.34
93.53	146.34
94.03	146.34
94.28	136.87
96.96	136.87
99.14	136.87
100.43	104.76
103.82	104.76
106.11	104.76
107.2	165.61
107.49	165.61
108.61	184.77
109.63	184.77
110.02	155.87
110.96	80.35
112.99	182.39
114.99	206.73
117.72	206.73
118.58	206.73
118.77	68.87
120.31	68.87
122.85	99.64
123.37	99.64
123.67	91.09
125.43	91.09
126.16	91.09
126.46	132.01
126.68	132.01
128.1	133.5
128.9	133.5
129.39	133.5
131.93	143.19
132.91	143.19
134.94	143.19
137.7	140.55
139.18	140.55
139.51	140.55
140.09	145.31
141.35	145.31
141.9	145.31
145.34	155.82
146.89	155.82
147.31	128.68
148.53	34.84
149.55	34.84
149.77	34.84
152.89	177.4
155.68	177.4
158.45	177.4
160.63	4.6
161.06	159.4
162.57	30.52
165.58	30.52
165.88	30.52
166.59	109.09
167.12	109.09
170.06	109.09
171.44	2.19
172.65	2.19
172.86	2.19
175.61	64.96
177.76	46.19
179.32	46.19
182.67	46.19
184.9	117.04
185.92	165.56
189.06	165.56
190.71	165.56
193.81	69.85
195.6	149.29
197.24	87.9
199.58	203.38
200.52	203.38
201.04	134.8
202.55	134.8
205.99	134.8
207.67	26.95
211.13	26.95
213.34	26.95
215.92	123.33
219.1	110.09
220.09	97.79
223.37	97.79
223.61	97.79
224.07	41.77
226.7	41.77
230.09	41.77
232.7	143.38
233.18	134.21
236.59	134.21
236.85	134.21
238.37	194.21
241.6	194.21
244.28	194.21
245.37	65.99
246.24	65.99
248.27	65.99
249.41	104.49
251.41	104.49
