2.19	206.17
2.68	103.31
4.81	103.31
4.96	30.29
5.64	155.54
6.05	55.93
7.24	55.93
8.06	88.06
9.67	88.06
11.72	88.06
14.31	44.57
16.67	44.57
18.81	152.66
20.67	152.66
21.68	152.66
23.24	16.42
26.3	16.42
26.65	105.41
29.65	203.98
33.05	203.98
33.36	203.98
36.2	77.43
38.94	196.74
39.48	196.74
41.48	196.74
44.01	91.19
46.02	91.19
48.89	91.19
49.44	111.08
51.88	133.51
53.8	133.51
56.83	133.51
59.38	72.16
61.67	72.16
62.87	176.18
66.36	176.18
69.26	176.18
71.22	36.32
74.48	36.32
75.25	36.32
78.7	126.22
80.65	126.22
81.58	126.22
83.78	90.44
85.02	60.5
87.82	60.5
91.22	60.5
91.71	126.1
94.98	18.73
96.91	18.73
98.28	18.73
99.74	59.65
103.07	59.65
105.89	83.02
106.33	87.09
108.58	87.09
109.81	87.09
110.89	39.43
112.72	193.14
113.55	193.14
113.71	173.56
115.52	53.26
118.5	199.33
120.08	199.33
122.2	91.58
122.62	149.27
123.89	93.31
124.61	199.19
127.03	199.19
128.08	199.19
128.87	111.76
132.22	97.51
133.07	97.51
135.11	15.27
138.13	15.27
139.67	15.27
139.86	33.27
141.37	123.61
142.76	123.61
143.42	123.61
144.99	114.88
147.34	114.88
149.9	114.88
153.22	141.46
156.36	141.46
159.71	55.72
161.04	112.05
161.17	112.05
161.79	11.22
164.3	170.72
166.5	135.06
166.66	135.06
168.34	135.06
168.81	165.91
170.46	55.78
172.26	55.78
174.3	98.82
176.66	62.89
178.57	62.89
179.61	116.52
180.37	116.52
180.7	164.74
182.44	164.74
183.51	164.74
186.57	164.85
186.84	164.85
187.87	88.72
190.16	36.9
190.9	131.65
194.37	131.65
197.22	147.59
200.15	147.59
201.59	147.59
203.07	120.98
205.4	120.98
206.52	120.98
209.47	60.88
212.03	154.29
214.27	81.3
214.7	68.92
217.05	68.92
217.69	68.92
218.21	91.25
221.61	14.42
222.59	14.42
223.09	14.42
223.44	69.66
224.52	69.66
227.61	69.66
230.36	93.01
232.04	93.01
233.61	93.01
236.7	22.41
238.48	22.41
239.66	201.2
241.7	201.2
243.98	167.04
244.91	167.04
245.28	170.77
248.12	170.77
249.71	170.77
250.85	93.26
