2.63	77.78
4.77	149.47
8.03	177.43
9.97	119.51
12.25	119.51
13.16	182.09
16.02	182.09
18.71	194.1
19.76	154.31
22.74	154.31
25.36	150.42
26.59	196.87
27.74	124.86
29.77	13.84
30.55	93.96
32.29	93.96
34.87	180.59
35.4	172.28
38.06	172.28
39.95	172.28
43.06	140.28
44.81	140.28
46.54	96.8
48.06	96.8
50.47	69.09
52.87	193.14
53.1	193.14
55.0	193.14
56.88	69.24
59.27	69.24
62.5	69.24
64.58	8.91
65.87	36.44
68.22	178.03
70.21	178.03
72.39	52.63
75.79	127.22
76.1	95.21
76.79	56.63
78.32	184.95
79.01	12.76
81.68	111.71
82.69	46.41
85.53	46.41
88.56	46.41
88.95	110.97
92.24	110.97
92.67	132.63
93.13	132.63
94.14	118.47
94.26	118.47
97.33	118.47
98.3	58.37
98.89	58.37
99.2	58.37
99.48	27.79
102.89	67.14
104.09	67.14
107.49	184.36
110.01	184.36
111.68	184.36
114.32	164.62
114.9	57.25
116.19	57.25
119.66	57.25
119.89	105.51
123.27	105.51
123.98	105.51
126.67	122.48
127.03	46.91
129.49	46.91
131.45	182.31
133.5	191.88
135.82	191.88
137.35	191.88
140.09	92.53
143.12	92.53
143.94	92.53
144.23	169.81
147.25	67.12
150.31	155.59
153.65	155.59
156.53	153.67
158.85	167.32
161.52	167.32
164.57	131.22
167.21	131.22
167.55	131.22
170.8	168.83
172.55	168.83
172.76	168.83
174.99	170.41
178.18	170.41
179.55	170.41
181.12	30.32
183.29	30.32
185.83	100.81
188.21	100.81
188.57	100.81
191.17	87.06
192.07	18.55
193.98	118.93
197.33	163.01
198.84	131.14
200.42	131.14
201.43	131.14
203.74	193.65
205.69	60.91
207.73	39.61
208.25	39.61
211.67	39.61
212.86	72.71
215.42	142.2
216.23	142.2
219.05	142.2
221.92	13.31
222.27	13.31
223.11	179.33
225.65	179.33
227.35	179.33
229.74	130.23
231.2	130.23
233.94	110.26
236.42	110.26
238.89	110.26
239.01	8.23
239.87	8.23
241.93	206.85
244.92	206.85
245.85	121.04
249.14	97.83
251.95	42.45
