2.76	88.71
5.49	106.44
8.4	106.44
8.79	145.14
9.26	22.82
10.49	97.65
11.38	134.55
14.59	134.55
14.89	134.55
17.74	94.56
20.34	94.56
23.15	94.56
24.68	202.1
25.79	76.35
27.13	187.01
27.87	187.01
28.69	54.87
30.37	64.43
33.7	103.23
35.3	70.02
36.7	70.02
38.23	70.02
38.43	168.77
39.96	196.37
40.94	196.37
41.85	4.43
44.64	4.43
45.8	20.23
46.71	83.29
50.04	39.83
50.23	39.83
52.82	39.83
54.5	126.77
55.25	126.77
57.42	126.77
59.26	116.35
62.06	116.35
62.36	13.52
64.03	70.07
64.92	70.07
67.3	70.07
70.7	56.82
72.07	56.82
75.32	56.82
76.53	43.64
76.69	43.64
78.28	198.76
79.28	198.76
81.45	198.76
84.45	144.78
85.28	144.78
85.66	206.97
87.28	11.82
88.39	11.82
89.03	11.82
91.33	59.53
94.48	59.53
96.77	0.43
97.22	168.56
100.21	168.56
100.6	149.59
103.27	149.59
105.04	156.55
106.02	156.55
107.48	30.55
109.85	30.55
112.29	30.55
112.45	184.71
114.42	184.71
115.79	67.18
116.84	67.18
120.25	150.23
121.41	189.94
123.71	189.94
126.47	189.94
129.45	159.71
131.53	159.71
132.06	159.71
135.06	110.87
135.38	18.0
136.73	18.0
139.12	18.0
140.8	9.16
143.56	154.52
143.83	195.13
144.34	195.13
147.68	195.13
148.24	163.88
149.43	179.65
152.12	127.58
154.83	127.58
155.25	127.58
157.01	169.82
160.15	26.44
161.92	137.53
164.55	137.53
165.65	1.91
167.48	162.45
170.76	87.2
173.0	87.2
175.17	191.45
177.79	191.45
178.12	32.67
180.33	32.67
182.82	32.67
183.22	19.87
184.54	19.87
186.16	109.84
188.47	161.95
191.8	161.95
193.22	161.95
196.11	7.46
197.1	63.52
200.19	75.37
200.75	75.37
202.78	65.12
205.55	140.04
206.34	140.04
208.59	140.04
211.09	119.32
214.23	119.32
215.77	113.86
218.73	113.86
220.74	32.46
222.14	56.72
224.87	105.72
225.44	105.72
226.55	105.72
229.19	48.67
229.84	48.67
231.3	48.67
233.84	165.39
234.58	145.71
236.07	39.66
238.77	123.12
241.79	53.51
244.32	53.51
244.65	147.99
245.71	147.99
246.06	147.22
247.65	203.8
250.83	174.89
