1.68	111.64
2.28	111.64
2.7	36.53
2.91	36.53
3.1	45.2
3.4	45.2
6.84	10.65
9.29	10.65
12.61	149.47
14.03	149.47
17.17	62.93
17.29	62.93
20.05	103.03
21.05	103.03
23.58	31.67
24.58	24.59
27.55	24.59
29.24	136.58
30.01	20.6
32.15	20.6
34.17	7.21
35.33	7.21
38.68	7.21
41.09	54.94
42.67	54.94
44.46	54.94
45.26	95.07
45.44	95.07
46.41	95.07
47.13	108.77
50.32	108.77
53.63	108.77
56.7	110.65
58.3	110.65
60.62	110.65
63.97	190.9
65.92	190.9
68.24	190.9
71.63	84.55
73.09	88.59
74.31	88.59
76.1	88.59
79.56	108.37
80.52	111.48
81.18	111.48
81.84	111.48
83.37	190.44
85.71	190.44
86.07	170.55
88.06	44.35
88.19	52.67
90.06	52.67
91.65	52.67
92.16	140.24
94.15	68.57
96.44	68.57
96.63	68.57
98.08	56.31
100.51	56.31
100.61	25.48
103.36	25.48
104.5	25.48
107.24	153.62
107.54	153.62
107.9	153.62
108.76	83.57
112.21	83.57
112.47	83.57
115.73	42.21
117.27	38.94
119.39	38.94
122.42	6.95
125.08	6.95
125.34	115.51
126.65	115.51
128.29	102.78
131.29	153.26
133.58	71.54
136.94	128.13
140.08	128.13
143.54	135.37
144.43	135.37
145.61	135.37
146.3	164.82
148.04	164.82
150.6	164.82
152.64	48.88
155.38	13.5
157.78	13.5
161.17	82.7
163.22	135.71
166.66	132.52
170.01	132.52
170.55	200.47
171.36	107.29
171.78	107.29
175.01	107.29
176.9	203.73
177.17	203.73
180.59	25.68
181.53	25.68
184.45	124.52
187.73	124.52
189.97	196.62
191.29	145.22
194.17	192.72
195.28	192.72
198.4	192.72
200.52	120.25
201.16	159.93
202.04	159.93
203.39	159.93
204.75	164.8
206.74	164.8
207.57	164.8
209.36	125.25
210.22	125.25
211.09	70.9
213.95	70.9
216.09	70.9
218.65	120.51
222.06	117.0
224.51	43.09
227.41	43.09
228.43	43.09
231.09	92.1
231.89	92.1
232.21	92.1
233.01	71.13
233.69	71.13
236.73	71.13
238.44	153.48
240.84	144.61
241.07	144.61
241.84	147.27
242.77	147.27
245.43	147.27
246.78	186.11
248.83	186.11
252.07	186.11
