3.37	198.64
4.51	198.64
5.52	55.83
5.63	48.26
7.0	48.26
7.88	34.99
11.14	34.99
12.28	34.99
12.97	118.52
15.36	118.52
15.97	118.52
19.45	86.75
20.25	110.21
23.49	110.21
24.34	110.21
26.46	146.46
29.72	166.12
32.46	166.12
34.19	166.12
35.81	99.65
37.28	99.65
39.32	99.65
41.8	35.3
43.57	35.3
45.01	35.3
45.69	163.25
48.39	163.25
51.23	163.25
52.14	122.48
52.31	122.48
53.47	122.48
56.45	100.5
57.24	44.96
58.15	107.32
60.88	107.32
63.49	107.32
65.07	0.91
68.08	0.91
69.7	125.13
73.0	125.13
75.0	127.09
78.03	171.73
81.36	171.73
83.7	171.73
86.28	101.82
86.48	172.98
88.51	172.98
91.31	60.54
94.67	60.54
97.53	72.38
98.68	72.38
99.68	74.95
100.44	121.71
100.77	121.71
102.56	57.65
102.92	99.05
104.86	181.64
107.5	181.64
108.54	181.64
111.7	8.57
112.11	8.57
112.85	3.91
114.52	3.91
117.81	3.91
120.69	178.76
123.07	32.68
124.91	146.33
125.39	146.33
125.71	146.33
127.41	129.62
129.69	129.62
131.33	129.62
134.36	129.31
135.37	27.53
136.24	184.96
138.43	195.76
140.49	27.2
143.23	40.42
146.43	56.51
149.75	56.51
152.3	181.57
153.09	10.77
155.54	10.77
156.48	10.77
156.82	155.59
157.64	44.51
158.45	44.51
160.57	96.39
161.64	96.39
164.81	97.32
167.33	97.32
170.12	97.32
171.99	58.6
172.59	58.6
172.92	58.6
176.22	98.76
179.44	98.76
181.78	98.76
185.18	10.43
187.98	13.42
188.58	13.42
189.16	118.4
191.56	118.4
194.49	13.21
195.35	13.21
196.34	10.93
199.21	10.93
201.2	181.55
204.54	181.55
207.28	181.55
209.29	194.46
211.15	155.13
211.46	155.13
212.9	74.73
214.52	74.73
216.37	74.73
216.72	73.78
216.91	73.78
217.85	73.78
218.15	177.2
220.98	22.04
222.15	178.06
223.29	178.06
224.51	178.06
225.48	39.72
225.94	39.72
228.57	185.22
231.94	185.22
232.32	185.22
233.02	84.67
234.87	157.44
237.27	157.44
238.02	178.39
241.41	178.39
243.91	178.39
246.27	165.68
248.4	32.25
250.41	32.25
