3.27	4.23
4.46	4.23
6.61	117.11
6.83	117.11
7.23	54.06
9.99	54.06
13.21	53.6
14.86	53.6
16.78	53.6
17.14	111.45
17.71	111.45
19.05	13.97
21.74	13.97
22.33	13.97
23.69	49.39
25.45	49.39
27.28	123.91
29.42	123.91
32.3	205.25
33.37	67.06
36.45	67.06
39.42	188.59
40.22	188.59
41.76	188.59
45.23	60.53
45.48	174.64
48.66	53.94
48.78	75.6
50.32	75.6
53.58	99.92
56.4	141.84
59.48	141.84
61.42	141.84
64.58	147.1
67.14	147.1
68.16	62.94
70.93	38.62
74.31	38.62
77.58	38.62
78.03	60.33
79.85	60.33
80.77	60.33
81.64	120.21
84.15	52.28
86.19	52.28
87.39	52.28
89.28	36.39
89.56	81.02
90.7	183.99
93.11	183.99
94.35	183.99
97.56	38.71
97.86	101.59
99.66	38.91
101.31	38.91
103.34	76.18
105.64	76.18
106.83	76.18
109.31	175.05
111.48	175.05
112.3	80.57
112.92	80.57
115.25	161.82
118.25	188.46
119.61	188.46
120.23	149.41
121.59	149.41
123.01	37.05
125.15	125.82
127.68	125.82
128.71	125.82
129.15	31.34
129.66	31.34
131.92	31.34
132.94	99.19
135.79	99.19
137.04	99.19
138.84	171.9
140.51	107.72
142.72	107.72
145.79	201.41
146.85	201.41
149.66	148.46
150.26	148.46
151.7	148.46
154.47	150.24
154.68	51.16
155.63	51.16
158.34	51.16
161.24	97.4
161.99	97.4
162.9	97.4
165.37	119.66
165.72	95.09
167.43	95.09
169.56	95.09
171.84	34.91
172.4	34.91
173.08	34.91
174.68	65.12
177.18	117.45
177.89	117.45
179.64	5.41
181.59	5.41
183.02	5.41
184.75	143.02
186.16	143.02
187.53	143.02
187.98	175.98
191.32	180.52
191.84	180.52
194.4	66.03
196.72	66.03
200.04	145.64
201.49	145.64
204.91	165.35
206.3	165.35
207.17	83.44
209.11	83.44
212.31	148.54
213.56	148.54
216.06	148.54
218.77	69.55
219.0	69.55
219.94	69.55
222.09	187.34
223.24	187.34
224.88	124.41
225.95	124.41
228.16	156.69
228.86	156.69
229.02	156.69
230.76	92.28
232.71	167.69
233.86	167.69
235.63	19.02
238.19	19.02
240.81	182.46
242.76	182.46
243.22	118.6
245.72	80.38
246.87	80.38
248.88	141.55
251.14	141.55
