3.36	97.04
3.73	97.04
6.04	97.04
7.87	99.56
10.73	175.01
12.63	175.01
14.09	175.01
15.94	119.81
18.25	123.31
19.96	1.9
23.39	161.82
25.8	114.31
28.49	168.56
30.08	40.06
32.76	201.94
35.98	201.94
37.51	117.96
40.57	67.45
43.5	99.05
45.76	202.79
46.68	55.26
49.8	55.26
53.22	30.82
55.84	30.82
56.26	102.5
56.91	102.5
59.24	102.5
60.73	135.91
62.62	32.15
65.24	81.08
65.62	81.08
67.69	81.08
70.28	96.12
72.78	96.12
73.48	116.21
74.31	110.96
74.98	110.96
76.51	110.96
78.37	99.01
81.3	99.01
82.87	99.01
85.67	126.3
87.01	126.3
88.82	97.22
89.75	97.22
92.03	139.37
94.74	139.37
98.06	139.37
98.51	61.78
100.87	35.69
103.2	35.69
104.4	51.22
107.51	51.22
108.29	51.22
111.74	78.69
113.81	78.69
114.58	78.69
116.61	151.19
119.36	151.19
120.29	156.94
120.68	156.94
123.93	194.17
125.42	194.17
128.67	194.79
128.83	194.79
130.54	194.79
132.33	120.67
133.13	120.67
133.74	120.67
134.35	81.53
137.65	81.53
139.4	81.53
140.96	93.3
141.69	93.74
143.14	152.82
146.28	152.82
148.78	19.87
150.56	19.87
151.42	180.31
151.87	168.46
154.33	168.46
155.38	168.46
158.26	53.25
161.57	53.25
163.72	53.25
166.47	14.79
169.6	14.79
171.72	127.68
172.45	127.68
172.66	2.94
175.61	2.94
176.71	185.26
180.07	103.36
182.78	103.36
186.01	103.36
188.03	169.7
188.5	20.02
191.88	20.02
192.78	20.02
194.57	9.13
196.32	9.13
196.43	9.13
197.56	97.86
199.82	137.42
202.45	73.94
204.46	73.94
206.22	73.94
207.56	180.83
208.46	180.83
209.29	180.83
210.15	78.88
210.66	78.88
213.08	78.88
216.14	76.73
216.35	58.29
218.52	58.29
221.37	42.12
223.62	42.12
225.28	84.48
226.46	84.48
227.81	40.88
228.53	40.88
229.16	40.88
230.47	30.72
232.07	10.75
232.78	166.54
235.78	167.96
237.31	167.96
240.73	193.6
243.02	193.6
243.97	91.82
246.64	91.82
248.05	20.17
249.49	20.17
251.0	64.34
