0.81	72.71
2.48	92.86
3.44	48.1
6.0	48.1
8.21	48.1
11.48	126.44
14.94	126.44
15.79	126.44
17.78	110.32
20.73	96.21
21.78	142.18
23.18	192.73
26.21	11.07
28.96	132.53
31.73	132.53
35.16	132.53
35.49	71.89
38.5	75.77
39.82	75.77
40.65	75.77
42.46	126.3
44.64	17.56
46.01	57.98
46.19	172.83
47.87	172.83
50.75	172.83
52.87	121.9
55.91	121.9
58.56	81.6
61.29	91.34
61.9	124.59
64.6	124.59
66.9	124.59
67.63	98.62
67.96	98.62
70.29	94.42
72.01	171.58
73.05	26.06
75.81	26.06
76.45	26.06
77.13	201.27
79.69	27.33
80.51	27.33
82.13	76.4
84.89	76.4
85.56	51.28
86.63	42.4
87.04	42.4
87.69	111.83
90.74	111.83
94.17	60.51
94.54	73.28
95.31	73.28
98.7	73.28
101.53	137.03
104.41	64.37
106.5	153.63
106.91	153.63
107.93	153.63
110.65	24.61
112.87	24.61
114.96	24.61
115.95	77.74
117.41	77.74
119.55	77.74
122.18	204.22
124.32	204.22
125.78	204.22
126.73	165.61
127.8	165.61
129.4	165.61
132.35	49.8
133.74	49.8
135.81	61.53
137.69	61.53
137.92	147.93
138.74	147.93
141.77	147.93
143.98	177.86
145.54	177.86
147.5	11.04
149.91	11.04
152.51	11.04
154.57	136.84
155.4	136.84
158.0	166.8
161.23	166.8
163.41	74.42
163.89	181.32
166.36	132.81
167.01	132.81
167.55	60.86
170.49	60.86
173.45	126.9
175.19	126.9
178.24	19.57
180.81	19.57
184.24	19.57
185.42	39.89
187.62	39.89
189.62	61.09
191.91	61.09
195.28	95.47
197.21	95.47
200.61	95.47
202.97	146.51
203.86	146.51
205.2	146.51
207.39	202.02
207.89	99.22
208.19	55.04
209.42	67.85
210.95	67.85
213.11	67.85
216.49	141.53
217.92	141.53
218.72	49.23
220.09	49.23
222.62	87.73
222.77	87.73
225.41	87.73
226.88	11.23
228.93	20.24
229.17	20.24
230.84	20.24
233.95	118.52
234.81	118.52
237.93	118.52
240.86	117.43
243.82	117.43
246.77	117.43
248.61	42.59
250.42	122.27
