2.86	129.75
5.0	129.75
5.82	75.56
6.75	75.56
9.65	147.87
11.75	95.84
14.13	95.84
17.58	95.84
20.55	125.88
22.44	36.4
24.75	71.71
25.57	110.87
29.04	110.87
29.44	110.87
30.31	53.23
30.7	22.71
31.21	63.64
33.66	63.64
34.45	63.64
37.54	117.99
39.79	117.99
40.16	40.8
41.23	40.8
44.68	40.8
47.25	56.44
49.09	58.72
51.02	58.72
52.6	58.72
53.1	18.02
53.79	75.44
55.35	75.44
55.78	75.44
56.05	67.37
57.66	94.55
60.77	201.6
63.21	201.6
65.73	88.35
68.78	88.35
71.34	88.35
72.82	2.92
74.27	2.92
75.43	2.92
77.6	203.57
78.09	105.01
81.29	105.01
83.2	105.01
84.38	192.45
85.87	27.54
88.75	33.3
91.87	145.89
93.96	145.89
95.75	145.89
97.95	204.87
99.66	164.93
100.83	164.93
103.98	7.62
104.57	101.27
105.48	148.35
107.15	148.35
109.45	148.35
112.35	166.01
113.69	163.8
114.59	141.09
116.53	141.09
119.73	141.09
120.82	94.16
124.17	94.81
127.57	44.87
129.67	44.87
129.92	6.61
132.0	83.16
133.84	122.62
137.21	170.63
139.1	13.83
139.66	13.83
142.3	13.83
142.9	147.68
145.71	178.84
146.13	55.15
148.01	71.83
149.66	159.66
151.5	159.66
154.17	159.66
157.49	66.95
158.36	66.95
159.5	66.95
160.92	14.41
163.98	14.41
167.04	14.41
167.3	170.41
169.61	170.41
171.94	182.31
174.79	182.31
176.49	163.06
179.52	186.73
181.75	186.73
184.22	150.61
184.9	150.61
187.42	79.67
188.76	79.67
190.65	66.04
193.14	89.41
195.23	89.41
196.71	17.35
198.78	104.42
199.87	112.46
203.36	112.46
203.91	112.46
204.84	156.0
207.85	156.0
208.7	192.99
211.01	192.99
211.77	156.3
215.13	156.3
218.38	156.3
220.31	88.64
220.45	88.64
221.85	88.64
223.72	17.7
226.47	37.75
229.15	37.75
230.18	37.75
233.53	202.42
235.72	202.42
237.48	65.59
240.89	5.7
242.28	5.7
243.11	5.7
246.01	57.58
248.91	57.58
252.22	12.88
