1.09	155.78
3.58	155.78
4.39	116.28
6.36	33.16
7.35	33.16
8.82	183.46
12.05	183.46
14.51	50.07
16.5	50.07
18.38	50.07
20.95	179.02
22.8	50.77
23.05	185.07
26.39	185.07
28.22	185.07
31.37	36.12
32.03	36.12
32.66	36.12
35.53	93.8
36.14	93.8
39.26	93.8
40.21	152.58
42.85	72.23
45.65	166.74
47.4	65.73
50.82	145.72
52.19	145.72
52.63	145.72
55.88	63.46
58.69	14.85
59.9	14.85
63.36	14.85
64.22	113.0
67.61	113.0
70.14	113.0
73.54	77.61
76.01	77.61
77.66	77.61
80.05	159.93
81.43	159.93
81.78	72.67
82.7	72.67
86.14	72.67
88.91	21.62
92.06	21.62
94.35	21.62
94.46	46.02
96.92	46.02
100.08	10.02
103.58	10.02
104.81	188.45
105.04	91.08
105.42	163.06
108.54	201.69
111.76	201.69
113.78	102.18
113.92	4.6
115.0	4.6
116.47	56.1
119.22	146.24
119.44	146.24
122.02	12.58
122.34	203.72
122.63	85.13
126.04	85.13
127.92	23.14
129.95	23.14
130.46	198.29
133.4	198.29
135.35	198.29
135.5	75.79
138.56	75.79
142.04	180.88
142.17	138.9
142.46	138.9
142.87	138.9
144.83	20.34
148.04	20.34
150.09	20.34
152.52	86.54
154.71	67.58
154.91	67.58
157.92	142.34
159.82	142.34
161.99	142.34
162.37	91.07
165.23	91.07
168.6	91.07
171.01	104.37
172.03	104.37
173.92	24.06
175.2	24.06
176.29	112.53
176.47	112.53
177.01	112.53
179.83	42.55
182.78	42.55
184.88	29.59
186.48	29.59
189.58	29.59
190.85	193.47
191.2	193.47
193.66	193.47
195.12	65.98
196.8	65.98
198.25	44.83
198.88	177.91
199.21	177.91
199.32	177.91
201.01	41.58
203.79	41.58
204.72	41.58
207.33	176.39
208.16	176.39
211.63	176.39
213.49	178.47
213.98	178.47
215.84	178.47
219.22	56.41
222.31	188.14
222.41	188.14
224.89	188.14
225.1	121.18
228.22	130.67
229.57	22.32
232.91	68.05
234.31	68.05
237.14	68.05
240.51	70.54
240.92	70.54
242.38	96.51
244.2	191.62
246.18	191.62
248.2	3.77
248.99	3.77
252.23	3.77
