0.46	11.98
3.96	108.27
6.94	108.27
7.7	34.94
9.11	34.94
11.77	34.94
13.83	10.25
14.88	155.14
14.98	155.14
16.19	155.14
18.29	47.44
19.57	47.44
22.99	47.44
26.01	136.67
28.32	136.67
28.65	136.67
29.91	86.59
30.07	199.75
33.09	8.03
35.7	128.82
38.84	128.82
41.71	127.34
44.36	127.34
45.37	204.06
47.37	204.06
50.82	204.06
51.73	30.83
53.53	30.83
55.35	30.83
55.79	38.24
58.05	108.74
60.77	110.72
62.9	110.72
64.25	110.72
66.94	71.96
68.7	71.96
70.39	71.96
71.28	128.63
73.49	128.63
75.35	111.74
75.5	111.74
78.72	194.47
79.63	194.47
80.69	194.47
82.79	98.72
85.06	98.72
86.67	71.38
89.65	84.4
92.14	84.4
92.57	76.01
92.83	76.01
96.14	76.01
96.62	204.55
99.56	145.61
101.53	145.61
103.21	203.19
103.53	203.19
103.71	203.19
107.12	94.83
107.31	94.83
110.63	94.83
111.68	88.15
113.59	88.15
115.84	88.15
117.88	199.79
120.05	199.79
120.73	199.79
122.45	101.18
125.62	101.18
128.04	101.18
130.07	171.85
132.44	161.89
132.76	161.89
136.2	161.89
136.76	181.42
140.16	181.42
142.24	181.42
144.26	28.06
146.7	28.06
148.1	28.06
149.55	71.27
152.27	71.27
152.49	59.93
155.31	117.57
158.35	117.57
158.58	117.57
159.91	70.61
160.76	199.91
162.91	199.91
163.16	169.58
164.26	169.58
166.88	169.58
167.23	39.57
170.27	39.57
170.86	39.57
174.11	119.22
175.44	119.22
177.17	119.22
178.84	138.51
181.37	138.51
184.26	119.45
187.27	119.45
188.22	75.82
190.98	75.82
191.2	75.82
194.27	89.62
195.67	89.62
197.26	89.62
197.77	90.87
200.0	90.87
202.54	79.45
206.04	79.45
208.31	138.53
208.77	138.53
209.21	138.53
210.99	22.23
213.9	22.23
215.99	22.23
219.0	162.55
220.99	162.55
221.24	68.39
221.5	40.01
223.26	133.15
223.6	133.15
226.1	133.15
226.79	89.2
229.92	89.2
232.5	61.1
235.61	61.1
238.22	1.65
240.42	1.65
243.42	1.65
244.11	96.65
246.61	96.65
248.65	96.65
249.0	32.05
249.46	124.7
251.18	124.7
