1.61	84.67
2.43	138.08
3.57	138.08
6.4	105.29
9.72	13.04
11.9	13.04
12.16	13.04
13.28	146.04
14.26	146.04
15.11	43.74
18.23	43.74
21.22	43.74
24.29	65.94
25.24	65.94
27.86	193.23
30.72	193.23
30.95	101.51
33.62	101.51
36.3	101.51
38.17	3.78
40.48	3.78
41.06	188.77
41.71	188.77
44.43	14.53
44.85	14.53
45.33	111.0
45.83	65.82
46.76	47.65
49.12	47.65
51.54	47.65
53.75	102.07
54.33	40.35
55.14	200.08
57.36	200.08
60.44	200.08
63.08	155.47
65.67	190.88
68.83	190.88
70.52	190.88
71.23	19.16
73.01	113.85
75.13	133.61
76.55	133.61
77.74	56.83
79.06	160.39
80.35	160.39
80.56	3.22
82.49	11.99
82.79	11.99
85.33	11.99
88.31	103.45
90.07	17.02
93.19	17.02
95.56	17.02
95.88	122.19
96.99	122.19
98.78	121.19
100.83	204.17
101.12	204.17
103.7	62.6
106.38	55.92
107.89	55.92
109.16	55.92
109.54	96.2
109.91	96.2
111.94	96.2
114.33	191.36
116.92	164.06
119.69	164.06
122.3	10.38
124.44	73.8
125.35	110.47
125.8	170.57
126.7	82.56
129.58	174.64
132.02	174.64
132.6	174.64
134.13	167.05
134.83	15.29
135.11	67.73
135.35	67.73
135.47	67.73
136.22	65.64
137.66	65.64
139.33	65.64
142.43	190.51
145.22	78.5
147.07	168.7
149.58	168.7
152.62	136.18
156.07	136.18
158.22	205.2
159.98	86.78
160.95	86.78
161.77	86.78
163.68	101.05
164.4	101.05
167.58	151.22
170.63	151.22
171.5	183.89
173.01	7.12
173.15	7.12
175.83	110.43
176.72	110.43
177.25	38.83
180.58	38.83
182.29	38.83
182.63	36.7
183.2	36.7
184.12	36.7
186.57	195.29
187.71	195.29
188.95	43.18
189.23	43.18
190.26	43.18
190.61	102.5
191.54	102.5
192.82	102.5
195.62	181.52
196.51	181.52
199.41	181.52
201.81	63.21
202.35	17.6
205.15	17.6
207.96	17.6
210.11	129.3
212.93	129.3
215.7	173.45
217.43	173.45
218.01	173.45
220.81	149.87
222.63	149.87
225.85	45.75
228.84	46.05
230.22	46.05
232.99	46.05
235.72	137.96
236.47	133.57
236.63	133.57
239.06	133.57
242.07	41.6
242.79	41.6
244.79	190.3
245.5	134.6
246.58	7.15
247.06	7.15
248.01	80.91
248.29	80.91
251.03	80.91
