2.8	48.88
3.32	48.88
5.25	152.64
6.47	122.39
9.96	122.39
11.51	169.24
14.23	169.24
15.19	187.62
15.5	183.97
15.72	183.97
16.31	24.61
16.49	110.25
17.28	57.57
20.18	57.57
22.7	57.57
26.03	69.92
29.32	69.92
29.52	51.6
30.41	196.05
31.94	87.22
32.63	87.22
33.54	87.22
33.8	139.18
35.74	139.18
39.14	139.18
39.5	80.61
42.56	81.01
44.45	179.67
47.85	179.67
50.95	179.67
52.05	110.22
55.01	110.22
56.33	160.04
58.3	160.04
60.79	97.36
62.54	97.36
65.94	97.36
68.67	94.31
71.94	94.31
73.75	94.31
75.82	15.33
77.83	15.33
79.02	15.33
82.22	118.65
83.22	112.2
86.25	184.77
87.09	184.77
88.58	184.77
89.38	191.04
91.51	191.04
94.42	191.04
95.46	6.71
96.36	6.71
99.14	6.71
102.19	65.67
102.84	138.04
103.12	138.04
104.13	36.36
105.82	36.36
107.05	36.36
108.27	36.22
109.83	36.22
111.34	36.22
111.72	163.38
114.35	163.38
115.48	174.97
117.56	174.0
118.54	167.28
119.6	12.16
120.33	14.05
122.56	14.05
125.77	25.65
127.72	92.99
128.01	92.99
129.07	2.54
131.7	90.01
133.87	90.01
134.69	199.11
134.84	145.8
136.15	142.29
138.52	142.29
140.81	180.16
141.89	180.16
143.52	193.48
143.65	130.5
146.54	130.5
148.06	130.5
150.64	24.16
153.82	204.88
156.46	19.5
158.23	19.5
160.71	19.5
163.46	147.14
164.51	99.67
165.48	99.67
167.46	99.67
167.6	197.28
167.87	16.57
170.53	16.57
172.95	16.57
174.89	201.9
175.97	201.9
178.89	201.9
179.51	46.5
179.91	46.5
181.47	33.91
182.8	33.91
183.66	98.84
185.33	98.84
187.91	98.84
190.05	204.62
190.59	204.62
191.14	204.62
192.46	168.5
194.86	168.5
195.33	24.38
197.63	81.54
198.9	81.54
201.25	81.54
202.15	30.58
205.28	30.58
205.63	30.58
205.83	113.47
206.24	113.47
207.71	113.47
209.15	28.8
212.48	28.8
213.9	28.8
215.97	81.25
219.22	81.25
221.51	81.25
221.99	29.63
224.55	29.63
225.16	29.63
227.71	9.48
230.24	178.89
230.84	178.89
231.95	178.89
234.37	18.94
235.4	18.94
236.24	18.94
236.83	185.84
240.31	55.34
241.47	55.34
243.88	14.06
244.75	14.06
245.51	14.06
247.75	62.09
248.1	170.54
248.9	170.54
251.86	136.16
