3.25	50.25
4.08	50.25
7.0	50.25
7.58	33.47
10.43	33.47
13.67	33.47
14.06	62.1
14.58	62.1
15.67	62.1
17.68	192.77
20.98	82.38
23.01	82.38
26.5	82.38
27.87	79.03
28.48	79.03
28.97	79.03
32.1	109.14
33.26	109.14
36.57	78.88
38.98	78.88
41.01	162.04
42.89	87.52
46.2	73.66
48.12	73.66
50.14	73.66
51.68	133.55
51.86	133.55
53.14	133.55
55.57	40.03
56.38	40.03
59.15	82.16
62.46	82.16
62.62	119.38
63.13	132.71
64.75	132.71
67.71	133.66
71.11	133.66
72.64	133.66
75.34	80.47
76.31	80.47
77.99	140.66
78.95	140.66
80.12	140.66
81.03	204.17
82.81	204.17
84.54	204.17
86.41	21.38
88.66	21.38
89.26	115.19
90.04	115.19
90.53	185.89
92.15	155.26
93.03	155.26
95.77	174.3
96.6	174.3
100.06	174.3
100.69	79.34
102.32	79.34
105.62	101.79
106.63	39.98
108.28	104.24
108.61	48.14
110.32	166.78
113.57	166.78
114.05	114.18
116.16	88.6
117.34	80.79
119.48	80.79
120.97	80.79
124.11	184.15
124.47	184.15
126.15	184.15
127.84	102.9
128.46	102.9
131.87	102.9
132.99	25.52
135.58	25.52
138.95	51.61
139.55	51.61
142.33	92.23
143.7	92.23
146.5	92.23
149.71	107.41
152.12	107.41
153.32	24.58
154.53	24.58
157.57	123.72
159.67	123.72
161.71	123.72
161.99	24.44
162.37	24.44
164.0	95.06
165.77	95.06
168.72	95.06
171.88	25.81
175.07	25.81
177.87	124.39
180.94	174.53
183.87	174.53
184.99	174.53
185.76	116.11
187.43	116.11
188.41	116.11
189.86	63.9
190.06	63.9
193.17	63.9
193.85	21.72
196.02	89.83
197.45	89.83
197.64	191.95
198.62	191.95
200.13	191.95
200.83	183.76
204.02	68.87
205.08	68.87
208.09	144.25
209.17	144.25
211.1	144.25
211.46	202.98
212.64	202.98
214.8	202.98
217.29	5.29
219.48	5.29
219.65	112.23
221.91	112.23
222.21	112.23
225.62	78.13
228.78	78.13
230.45	40.31
233.4	40.31
233.94	40.31
237.1	202.3
239.15	103.93
239.25	102.25
241.42	78.74
243.7	78.74
245.58	78.74
248.12	43.0
251.08	43.0
