2.64	181.16
4.14	181.16
5.89	19.75
6.55	19.75
7.89	19.75
9.96	149.48
11.09	149.48
14.45	183.96
14.87	183.96
16.06	79.62
17.88	79.62
18.85	79.62
20.59	129.0
21.83	129.0
22.89	5.41
23.04	5.41
24.57	133.94
27.78	133.94
29.94	133.94
30.16	166.02
31.73	166.02
34.27	166.02
36.59	55.55
38.89	160.82
41.58	160.82
41.98	160.82
43.64	135.11
46.15	135.11
49.58	2.88
52.77	2.88
55.45	175.92
58.4	13.21
59.02	77.24
62.16	117.15
63.84	117.15
64.07	49.64
65.5	49.64
67.04	121.33
70.26	121.33
72.75	121.33
74.44	172.18
75.45	162.54
76.09	160.24
79.38	160.24
82.35	160.24
85.49	3.16
86.92	3.16
90.06	62.36
92.73	62.36
94.18	62.36
97.35	55.87
99.02	39.39
102.48	39.39
103.6	39.39
104.04	202.15
106.54	202.15
109.8	202.15
112.4	34.01
114.17	34.01
116.75	34.01
116.95	13.36
119.97	15.41
123.26	75.63
125.01	12.96
126.12	12.96
129.05	206.06
130.77	64.12
130.89	64.12
131.65	64.12
131.91	61.82
134.19	61.82
135.13	61.82
137.44	135.28
138.45	135.28
140.54	118.93
142.41	61.12
145.9	61.12
146.07	61.12
146.78	39.77
148.9	39.77
150.28	190.75
151.18	176.11
153.64	176.11
157.12	176.11
158.75	192.98
159.25	192.98
161.39	192.98
163.81	140.85
167.01	140.85
169.31	23.09
172.53	23.09
174.04	148.59
177.41	148.59
179.88	112.68
181.52	112.68
182.58	112.68
184.96	26.45
186.16	26.45
186.98	26.45
188.91	98.69
189.13	98.69
190.5	98.69
193.32	21.19
195.35	77.2
198.13	200.74
199.69	200.74
202.5	200.74
204.12	23.19
206.27	23.19
208.0	23.19
209.52	78.95
211.77	43.57
213.57	43.57
216.85	43.57
219.88	189.37
222.54	189.37
223.82	189.37
226.22	26.6
228.16	26.2
229.37	191.85
231.76	191.85
232.8	191.85
233.93	46.87
234.88	46.87
237.11	46.87
239.13	101.97
240.69	101.97
241.69	101.97
244.74	133.63
247.13	133.63
249.62	133.63
253.02	34.18
