1.53	28.62
2.71	28.62
4.58	25.17
5.34	25.17
8.64	25.17
9.45	101.6
10.77	101.6
10.95	101.6
12.33	4.94
14.63	4.94
15.24	4.94
18.13	36.69
18.86	43.42
19.14	43.42
19.75	43.42
22.05	125.24
24.0	125.24
25.38	158.41
25.71	158.41
26.84	201.65
29.03	202.59
30.7	53.1
33.24	53.1
35.51	53.1
36.05	157.24
39.1	157.24
40.86	83.18
43.58	83.18
43.93	83.18
44.46	71.8
46.93	71.8
50.28	179.03
51.21	179.03
51.56	146.77
53.37	146.77
54.39	146.77
55.54	190.14
57.72	149.34
61.13	149.34
61.68	109.2
64.17	109.2
66.62	180.58
69.4	180.58
71.64	180.58
73.15	161.9
74.65	94.02
77.63	94.02
80.44	94.02
82.89	143.99
85.47	145.68
88.3	145.68
90.23	24.72
90.97	12.91
93.65	12.91
96.78	12.91
97.25	150.43
99.9	150.43
101.94	92.16
103.78	92.16
104.46	70.17
105.48	70.17
107.8	70.17
110.9	159.39
112.65	159.39
112.8	159.39
115.06	165.75
118.52	100.55
120.02	100.55
122.6	190.61
125.7	51.89
126.17	51.89
126.36	149.79
128.91	149.79
130.98	149.79
131.49	137.32
133.14	137.32
135.91	137.32
137.33	54.94
140.32	19.41
142.8	145.17
145.85	144.33
146.92	144.33
147.74	144.33
150.66	93.33
152.84	55.68
153.67	55.68
156.41	174.0
156.74	174.0
157.07	166.96
159.21	166.96
159.58	55.16
161.24	34.59
163.46	34.59
166.22	34.59
167.08	117.59
168.65	117.59
169.01	192.52
170.93	192.52
172.03	192.52
173.39	165.48
175.94	165.48
176.19	165.48
177.72	13.83
180.72	110.42
182.26	85.34
182.42	85.34
183.9	85.34
187.12	137.61
190.41	137.61
191.2	137.61
193.72	206.19
194.23	206.19
197.44	206.19
199.1	119.37
202.02	70.56
202.38	70.56
203.27	70.56
205.4	87.77
206.83	87.77
207.36	38.9
208.66	93.44
209.94	67.47
210.27	131.11
211.98	131.11
215.23	131.11
216.63	163.7
219.21	163.7
219.59	96.7
222.86	96.7
224.1	96.7
227.34	50.85
227.66	50.85
230.82	130.12
233.72	130.12
237.06	180.65
240.07	17.96
242.48	202.05
242.61	202.05
243.11	202.05
244.09	161.33
247.16	161.33
248.15	4.92
250.01	4.92
