1.81	166.37
4.72	44.97
5.83	44.97
9.19	130.31
11.37	46.14
11.9	46.14
15.18	46.14
17.49	126.27
19.55	126.27
22.95	126.27
24.28	106.88
25.86	68.46
29.23	68.46
31.43	179.76
34.12	179.76
37.09	179.76
37.77	190.39
41.26	93.74
42.15	163.17
42.5	82.44
43.95	82.44
45.0	82.49
47.63	9.22
49.13	9.22
49.47	9.22
50.57	199.77
52.59	173.46
53.93	173.46
55.29	173.46
58.34	43.91
58.72	189.02
61.26	189.02
63.43	189.02
64.47	165.75
65.96	165.75
68.11	165.75
70.0	122.95
70.28	122.95
71.57	122.95
72.5	163.14
72.84	163.14
73.99	163.14
77.36	121.3
80.04	121.3
83.16	121.3
83.4	113.65
85.7	194.06
86.42	67.33
87.47	41.87
90.01	171.13
90.57	171.13
91.29	171.13
94.01	202.34
94.31	105.45
95.85	105.45
96.72	105.45
99.01	100.31
101.92	100.31
103.79	137.6
106.79	104.03
109.41	104.03
109.75	104.03
112.77	26.56
113.09	26.56
114.75	126.89
116.71	126.89
116.9	126.89
119.05	155.92
121.69	25.32
124.79	25.32
125.12	44.47
125.95	44.47
127.61	44.47
131.06	84.28
132.28	49.0
135.76	49.0
137.23	49.0
140.7	39.79
142.06	4.67
142.7	4.67
145.84	4.67
148.51	138.92
149.47	138.92
150.19	138.92
153.29	104.3
155.93	104.3
158.64	163.31
160.71	64.14
161.19	64.14
163.73	64.14
163.85	54.29
166.73	20.05
168.74	20.05
171.63	20.05
174.53	80.54
174.97	80.54
175.83	80.54
177.21	203.06
180.27	203.06
182.3	203.06
183.37	168.67
185.25	168.32
186.52	50.97
189.95	50.97
190.16	50.97
191.64	170.21
192.02	170.21
193.19	170.21
196.2	72.49
196.91	38.56
198.05	38.56
198.17	61.86
201.58	61.86
201.94	61.86
203.83	62.57
205.56	123.36
206.64	66.69
210.07	132.34
211.79	132.34
214.47	132.34
216.6	17.52
216.86	17.52
219.72	167.67
221.77	167.67
224.3	167.67
226.17	66.94
228.33	66.94
230.33	66.94
230.95	203.5
234.1	203.5
235.84	203.5
238.16	103.91
241.16	135.23
244.31	135.23
246.99	135.23
250.01	46.9
