1.71	69.08
2.17	69.08
4.95	104.2
7.08	104.2
8.05	104.2
10.26	11.08
11.44	11.08
14.91	11.08
15.36	54.7
16.62	54.7
17.03	54.7
19.44	23.71
20.71	23.71
23.42	176.47
23.66	176.47
26.83	176.47
28.69	199.45
31.15	199.45
32.94	199.45
34.53	103.87
35.11	30.74
36.65	30.74
37.32	36.67
39.98	36.67
40.26	36.67
41.91	98.41
44.7	98.41
47.65	98.41
50.5	47.48
53.89	47.48
55.75	47.48
58.68	57.52
62.03	57.52
63.09	57.52
65.95	96.99
67.96	96.99
71.14	96.99
74.43	188.72
76.47	188.72
77.46	44.03
80.18	12.44
82.59	12.44
85.84	117.04
87.92	90.73
91.29	90.73
94.6	134.73
96.51	134.73
97.2	134.73
97.8	51.16
100.11	51.16
101.27	51.16
101.39	19.09
104.75	19.09
106.91	19.09
110.24	76.38
110.55	76.38
113.45	62.96
115.73	62.96
119.18	62.96
119.29	108.13
120.58	108.13
123.53	112.28
125.32	112.28
127.18	28.52
128.7	154.7
128.98	154.7
130.63	94.71
133.34	94.71
134.85	185.84
135.62	86.47
138.54	86.47
141.66	194.19
143.62	102.53
147.09	102.53
148.66	102.53
151.63	181.48
154.32	181.48
155.18	159.2
157.66	159.2
158.87	62.29
159.68	62.29
161.45	62.29
163.78	121.24
165.78	121.24
168.65	173.23
171.19	173.23
171.87	173.23
172.27	42.66
173.91	42.66
176.2	42.66
179.68	25.99
181.79	25.99
183.72	156.78
186.7	185.31
190.12	203.75
192.78	203.75
196.27	203.75
197.84	133.77
199.4	77.86
201.52	77.86
201.85	118.97
203.4	118.97
206.24	149.53
208.04	149.53
210.42	180.91
212.15	180.91
213.54	60.59
214.44	60.59
214.74	60.59
217.19	171.68
220.36	171.68
223.56	171.68
224.45	156.52
225.81	156.52
227.58	177.56
228.89	16.9
230.7	16.9
232.92	179.71
233.68	179.71
235.55	33.82
239.02	33.82
242.35	33.82
244.4	156.99
245.75	90.05
249.03	47.94
252.07	47.94
