0.2	98.84
1.31	98.84
4.11	178.26
4.89	193.11
7.18	193.11
8.57	65.44
10.72	160.9
13.34	160.9
14.88	160.9
16.43	68.03
18.78	68.03
20.25	68.03
21.35	15.64
23.26	15.64
25.72	15.64
27.48	8.41
27.8	8.41
28.3	8.47
29.45	8.47
31.3	0.49
34.35	0.49
37.01	82.43
38.5	66.06
40.6	66.06
41.69	67.57
44.31	101.26
47.09	101.26
48.73	101.26
52.19	0.34
55.5	0.34
55.66	174.6
58.36	174.6
59.53	174.6
61.43	155.14
63.51	155.14
65.75	155.14
68.95	119.86
70.36	119.86
72.48	40.21
73.19	40.21
74.05	40.21
77.09	161.29
80.34	161.29
82.38	161.29
84.06	24.52
84.28	23.01
85.97	23.01
89.04	23.01
92.4	11.54
94.49	1.85
97.4	1.85
97.62	89.9
98.77	89.9
100.63	89.9
102.53	196.95
105.04	82.35
106.92	82.35
108.68	82.35
111.74	12.5
114.39	12.5
117.81	12.5
120.37	79.99
122.68	79.99
122.79	171.41
125.14	171.41
125.68	205.51
125.94	205.51
128.57	155.27
132.02	80.73
135.25	117.72
138.67	85.79
139.17	199.91
139.63	199.91
140.99	199.91
142.95	29.28
144.3	29.28
147.36	29.28
149.73	36.98
150.72	143.3
154.13	143.3
156.94	85.93
159.91	90.02
160.66	55.36
163.76	55.36
165.44	147.97
166.7	147.97
169.91	147.97
172.43	146.56
174.07	146.56
175.66	99.31
178.76	99.31
181.59	86.98
182.86	130.92
184.7	113.12
185.83	113.12
186.64	36.95
188.04	77.15
189.66	77.15
190.73	77.15
192.74	71.78
193.32	71.78
196.57	71.78
197.66	59.38
201.03	44.87
204.06	169.08
207.51	169.08
209.34	143.99
212.69	143.99
215.52	37.3
217.17	37.3
219.45	37.3
221.67	139.38
222.17	139.38
224.92	139.38
225.68	152.81
229.03	152.81
231.38	186.98
232.9	191.12
233.14	191.12
233.78	17.02
234.38	17.02
235.74	17.02
236.2	71.49
237.67	71.49
240.74	71.49
241.33	127.41
241.66	127.41
242.18	3.66
244.7	3.66
247.66	19.95
249.78	19.95
251.92	48.43
