0.97	11.8
1.88	11.8
5.08	186.46
5.35	193.07
5.67	193.07
7.3	137.29
8.28	36.8
10.3	36.8
11.26	36.8
12.58	199.02
15.47	199.02
16.31	133.11
18.31	201.45
21.48	201.45
21.68	201.45
22.89	18.69
23.72	18.69
26.04	120.69
27.56	120.69
28.09	120.69
31.13	57.67
32.27	57.67
33.4	57.67
36.85	188.6
38.58	188.6
41.44	188.6
44.01	102.8
46.49	17.59
48.42	17.59
49.16	57.68
50.75	3.61
51.97	125.34
54.04	125.34
57.09	135.61
57.9	135.61
59.86	68.62
60.84	93.02
62.45	93.02
65.66	133.81
67.37	110.54
68.2	110.54
69.11	74.33
72.33	190.81
73.2	190.81
74.94	190.81
75.15	140.95
77.1	140.95
80.16	140.95
82.27	86.47
85.59	86.47
85.74	86.47
87.85	127.55
90.02	127.55
90.92	127.55
93.7	124.54
96.69	198.09
99.06	198.09
100.05	198.09
100.67	168.87
102.07	168.87
103.42	168.87
105.72	198.7
108.6	198.7
108.7	10.3
108.89	204.54
109.32	15.66
112.63	15.66
115.41	15.66
116.15	181.24
117.62	181.24
119.94	195.07
121.48	195.07
124.21	195.07
126.2	3.54
129.13	3.54
131.6	3.54
132.65	123.55
132.87	123.55
136.09	37.99
137.05	37.99
139.39	37.99
140.01	46.48
142.53	18.3
145.49	136.37
147.19	136.37
148.97	83.4
151.05	193.33
154.04	193.33
154.39	77.54
154.79	77.54
157.18	120.47
158.67	120.47
160.75	23.97
161.37	23.97
164.59	23.97
167.84	68.51
171.18	68.51
172.51	68.51
175.94	2.91
178.91	2.91
179.87	2.91
182.18	73.21
182.92	132.85
185.15	132.85
187.2	139.22
188.38	139.22
190.36	167.55
191.62	170.27
192.7	23.05
194.42	23.05
196.42	23.05
197.23	113.01
198.93	113.01
201.59	69.51
202.44	85.29
204.76	85.29
206.59	85.29
209.04	74.42
211.05	74.42
211.7	74.42
211.87	31.95
214.44	31.95
217.11	128.13
217.24	128.13
219.2	195.38
220.49	103.04
223.32	150.54
225.86	150.54
226.03	150.54
229.38	83.47
232.04	83.47
235.16	78.68
238.33	51.96
238.47	51.96
241.17	51.96
242.95	162.22
243.3	159.7
246.65	159.7
248.72	159.7
249.06	90.86
251.86	122.9
