3.19	96.89
5.71	96.89
6.14	96.89
7.65	67.59
8.55	67.59
11.55	67.59
13.68	31.51
16.38	96.66
18.24	91.57
19.5	91.57
19.97	91.57
22.1	74.37
24.15	172.41
24.58	172.41
26.16	180.9
26.95	86.26
28.64	175.37
32.08	175.37
32.85	106.47
33.48	177.68
35.87	177.68
36.3	42.62
39.2	42.62
41.3	42.62
41.51	118.61
43.39	118.61
46.61	118.61
49.05	87.5
52.34	17.24
52.54	17.24
54.86	161.24
55.23	161.24
56.92	26.73
57.54	26.73
59.97	26.73
61.03	84.24
62.19	84.24
64.09	44.05
66.53	194.69
69.19	194.69
71.41	57.69
72.39	161.71
73.84	150.48
75.04	150.48
77.83	150.48
80.56	183.64
82.67	183.64
85.35	197.19
87.61	197.19
88.93	18.78
89.98	133.9
92.14	133.9
94.79	99.43
96.91	99.43
98.88	99.43
99.53	113.2
100.74	113.2
103.56	113.2
106.46	60.72
109.0	60.72
109.44	60.72
110.99	49.05
114.11	140.3
117.5	140.3
119.75	140.3
120.98	151.33
122.22	151.33
122.57	151.33
125.21	19.37
126.93	203.2
127.67	190.19
129.07	190.19
129.5	50.97
131.29	50.97
132.59	50.97
133.81	82.96
135.7	82.96
138.91	82.96
140.16	201.52
142.91	201.52
145.73	47.94
148.96	97.61
152.07	97.61
154.03	97.61
155.22	158.08
157.22	158.08
157.75	158.08
159.27	160.81
160.44	120.81
163.36	120.81
163.55	120.81
167.01	21.09
169.77	174.69
172.32	174.69
173.55	174.69
175.77	193.25
178.46	35.23
179.01	35.23
179.6	205.26
180.67	205.26
183.66	121.99
187.08	121.99
189.73	178.56
190.68	178.56
191.5	178.56
192.22	81.85
193.5	81.85
196.84	81.85
199.08	151.79
199.44	151.79
202.53	151.79
203.59	84.74
205.71	190.17
207.12	190.17
207.88	146.05
208.71	146.05
209.5	73.29
212.48	73.29
213.23	73.29
215.57	21.95
217.08	21.95
217.93	116.35
218.58	116.35
222.01	116.35
222.91	86.2
225.03	86.2
225.9	86.2
227.82	46.89
228.96	46.89
230.6	46.89
230.85	191.67
231.34	191.67
233.22	191.67
236.46	206.37
237.19	55.84
239.52	55.84
241.53	55.84
243.32	59.13
245.33	149.19
247.36	186.24
249.62	186.24
250.88	186.24
