0.43	164.96
2.56	164.96
2.8	142.59
5.14	142.59
5.87	21.35
6.61	21.35
7.0	155.66
7.93	155.66
9.11	96.53
12.56	2.54
14.74	2.54
17.29	2.54
18.35	142.9
21.19	148.29
24.27	148.29
27.16	148.29
30.38	12.66
32.7	12.66
33.44	57.97
34.87	57.97
35.3	57.97
37.75	68.43
38.12	33.58
39.96	138.65
43.28	138.65
43.58	138.65
47.02	191.24
48.68	192.45
51.86	111.05
55.21	111.05
57.68	111.05
59.01	176.12
59.87	130.06
61.36	130.06
61.87	130.06
62.59	27.98
63.72	51.67
64.27	51.67
67.71	63.05
69.49	63.05
69.98	191.42
71.38	191.42
74.79	45.81
76.96	78.6
78.4	78.6
80.43	78.6
82.53	186.36
84.33	186.36
85.76	194.64
87.11	194.64
90.43	139.0
90.72	139.0
93.91	158.06
96.97	124.57
97.11	124.57
98.69	124.57
100.87	0.68
102.86	0.68
104.41	55.07
105.19	5.15
107.06	5.15
109.1	5.15
111.84	95.3
113.94	95.3
116.29	167.81
117.86	167.81
118.67	167.81
121.13	97.68
124.14	97.68
124.71	169.83
127.11	200.49
129.53	190.79
130.37	190.79
131.66	190.79
134.47	176.01
136.23	176.01
137.55	176.01
140.27	66.31
141.23	66.31
143.23	66.31
146.05	131.86
147.66	131.86
148.63	41.11
150.57	28.04
150.89	28.04
154.26	127.6
155.99	127.6
158.09	127.6
160.91	131.58
162.27	131.58
164.75	131.58
165.74	193.81
166.73	151.24
169.37	151.24
169.88	162.77
170.53	31.25
171.18	31.25
172.51	189.18
173.73	189.18
176.94	189.18
178.37	130.68
181.67	130.68
183.99	97.08
186.7	97.08
190.02	97.08
191.02	168.04
191.54	146.41
194.86	147.73
197.01	171.88
199.68	167.44
202.56	167.44
204.45	184.87
205.74	184.87
208.56	204.64
210.06	89.96
211.11	33.64
214.23	33.64
216.24	33.64
219.02	86.24
220.4	86.24
223.69	56.36
225.06	56.36
227.58	56.36
228.13	117.03
229.37	117.03
229.72	106.03
230.78	106.03
232.16	184.74
232.7	184.74
235.35	83.67
237.65	83.67
237.91	199.6
239.6	199.6
242.73	199.6
243.73	33.14
246.4	33.14
249.82	40.48
251.49	40.48
