3.19	105.11
4.48	110.37
6.13	110.37
6.57	110.37
7.63	149.32
8.41	18.31
11.48	64.97
12.41	64.97
13.68	186.7
14.24	146.91
15.62	146.91
17.06	108.75
19.52	108.75
20.27	108.75
21.78	165.49
22.92	165.49
25.87	150.43
29.28	31.16
31.04	27.73
31.43	27.73
32.88	54.4
34.64	86.42
35.81	127.86
36.89	189.01
38.03	189.01
40.26	112.46
41.46	112.46
44.48	112.46
47.76	63.71
50.08	63.71
50.28	60.47
52.65	60.47
54.59	60.47
56.61	59.71
58.58	59.71
60.99	59.71
62.5	107.58
63.01	107.58
63.4	101.04
66.68	12.66
66.8	12.66
67.42	12.66
69.1	82.7
69.35	82.7
72.67	82.7
73.33	141.22
75.55	141.22
78.24	159.76
81.02	159.76
81.17	159.76
83.79	154.13
87.22	96.45
89.92	202.75
91.2	202.75
91.72	119.2
94.52	119.2
95.09	155.07
96.09	155.07
96.48	155.07
97.76	145.55
99.68	145.55
100.71	145.55
102.31	96.24
103.98	96.24
107.29	5.12
109.57	5.12
110.49	131.18
111.51	131.18
113.84	154.88
115.81	154.88
119.14	186.32
121.91	186.32
123.56	43.04
124.16	43.04
126.72	191.86
129.01	152.47
129.92	152.47
132.15	120.51
133.2	159.87
136.53	159.87
137.28	159.87
138.72	33.21
139.69	33.21
141.24	33.21
144.23	116.71
147.49	156.94
147.79	156.94
150.46	156.94
153.01	108.23
153.14	108.23
154.48	47.88
156.84	47.88
158.05	47.88
159.84	69.37
161.49	119.78
163.93	134.4
164.39	134.4
165.29	61.75
168.2	189.51
171.35	159.63
174.28	159.63
176.44	159.63
176.63	5.39
178.77	5.39
178.9	5.39
180.09	10.91
183.48	108.01
186.33	108.01
186.89	108.01
188.23	69.87
191.24	69.87
191.95	69.87
194.17	183.95
195.39	183.95
198.15	183.95
201.39	29.27
202.86	29.27
204.68	29.27
206.62	107.76
209.17	107.76
212.21	147.73
214.69	147.73
214.89	63.41
217.07	63.41
219.18	79.94
221.97	79.94
223.64	79.94
224.58	123.28
226.15	123.28
227.01	9.11
229.83	9.11
231.33	9.11
233.11	20.53
235.25	20.53
236.45	48.79
239.0	76.41
242.01	76.41
243.95	130.92
246.3	130.92
248.62	130.92
251.47	184.91
