3.35	77.68
5.8	77.68
7.2	77.68
9.88	100.55
11.68	71.8
14.77	71.8
17.14	71.8
17.64	185.17
19.43	199.25
19.69	199.25
20.02	199.25
21.39	190.63
24.24	190.63
25.81	71.04
28.69	115.19
31.54	115.19
32.68	184.79
34.42	184.79
35.05	184.79
36.5	37.78
39.95	204.55
43.05	204.55
46.28	179.93
48.96	179.93
52.21	179.93
55.52	156.18
56.5	156.18
59.86	156.18
62.45	39.4
65.25	180.11
66.99	180.11
69.53	79.11
72.44	79.11
75.0	79.11
75.48	177.98
77.0	177.98
79.25	34.7
79.85	85.88
80.55	203.26
81.03	189.9
81.48	189.9
84.96	47.12
86.58	7.66
87.92	7.66
89.4	7.66
91.9	126.73
93.23	126.73
96.1	39.66
97.84	152.73
98.01	152.73
99.34	152.73
100.47	140.26
100.82	140.26
102.06	140.26
103.22	189.13
105.82	21.59
109.16	21.59
111.99	13.3
112.36	14.74
114.83	14.74
117.72	38.64
120.47	38.64
122.94	130.34
123.45	141.27
124.66	141.27
126.44	141.27
126.62	6.16
127.64	169.67
127.76	189.63
128.12	100.91
130.57	100.91
131.26	50.45
131.82	50.45
132.04	48.54
133.82	146.59
136.78	146.59
137.73	146.59
137.98	146.44
138.3	146.44
140.67	146.44
143.01	4.87
144.61	4.87
145.14	4.87
145.32	7.18
147.67	76.52
150.59	76.52
150.95	76.52
154.2	83.33
155.55	83.33
158.63	83.33
161.8	12.83
165.13	164.18
167.99	164.18
169.25	164.18
171.14	54.93
173.63	54.93
176.93	54.93
180.01	204.02
181.56	204.02
183.15	204.02
184.0	84.26
184.18	84.26
184.42	84.26
184.74	100.05
186.07	100.05
187.13	87.49
187.85	87.49
190.45	87.49
193.93	47.31
194.69	47.31
195.08	134.91
197.64	124.29
199.26	127.74
201.85	127.74
202.29	11.54
204.94	11.54
206.76	11.54
208.43	70.95
211.43	70.95
213.08	74.66
215.17	143.09
217.59	183.77
218.86	183.77
221.53	183.77
223.79	182.77
223.96	182.77
224.7	182.77
225.66	20.81
228.26	84.1
229.1	54.96
231.91	3.33
233.63	77.88
235.76	77.88
236.22	77.88
237.27	180.88
237.45	180.88
240.77	206.66
242.93	206.66
244.91	26.41
246.34	26.41
249.37	11.01
252.19	100.41
