2.21	85.98
3.71	139.28
6.89	187.19
7.37	187.19
9.83	187.19
11.73	13.99
14.2	8.24
17.11	8.24
17.62	8.24
18.9	162.77
20.28	46.72
23.53	132.35
26.95	132.35
27.65	18.29
29.15	18.29
31.34	18.29
32.16	129.9
33.96	129.9
35.48	129.9
38.48	18.4
41.66	18.4
42.96	18.4
43.54	60.55
46.77	67.29
49.8	67.29
51.22	67.29
53.59	71.55
54.4	106.62
55.34	82.13
57.69	82.13
61.15	37.23
62.44	37.23
62.96	37.23
64.83	115.13
66.97	115.13
68.9	145.41
69.59	125.45
72.13	125.45
72.87	186.89
76.15	104.7
77.82	104.7
80.14	71.94
82.36	82.33
83.21	43.42
83.81	43.42
86.76	163.37
87.9	163.37
89.92	163.37
91.77	13.34
92.76	13.34
93.13	33.06
93.46	33.06
95.0	33.06
96.86	115.83
99.91	115.83
100.25	115.83
102.37	135.37
104.11	189.06
106.82	189.06
110.12	189.06
111.49	112.76
114.22	112.76
115.52	112.76
117.32	75.3
119.56	75.3
120.27	80.52
123.16	80.52
125.4	9.16
126.34	9.16
129.25	44.97
130.87	135.06
133.65	197.31
136.39	197.31
138.85	120.26
142.22	120.26
144.37	120.26
146.36	94.8
149.34	94.8
151.39	94.8
154.09	24.79
156.69	24.79
157.66	47.73
160.18	159.69
162.39	159.69
164.34	159.69
165.66	77.57
168.38	77.57
169.96	77.57
170.49	108.83
172.78	108.83
173.45	185.72
174.95	70.65
175.43	70.65
175.57	0.35
175.87	0.35
177.23	38.07
177.79	38.07
181.13	38.07
183.38	147.49
184.42	147.49
187.56	147.49
189.84	20.44
190.25	20.44
190.48	167.03
191.92	194.43
192.48	194.43
193.93	97.15
197.43	97.15
200.06	97.15
200.2	30.77
200.66	30.77
201.35	30.77
203.63	1.35
204.33	1.35
205.1	23.8
206.56	30.33
207.51	30.33
207.65	83.8
210.96	83.8
213.51	164.26
216.33	197.32
218.64	197.32
221.68	189.34
222.46	189.34
224.04	61.6
226.04	61.6
229.52	61.6
230.52	98.88
230.79	98.88
231.03	7.08
233.2	7.08
236.23	32.58
238.93	186.68
239.42	186.68
239.75	186.68
241.84	73.96
244.73	73.96
246.09	10.75
247.22	92.3
247.66	92.3
248.65	92.3
248.89	174.12
249.15	174.12
251.96	60.71
