1.93	8.93
2.09	8.93
3.49	67.29
5.26	182.68
7.65	182.68
8.51	167.5
11.09	167.5
11.75	188.1
14.31	130.94
17.71	130.94
18.69	174.06
19.66	174.06
19.96	174.06
22.41	133.93
23.41	30.36
24.0	30.36
24.47	30.36
24.64	167.88
27.85	180.66
28.49	180.66
31.58	99.4
32.15	99.4
34.28	99.4
34.83	117.02
37.03	32.92
38.15	182.07
39.0	180.67
42.23	122.47
43.44	122.47
43.54	132.4
44.8	132.4
46.27	78.11
48.37	78.11
49.18	124.76
52.67	124.76
55.33	173.35
57.84	173.35
60.32	85.56
61.06	100.71
62.66	82.57
66.15	82.57
66.91	2.21
69.86	2.21
73.21	2.21
74.01	69.01
76.83	69.01
80.24	164.71
83.59	164.71
84.47	15.45
86.95	175.0
88.39	175.0
91.19	22.53
92.08	30.1
95.3	30.1
97.8	36.43
98.07	14.02
98.19	115.1
100.96	115.1
101.16	88.22
104.23	88.22
105.19	139.5
107.84	176.61
108.66	65.41
111.28	84.15
111.45	84.15
114.06	120.21
114.74	120.21
116.27	123.86
118.95	123.86
121.04	62.79
124.15	62.79
124.53	62.79
124.72	53.2
126.88	53.2
129.61	10.53
130.65	43.91
133.34	43.91
135.1	43.91
137.42	203.37
138.48	153.49
139.71	153.49
142.27	141.69
144.44	141.69
147.57	141.69
148.35	111.1
148.56	93.97
151.68	93.97
153.76	93.97
155.62	10.62
156.15	200.58
159.14	200.58
162.06	200.58
163.69	28.6
164.49	28.6
165.26	35.38
167.11	30.93
168.58	174.63
171.97	174.63
174.64	153.03
175.28	13.65
177.3	13.65
179.66	186.23
180.92	186.23
181.75	186.23
184.73	65.65
185.89	182.79
189.01	182.79
191.49	52.01
193.95	70.21
194.13	70.21
194.58	9.23
195.89	139.63
199.29	139.63
200.19	9.31
200.55	102.03
201.95	102.03
202.81	17.84
203.71	30.67
205.87	30.67
208.38	30.67
209.45	172.5
212.15	103.85
213.78	103.85
214.95	206.67
218.18	169.39
219.25	169.39
222.01	4.19
222.99	141.66
225.72	141.66
226.78	141.66
228.0	15.26
230.64	15.26
233.22	126.63
234.21	126.63
236.13	123.95
237.71	21.57
238.79	21.57
240.82	21.57
242.94	163.31
243.23	81.9
243.72	132.08
245.01	132.08
248.46	69.15
249.22	69.15
252.41	69.15
