1.6	10.96
1.73	115.6
3.27	93.76
4.06	93.76
7.05	93.76
10.32	205.31
13.46	205.31
15.2	205.31
18.33	49.58
20.05	35.73
20.56	54.92
20.81	54.92
22.76	54.92
24.84	65.15
27.11	139.79
28.78	91.0
29.73	114.27
31.26	169.9
33.98	199.98
35.66	199.98
37.02	46.78
37.27	46.78
40.57	34.11
43.33	34.11
46.4	73.19
48.55	73.19
51.97	73.19
53.69	113.86
56.68	99.03
59.07	194.54
59.87	179.69
61.85	35.24
63.35	35.24
64.38	101.52
66.05	101.52
67.52	101.52
70.27	45.76
71.15	95.24
74.31	95.24
75.19	95.24
77.91	16.7
80.91	63.38
81.27	63.38
84.32	63.38
87.47	15.38
90.93	126.56
93.43	23.18
94.51	23.18
97.9	23.18
100.18	44.1
100.63	151.79
101.23	30.33
102.62	135.28
104.89	135.28
105.08	135.28
107.05	63.84
108.43	63.84
111.24	63.84
112.23	196.52
113.6	196.52
116.99	146.29
117.43	146.29
119.87	146.29
122.59	190.71
125.2	190.71
128.18	130.38
128.9	130.38
130.08	185.0
133.03	185.0
134.45	3.1
135.04	3.1
137.07	3.1
137.42	76.1
140.4	76.1
140.97	45.69
142.09	45.69
142.75	16.79
146.25	16.79
148.38	166.64
151.52	106.45
153.5	117.87
154.35	117.87
154.68	117.84
157.99	117.84
160.05	117.84
161.52	3.79
162.04	3.79
163.43	25.44
164.65	25.44
167.46	64.31
168.64	196.65
170.29	196.65
171.74	196.65
175.02	194.41
176.84	194.41
179.39	194.41
181.49	41.67
183.77	126.43
184.08	126.43
184.77	126.43
185.12	66.75
185.33	66.75
186.32	66.75
189.07	127.83
191.42	127.83
194.82	127.83
195.78	25.57
197.52	6.79
199.94	6.79
202.17	37.71
204.92	37.71
207.0	79.73
208.44	128.13
210.57	128.13
212.84	128.13
214.86	19.33
216.6	19.33
218.04	96.06
220.73	62.54
221.17	126.06
223.46	126.06
225.96	65.55
229.4	65.55
230.77	65.55
231.15	124.55
233.94	183.04
236.01	183.04
239.03	33.29
240.86	33.29
242.41	33.29
245.8	184.42
249.08	184.42
252.06	184.42
