2.93	7.04
4.26	7.04
6.97	7.04
9.07	20.33
11.92	89.09
13.65	89.09
15.56	57.21
18.41	57.21
19.9	181.59
22.2	54.09
24.59	54.09
25.3	54.09
26.92	200.32
27.61	200.32
29.02	200.32
31.59	94.65
34.93	94.65
36.31	150.07
36.89	150.07
37.36	33.33
39.22	81.46
42.07	81.46
43.8	91.58
45.4	91.58
46.61	44.71
48.26	44.71
50.5	44.71
53.32	133.85
56.47	133.85
58.11	133.85
60.97	39.54
64.45	30.25
66.38	30.25
68.37	182.75
70.69	182.75
74.13	97.11
77.1	97.11
80.49	201.74
82.67	201.74
84.85	43.17
86.25	43.17
86.49	43.17
89.55	75.5
90.35	0.55
92.67	0.55
94.33	0.55
94.87	171.07
95.74	124.95
98.01	124.95
100.77	205.43
102.23	106.81
102.7	106.81
105.76	106.81
106.81	22.01
108.17	22.01
111.59	142.65
114.98	142.65
116.68	187.84
117.44	34.98
119.19	52.32
121.96	52.32
122.26	52.32
125.19	103.71
125.93	103.71
126.33	38.77
126.66	38.77
129.18	173.45
131.14	174.89
132.56	84.65
134.5	6.44
135.75	6.44
137.26	82.38
139.61	198.85
142.97	144.61
143.51	144.61
146.86	144.61
147.59	94.65
148.83	94.65
150.69	203.44
151.49	203.44
151.74	37.3
154.77	37.3
156.19	37.3
156.58	142.97
158.13	195.41
158.56	195.41
159.99	42.12
161.38	143.12
164.02	143.12
165.65	57.03
167.03	57.03
169.69	112.14
172.96	76.13
174.36	76.13
177.34	23.02
179.18	23.02
181.58	23.02
183.13	26.5
185.33	18.44
187.53	18.44
190.28	86.69
193.08	86.69
195.66	30.47
197.4	30.47
197.63	30.47
200.79	103.25
202.15	157.52
204.73	157.52
207.92	157.52
210.83	71.7
214.06	71.7
215.7	71.7
218.52	191.65
221.28	191.65
221.79	143.43
221.9	143.43
225.08	106.86
225.43	106.86
228.46	34.73
229.2	34.73
230.51	34.73
233.48	0.2
236.97	151.28
239.48	4.84
239.74	4.84
242.25	30.26
243.8	30.26
245.81	30.26
248.01	10.62
248.73	10.62
249.46	10.62
251.68	11.61
