1.7	48.6
2.63	48.6
4.75	48.6
5.95	195.77
7.65	182.85
8.15	182.85
8.33	182.85
10.8	80.5
13.25	80.5
14.35	185.49
15.81	20.25
16.62	20.25
19.89	96.11
21.2	96.11
22.28	96.11
23.96	58.44
26.03	58.44
27.96	148.16
28.39	148.16
29.47	148.16
31.45	206.58
31.92	206.58
34.49	8.94
37.35	8.94
37.49	8.94
38.77	145.61
39.23	145.61
40.57	145.61
41.04	55.27
42.74	55.27
43.25	55.27
46.49	124.69
48.49	124.69
49.11	124.69
51.17	75.93
54.61	75.93
54.86	75.93
56.44	9.05
57.33	9.05
58.16	9.05
61.14	157.78
61.67	104.81
64.74	104.81
66.91	104.81
69.44	131.27
70.22	131.27
73.39	131.27
74.39	75.6
75.04	152.82
77.74	152.82
80.22	161.93
83.61	198.19
84.45	198.19
87.02	198.19
88.94	175.94
91.91	17.15
93.22	202.24
93.96	15.45
96.72	15.45
100.18	15.45
100.87	186.96
103.28	108.07
105.69	108.07
105.97	108.07
107.86	34.94
108.42	34.94
108.52	141.2
109.13	126.85
109.63	126.85
112.15	126.85
114.75	153.0
115.75	161.32
116.83	163.64
117.63	163.64
120.29	69.47
123.42	69.47
125.79	69.47
126.4	67.34
128.15	67.34
130.25	4.64
131.62	4.64
132.38	4.64
135.48	204.71
137.03	204.71
139.11	164.93
140.07	71.72
143.1	135.09
143.53	135.09
146.61	70.85
148.12	70.85
149.26	42.98
149.78	42.98
149.88	15.54
150.81	110.65
152.3	110.65
153.06	110.65
156.31	79.26
159.58	79.26
160.16	93.49
161.56	93.49
163.11	178.98
166.48	178.98
167.75	200.88
168.95	200.88
170.73	200.88
172.94	66.79
175.25	66.79
177.94	134.17
178.57	134.17
179.75	134.17
182.83	29.11
184.98	29.11
187.14	165.4
189.66	165.4
190.26	2.04
193.26	2.04
194.0	153.42
194.87	153.42
196.85	74.2
198.21	31.18
200.73	85.54
203.38	85.54
205.84	85.54
209.32	0.85
211.58	0.85
214.83	1.56
216.5	110.64
219.16	110.64
220.86	110.64
221.39	9.52
224.17	79.62
225.3	79.62
225.55	79.62
228.61	82.75
231.95	84.86
232.44	158.01
234.07	158.01
234.89	158.01
237.98	50.78
238.08	157.27
238.84	157.27
241.8	157.27
244.03	204.38
245.98	204.38
248.15	204.38
250.43	144.7
