1.21	124.79
4.46	124.79
4.64	124.79
5.75	196.28
9.03	6.82
11.75	6.82
12.25	134.75
13.72	134.75
15.3	134.75
18.21	140.67
18.58	140.67
20.46	26.78
20.95	110.79
21.52	110.79
22.25	110.79
25.16	203.41
25.29	203.41
28.64	121.0
29.9	41.2
33.35	41.2
33.97	93.98
36.05	93.98
37.21	37.51
40.37	37.51
42.5	97.98
44.67	97.98
45.1	97.98
48.09	94.52
48.94	127.08
49.25	127.08
49.71	123.39
52.94	122.44
55.02	122.44
57.63	122.44
58.38	45.65
61.1	45.65
61.81	45.65
63.91	47.56
65.83	47.56
68.78	116.35
71.39	116.35
72.61	69.17
74.08	69.17
75.52	69.17
75.71	127.59
77.35	48.49
79.77	17.16
83.08	17.16
84.31	17.16
86.58	36.3
89.6	1.85
89.84	1.85
92.41	1.85
93.62	98.86
94.21	86.02
97.29	86.02
99.98	28.34
101.78	28.34
103.48	22.85
106.49	22.85
108.93	178.97
110.57	89.24
112.96	113.76
116.43	113.76
118.54	113.76
121.91	177.8
125.08	177.8
127.09	177.8
129.27	72.85
129.87	127.35
133.35	127.35
136.77	168.75
139.06	168.75
141.54	75.53
144.82	75.53
147.99	3.06
149.77	3.06
152.22	3.06
155.16	68.23
157.27	68.23
158.6	89.21
161.36	89.21
162.55	89.21
162.7	129.95
163.29	129.95
164.14	165.16
166.76	182.81
169.94	182.81
171.85	182.81
172.89	126.01
173.2	182.43
175.51	182.43
176.68	182.43
176.98	84.52
178.44	84.52
181.58	150.08
183.04	90.43
186.01	90.43
186.9	90.43
188.11	173.83
188.68	201.55
191.87	201.55
193.39	201.55
196.33	49.76
197.92	73.89
198.92	145.49
200.7	154.81
202.01	154.81
203.16	96.34
204.59	96.34
207.51	176.46
209.71	141.91
210.28	64.84
212.0	99.48
214.95	99.48
217.14	167.37
218.79	167.37
220.42	205.06
222.7	205.06
223.8	205.06
225.18	203.22
227.99	203.22
230.05	203.22
231.72	27.96
234.78	27.96
236.71	123.73
237.13	123.73
238.59	42.18
238.89	42.18
239.66	42.18
242.87	18.66
244.0	17.04
247.18	17.04
250.0	17.04
