0.23	13.15
3.55	13.15
4.16	13.15
4.5	46.97
5.07	46.97
6.41	70.8
8.78	70.8
11.24	85.95
13.92	85.95
15.17	206.51
18.13	206.51
19.33	77.46
22.41	78.78
23.13	5.21
24.82	5.21
28.11	5.21
29.18	92.02
29.99	126.07
31.04	199.45
32.15	199.45
33.9	92.78
35.93	92.78
36.37	172.79
39.26	172.79
41.54	108.16
44.23	108.16
47.45	108.16
49.44	198.63
51.88	198.63
54.86	198.63
57.21	149.44
59.72	99.01
61.52	99.01
62.33	26.4
63.89	26.4
67.09	26.4
70.13	194.39
71.74	141.56
73.32	25.0
75.03	25.0
75.56	63.04
78.64	63.04
80.68	57.54
83.69	193.1
83.9	193.1
87.09	205.39
87.75	205.39
90.08	200.93
93.37	100.7
95.28	100.7
97.04	100.7
98.91	186.3
100.83	186.3
103.89	186.3
107.02	6.51
108.91	6.51
111.63	72.87
111.85	72.87
113.16	72.87
116.06	129.57
119.07	0.42
121.44	120.46
122.67	120.46
125.38	120.46
127.06	137.19
128.51	137.19
129.33	21.36
129.78	21.36
132.2	21.36
134.65	113.65
134.89	113.65
136.84	133.18
138.2	193.43
140.0	193.43
141.47	193.43
142.48	38.26
144.43	8.96
146.75	8.96
147.85	43.06
149.41	43.06
151.02	43.06
153.78	197.27
154.15	197.27
156.46	197.27
159.41	83.46
161.31	189.54
164.21	189.54
166.87	189.54
167.59	69.55
168.41	69.55
169.68	117.75
170.85	117.75
174.26	186.36
176.69	186.36
179.73	119.95
179.98	113.28
183.12	113.28
185.81	150.8
186.37	150.8
187.8	76.2
189.53	76.2
191.61	76.2
193.73	9.14
197.1	9.14
200.5	142.85
202.01	177.08
203.08	127.77
205.53	127.77
206.64	80.12
207.28	80.12
209.33	72.67
209.68	181.84
211.04	181.84
212.29	181.84
212.52	27.43
215.75	41.73
218.19	41.73
220.64	23.16
222.89	105.49
224.18	105.49
226.18	105.49
228.55	166.87
231.18	166.87
232.62	166.87
235.37	202.23
238.2	202.23
241.69	124.16
242.99	124.16
245.02	26.78
245.24	26.78
246.86	136.09
248.58	158.65
250.94	158.65
