0.66	87.22
3.87	87.22
7.04	95.98
9.67	95.98
12.27	43.62
14.49	114.39
16.12	114.39
17.52	20.74
19.19	82.68
20.17	195.72
21.67	90.07
22.44	90.07
23.82	55.5
24.67	168.48
27.0	168.48
27.92	168.48
30.36	74.71
32.67	74.71
32.88	74.71
33.82	133.16
35.52	133.16
35.86	8.03
38.34	102.85
39.43	102.85
42.17	202.27
45.29	202.27
46.56	83.9
46.9	83.9
50.36	83.9
51.79	188.39
53.19	188.39
55.88	188.39
56.67	138.46
58.29	100.75
60.91	62.61
63.69	62.61
66.68	108.42
68.8	108.42
69.94	71.42
71.78	67.09
74.83	67.09
77.03	84.03
80.47	84.03
81.7	84.03
82.34	181.96
83.71	181.96
87.01	181.96
89.53	187.73
91.18	187.73
93.69	10.84
96.96	72.84
97.33	72.84
99.81	72.84
102.26	81.18
102.46	81.18
102.66	81.18
103.74	119.43
106.63	12.45
107.98	46.42
110.05	46.42
110.49	56.86
111.65	54.08
112.19	54.08
115.26	16.28
116.77	16.28
116.99	1.65
120.27	1.65
120.95	43.19
123.93	43.19
124.49	43.19
125.71	35.47
125.9	123.61
128.38	77.4
130.75	92.78
132.13	125.57
134.42	41.49
137.58	41.49
137.82	41.49
140.83	86.83
142.49	86.83
142.63	86.83
145.68	41.5
147.33	41.5
147.87	41.5
148.3	39.86
149.51	160.56
151.29	160.56
153.31	132.87
156.11	132.87
156.56	85.76
159.09	22.26
159.79	22.26
161.57	179.86
163.18	174.51
163.96	174.51
165.41	174.51
167.65	165.45
169.74	165.45
172.34	37.37
172.44	68.53
175.52	127.82
177.8	127.82
178.13	127.82
179.56	157.93
180.27	103.09
181.33	80.45
181.53	80.45
183.27	202.93
185.44	202.93
188.72	202.93
190.96	96.12
193.02	198.94
195.13	23.18
195.56	23.18
196.61	107.3
198.4	24.98
198.53	24.98
201.51	24.98
204.23	193.13
204.87	193.13
206.77	193.13
209.38	67.25
212.56	121.17
214.39	121.17
216.67	121.17
218.05	43.04
220.15	43.04
221.18	43.04
221.36	107.87
224.79	185.64
226.12	185.64
228.01	185.64
229.87	160.08
232.1	180.06
233.02	180.06
236.07	187.39
238.28	187.39
240.62	187.39
242.05	10.9
244.95	54.4
245.96	54.4
247.18	76.05
247.8	76.05
248.77	76.05
249.42	105.9
251.75	42.97
