0.14	62.06
3.1	62.06
5.21	62.06
8.24	152.62
10.39	152.62
11.1	106.38
11.49	134.73
13.42	134.73
16.72	134.73
19.54	121.1
21.71	63.74
22.7	51.22
25.94	51.22
28.11	119.05
28.4	119.05
29.38	26.79
31.13	153.26
32.04	153.26
33.63	205.85
36.58	117.89
38.31	182.33
38.97	182.33
40.61	182.33
41.33	18.64
43.28	18.64
44.45	84.72
47.4	84.72
49.9	84.72
50.12	173.6
50.33	173.6
51.69	112.46
54.45	112.46
54.97	30.26
56.76	193.7
59.7	193.7
61.55	129.97
63.51	54.48
65.61	54.48
68.07	54.48
71.39	59.3
73.21	59.3
75.82	59.3
76.11	0.98
77.85	0.98
78.12	0.98
78.43	85.78
78.85	67.44
80.73	67.44
82.89	72.14
85.05	143.48
88.41	143.48
90.61	143.48
91.19	32.38
94.51	21.77
97.1	21.77
100.46	175.53
101.24	175.53
103.62	175.53
103.98	42.31
104.45	108.25
106.34	108.25
108.33	108.25
110.32	80.46
111.56	80.46
114.48	156.12
115.47	5.78
116.94	5.78
117.98	169.58
120.84	90.77
121.89	90.77
122.94	57.88
126.17	57.88
129.2	57.88
132.16	27.76
134.91	27.76
138.1	27.76
139.43	59.64
141.35	191.74
144.84	191.74
147.79	190.55
150.74	190.55
151.47	91.0
153.35	95.22
156.7	95.22
156.81	81.18
157.36	112.48
158.5	112.48
158.89	9.39
159.32	9.39
161.84	9.39
162.81	17.16
162.91	36.48
166.12	157.7
166.47	157.7
167.45	157.7
169.59	20.34
170.01	72.49
172.62	72.49
173.24	184.73
174.14	184.73
176.84	184.73
180.13	42.82
181.44	49.19
181.76	49.19
183.33	49.19
183.52	129.81
186.84	55.61
187.41	103.15
189.84	103.15
190.12	103.15
193.4	195.12
193.9	195.12
197.26	12.85
200.3	118.37
200.59	118.37
201.04	118.37
203.42	28.6
204.9	191.73
208.3	191.73
210.69	191.73
214.16	152.78
214.61	152.78
214.95	197.65
217.92	197.65
219.59	86.38
220.48	85.75
223.55	85.75
224.23	85.75
225.5	49.5
226.76	49.5
227.43	49.5
228.03	43.6
231.08	43.6
232.52	83.0
232.86	83.0
235.24	99.13
237.89	78.35
238.97	78.35
242.46	78.35
243.01	99.14
244.9	99.14
246.48	29.78
247.27	29.78
249.62	84.1
252.48	164.45
