1.56	81.56
2.3	81.56
3.18	95.54
5.99	103.98
7.79	109.45
10.83	97.14
13.95	97.14
16.12	192.2
16.9	192.31
19.39	110.39
20.25	37.03
22.7	37.03
24.51	37.03
26.99	37.56
30.36	37.56
30.52	37.56
32.85	178.76
33.22	73.3
35.65	45.21
39.14	45.21
41.81	45.21
42.02	80.52
43.81	80.52
45.1	190.89
47.75	190.89
48.65	190.89
49.98	1.78
51.96	1.78
55.24	1.78
56.93	54.9
57.62	54.9
60.1	153.93
61.57	153.93
64.37	153.93
67.14	46.29
69.39	46.29
71.83	46.29
74.91	8.2
76.59	8.2
77.5	179.35
78.17	35.2
79.05	35.2
80.15	132.22
83.61	132.22
85.66	132.22
86.3	186.1
88.81	186.1
89.83	49.81
92.83	49.81
95.66	141.34
98.6	141.34
101.52	27.94
101.85	71.3
104.55	71.3
106.59	40.8
107.16	149.75
109.1	149.75
110.53	188.42
113.79	188.42
114.84	188.42
118.31	148.72
120.27	148.72
122.75	148.72
123.73	119.01
124.67	39.6
126.29	47.36
127.36	186.79
130.81	186.79
132.26	186.79
134.88	121.23
136.26	121.23
139.52	121.23
141.75	53.55
143.73	53.55
144.67	69.41
146.61	168.71
149.75	168.71
152.41	168.71
153.55	127.25
156.59	127.25
158.76	93.16
161.21	93.16
163.54	196.15
166.45	196.15
168.76	26.86
169.53	26.86
169.85	26.86
170.36	130.28
170.94	130.28
172.95	4.42
173.79	4.42
177.26	4.42
180.05	206.82
181.86	206.82
183.52	206.82
185.92	134.31
187.2	134.31
190.24	134.31
193.19	88.7
196.49	88.7
198.42	88.7
198.68	62.53
199.07	62.53
202.06	125.9
204.89	162.23
205.0	205.09
206.92	205.09
208.75	4.15
208.92	4.15
210.73	4.15
211.31	115.61
214.56	21.0
216.92	21.0
217.86	21.0
219.79	54.65
221.71	54.65
224.53	54.65
226.05	140.01
227.35	140.01
230.22	140.01
233.52	12.89
236.42	12.89
238.46	56.7
241.92	56.7
244.61	56.7
244.78	195.84
247.6	195.84
249.68	195.84
250.94	58.93
