0.39	156.39
2.92	10.95
5.03	10.95
7.81	10.95
8.48	44.85
9.41	44.85
12.36	44.85
15.25	44.11
15.61	44.11
16.77	44.11
19.6	8.99
20.19	4.48
20.7	4.48
21.53	4.48
24.24	206.3
27.32	206.3
30.58	206.3
32.47	147.2
33.93	147.2
36.38	206.41
38.53	206.41
39.18	206.41
41.53	154.94
42.06	154.94
44.37	153.79
46.15	153.79
48.24	167.76
50.38	186.17
52.35	173.42
54.03	173.42
57.19	173.42
58.87	70.32
61.12	16.88
63.89	16.88
66.22	16.88
66.62	43.67
67.01	43.67
67.84	43.67
68.7	128.47
69.86	17.39
70.07	17.39
72.8	17.39
73.69	17.75
75.91	6.15
79.01	6.15
79.95	39.28
82.3	39.28
85.74	39.28
88.08	100.05
90.95	100.05
92.61	100.05
94.36	37.63
96.34	37.63
97.85	37.63
101.04	162.98
104.23	162.98
107.72	144.71
109.22	144.71
110.25	203.06
111.03	203.06
112.28	163.49
115.74	163.49
116.2	47.6
118.08	55.13
121.14	55.13
123.61	55.13
126.56	50.55
127.01	50.55
128.59	50.55
131.19	75.1
132.74	75.1
134.16	75.1
134.71	111.42
136.34	103.14
137.49	103.14
140.0	103.14
140.68	174.95
141.61	134.08
143.26	134.08
146.3	49.98
146.69	49.98
147.63	158.43
148.29	114.26
149.63	114.26
151.09	114.26
151.52	198.33
153.12	198.33
156.54	137.04
157.05	137.04
159.27	137.04
162.11	187.39
164.82	187.39
165.76	102.2
168.94	156.33
172.08	156.33
172.78	121.64
174.81	121.64
177.88	121.64
179.25	44.58
181.09	44.58
182.76	44.58
183.5	131.28
184.25	131.0
185.32	93.2
186.89	38.41
189.47	38.41
189.75	203.41
190.44	203.41
191.15	47.95
193.8	47.95
195.69	47.95
198.88	52.65
199.48	61.92
201.48	101.48
202.63	140.91
202.8	41.31
204.93	41.31
206.62	41.31
206.72	7.5
208.58	7.5
211.14	7.5
214.35	203.34
215.8	130.05
216.31	130.05
217.59	106.29
220.02	106.29
222.65	106.29
223.11	190.47
226.52	190.47
229.8	90.54
230.67	181.48
234.13	181.48
235.84	181.48
236.36	187.93
239.13	187.93
242.62	166.96
243.66	132.07
244.02	132.07
244.83	132.07
246.39	66.87
247.28	66.87
248.08	66.87
249.09	186.5
252.54	186.5
