2.28	146.65
4.27	146.65
7.61	146.65
8.32	42.75
8.82	42.75
10.75	42.75
12.55	143.22
13.46	29.33
13.97	17.04
14.96	17.04
16.54	171.54
18.15	171.54
19.46	171.54
22.2	51.15
22.99	51.15
25.51	25.06
26.2	184.89
29.67	76.75
31.19	76.75
34.24	76.75
35.69	40.9
39.07	118.19
42.0	136.64
42.71	118.49
44.44	118.49
47.73	196.33
50.68	111.21
50.88	111.21
52.23	111.21
53.95	147.75
57.02	147.75
57.52	108.72
58.03	16.07
59.85	16.07
61.95	163.01
62.64	163.01
64.55	162.97
67.63	62.18
71.09	62.18
73.11	183.15
73.86	163.28
74.67	196.23
76.38	206.12
78.65	27.45
80.36	27.45
82.12	98.39
84.98	98.39
85.37	154.12
87.77	154.12
90.46	68.11
92.48	68.11
95.77	206.72
96.16	149.77
98.59	149.77
101.86	73.79
102.13	73.79
102.89	95.01
105.24	95.01
107.31	95.01
107.94	139.9
110.98	139.9
113.1	139.9
114.45	179.38
115.27	179.38
118.46	179.38
120.92	78.96
123.28	78.96
125.29	108.48
125.53	108.48
127.42	108.48
130.27	141.0
131.43	141.0
134.18	163.61
135.8	163.61
136.37	128.06
139.01	8.84
142.38	72.67
144.28	106.16
147.0	106.16
150.28	17.5
151.03	17.5
151.78	153.94
152.13	93.66
154.14	132.41
156.75	68.56
157.74	68.56
158.01	65.03
161.46	65.03
163.1	13.64
164.66	138.25
166.37	138.25
169.63	121.98
170.11	121.98
171.39	121.98
173.57	163.22
174.66	163.22
176.81	163.22
179.43	165.49
182.44	165.49
183.94	153.07
184.41	132.33
187.82	124.89
188.15	52.2
188.27	52.2
190.72	52.2
191.15	2.23
192.59	2.23
194.47	42.83
196.83	42.83
199.45	42.83
200.81	161.68
203.09	161.68
205.14	161.68
208.47	116.25
209.93	116.25
212.09	113.76
212.21	86.22
215.65	86.22
216.25	35.94
217.91	35.94
221.25	0.28
222.25	57.9
224.27	10.58
226.04	10.58
226.72	58.78
227.65	58.78
228.16	106.73
231.59	106.73
232.37	126.61
233.2	60.04
236.6	108.12
237.84	24.71
238.98	26.96
241.84	26.96
242.47	26.96
243.86	190.11
244.72	190.11
245.9	190.11
249.31	28.47
251.64	28.47
