2.64	0.9
4.14	0.9
5.89	0.28
6.55	0.28
7.89	0.28
9.96	0.78
11.09	0.78
14.45	0.91
14.87	0.91
16.06	0.51
17.88	0.51
18.85	0.51
20.59	0.7
21.83	0.7
22.89	0.22
23.04	0.22
24.57	0.72
27.78	0.72
29.94	0.72
30.16	0.84
31.73	0.84
34.27	0.84
36.59	0.41
38.89	0.82
41.58	0.82
41.98	0.82
43.64	0.72
46.15	0.72
49.58	0.21
52.77	0.21
55.45	0.88
58.4	0.25
59.02	0.5
62.16	0.65
63.84	0.65
64.07	0.39
65.5	0.39
67.04	0.67
70.26	0.67
72.75	0.67
74.44	0.87
75.45	0.83
76.09	0.82
79.38	0.82
82.35	0.82
85.49	0.21
86.92	0.21
90.06	0.44
92.73	0.44
94.18	0.44
97.35	0.42
99.02	0.35
102.48	0.35
103.6	0.35
104.04	0.98
106.54	0.98
109.8	0.98
112.4	0.33
114.17	0.33
116.75	0.33
116.95	0.25
119.97	0.26
123.26	0.49
125.01	0.25
126.12	0.25
129.05	1.0
130.77	0.45
130.89	0.45
131.65	0.45
131.91	0.44
134.19	0.44
135.13	0.44
137.44	0.72
138.45	0.72
140.54	0.66
142.41	0.44
145.9	0.44
146.07	0.44
146.78	0.35
148.9	0.35
150.28	0.94
151.18	0.88
153.64	0.88
157.12	0.88
158.75	0.95
159.25	0.95
161.39	0.95
163.81	0.74
167.01	0.74
169.31	0.29
172.53	0.29
174.04	0.77
177.41	0.77
179.88	0.64
181.52	0.64
182.58	0.64
184.96	0.3
186.16	0.3
186.98	0.3
188.91	0.58
189.13	0.58
190.5	0.58
193.32	0.28
195.35	0.5
198.13	0.98
199.69	0.98
202.5	0.98
204.12	0.29
206.27	0.29
208.0	0.29
209.52	0.5
211.77	0.37
213.57	0.37
216.85	0.37
219.88	0.93
222.54	0.93
223.82	0.93
226.22	0.3
228.16	0.3
229.37	0.94
231.76	0.94
232.8	0.94
233.93	0.38
234.88	0.38
237.11	0.38
239.13	0.59
240.69	0.59
241.69	0.59
244.74	0.72
247.13	0.72
249.62	0.72
253.02	0.33
