1.54	0.45
4.79	0.82
5.7	0.82
8.49	0.72
9.99	0.72
10.28	0.42
10.68	0.42
12.36	0.79
15.09	0.85
17.56	0.3
18.92	0.3
20.63	0.45
23.21	0.45
25.55	0.53
27.52	0.53
28.06	0.53
28.36	0.66
28.59	0.87
31.93	0.87
33.3	0.87
35.54	0.62
36.12	0.46
37.87	0.46
38.92	0.34
39.91	0.34
40.53	0.34
42.62	0.99
44.68	0.99
46.82	0.64
47.26	0.63
47.95	0.63
49.35	0.72
51.47	0.72
54.45	0.91
55.8	0.55
58.56	0.55
61.08	0.61
62.2	0.61
63.02	0.72
64.97	0.72
66.8	0.72
69.9	0.94
71.64	0.94
73.13	0.94
74.05	0.77
76.52	0.77
77.46	0.46
79.51	0.46
80.29	0.46
82.07	0.83
84.25	0.83
86.04	0.83
86.47	0.68
88.93	0.68
92.31	0.68
95.44	0.45
98.86	0.45
99.3	0.48
102.59	0.48
105.44	0.48
108.58	0.46
110.62	0.46
112.5	0.46
115.81	0.28
116.49	0.48
116.9	0.69
120.25	0.69
121.43	0.55
121.96	0.23
124.87	0.8
127.41	0.87
128.82	0.87
130.37	0.87
132.25	0.87
134.1	0.76
134.49	0.76
137.36	0.76
139.74	0.3
140.57	0.3
141.09	0.96
142.43	0.96
143.72	0.47
145.71	0.47
147.28	0.68
147.89	0.68
149.18	0.79
151.5	0.79
152.74	0.79
156.12	0.61
156.99	0.61
159.36	0.83
160.19	0.83
160.68	0.83
162.79	0.41
162.94	0.41
164.96	0.41
165.83	0.63
168.75	0.63
171.17	0.65
173.64	0.65
175.52	0.65
177.87	0.61
180.2	0.61
182.93	0.85
183.4	0.58
184.51	0.35
185.23	0.87
187.47	0.87
189.08	0.87
192.35	0.32
193.74	0.32
194.32	0.56
197.32	0.56
198.56	0.23
199.81	0.23
200.41	0.44
202.9	0.85
205.83	0.85
207.88	0.85
210.38	0.24
213.19	0.24
213.35	0.24
213.54	0.42
216.5	0.91
218.04	0.92
221.51	0.92
222.22	0.62
223.63	0.62
224.07	0.24
226.52	0.24
227.07	0.41
230.08	0.53
231.93	0.37
234.96	0.37
236.71	0.89
237.5	0.86
239.1	0.98
242.26	0.39
243.09	0.93
245.73	0.93
248.95	0.93
249.99	0.73
252.53	0.73
