1.71	0.54
2.77	0.56
2.97	0.68
5.15	0.68
7.0	0.68
8.67	0.64
10.36	0.64
10.56	0.83
11.89	0.93
14.35	0.25
16.98	0.78
17.43	0.78
17.58	0.84
20.74	0.84
21.8	0.84
24.25	0.51
24.45	0.51
25.62	0.33
27.58	0.33
28.13	0.33
30.2	0.86
32.34	0.86
34.83	0.66
35.75	0.66
38.25	0.66
39.95	0.88
42.0	0.33
45.03	0.22
45.72	0.22
46.97	0.22
49.23	0.57
52.17	0.57
52.28	0.57
52.75	0.28
53.55	0.28
54.13	0.28
56.14	0.45
57.18	0.45
58.62	0.45
61.95	0.38
64.68	0.34
65.67	0.34
68.49	0.49
69.69	0.49
73.15	0.49
75.93	0.71
79.22	0.24
82.41	0.24
83.19	0.24
85.54	0.92
88.07	0.92
90.03	0.92
92.98	0.58
95.38	0.59
98.38	0.59
101.23	0.69
104.01	0.69
106.34	0.7
107.9	0.7
108.28	0.7
108.39	0.3
109.79	0.3
112.68	0.9
114.91	0.9
116.18	0.9
118.88	0.3
119.81	0.58
120.04	0.58
122.18	0.58
123.96	0.45
126.33	0.45
126.86	0.93
127.04	0.87
128.01	0.87
128.95	0.68
130.05	0.88
132.8	0.71
133.98	0.71
136.35	0.42
139.81	0.42
141.69	0.42
143.84	0.76
144.71	0.25
147.17	0.25
147.92	0.43
151.42	0.37
153.53	0.37
154.56	0.37
155.9	0.47
158.13	0.47
160.79	0.47
162.61	0.33
163.09	0.56
165.79	0.56
166.5	0.56
166.96	0.79
170.19	0.79
172.06	0.79
175.53	0.6
178.13	0.6
180.6	0.61
183.78	0.61
183.9	0.61
184.15	0.4
185.41	0.76
185.79	0.47
187.21	0.47
188.76	0.47
191.32	0.6
192.57	0.6
192.95	0.6
195.28	0.63
197.97	0.63
200.93	0.85
204.27	0.93
206.42	0.93
207.59	0.2
208.56	0.2
209.68	0.68
210.22	0.69
212.59	0.69
215.69	0.69
219.01	0.53
221.97	0.64
222.61	0.5
223.18	0.5
226.56	0.5
229.2	0.89
230.37	0.89
233.86	0.89
234.51	0.48
237.49	0.23
240.87	0.23
243.54	0.39
244.83	0.39
247.62	0.94
250.55	0.94
