2.58	0.97
3.95	0.66
6.44	0.33
8.65	0.24
11.85	0.24
13.67	0.61
16.66	0.61
17.98	0.63
18.78	0.53
19.89	0.53
20.71	0.53
23.44	0.3
25.04	0.3
27.19	0.37
30.62	0.55
32.02	0.55
32.93	0.89
34.18	0.79
36.29	0.79
39.21	0.26
39.46	0.26
42.55	0.26
42.84	0.36
45.53	0.36
47.97	0.36
48.65	0.8
50.38	0.43
51.58	0.32
52.87	0.6
55.44	0.97
58.14	0.97
59.84	0.42
62.94	0.42
65.69	0.42
68.75	0.52
70.99	0.52
73.51	0.28
73.66	0.51
76.17	0.51
79.17	0.51
79.63	0.27
80.22	0.43
80.47	0.43
82.79	0.43
84.58	0.96
86.95	0.72
88.39	0.72
91.78	0.72
93.38	0.5
93.94	0.5
96.96	0.5
97.42	0.21
100.73	0.21
101.25	0.63
104.36	0.99
107.2	0.99
110.66	0.99
112.9	0.25
116.28	0.58
119.56	0.58
120.99	0.58
122.79	0.77
123.71	0.77
127.11	0.77
129.96	0.43
130.22	0.43
133.53	0.66
134.68	0.66
135.06	0.57
136.96	0.3
137.37	0.99
138.46	0.99
140.98	0.99
141.32	0.54
144.27	0.73
145.73	0.73
146.83	0.73
147.95	0.84
150.23	0.84
152.85	0.3
155.21	0.3
155.68	0.95
159.12	0.95
162.29	0.95
163.63	0.61
166.25	0.73
166.64	0.73
167.77	0.8
168.0	0.8
168.31	0.8
170.36	0.93
170.91	0.93
172.9	0.93
174.75	0.38
177.89	0.38
181.16	0.38
182.27	0.94
183.25	0.94
185.1	0.75
185.29	0.21
185.72	0.67
186.52	0.67
188.18	0.67
190.42	0.54
193.0	0.54
195.19	0.8
198.58	0.8
201.23	0.8
202.17	0.37
204.73	0.37
207.31	0.71
207.86	0.71
208.59	0.6
208.92	0.73
209.55	0.73
212.4	0.73
215.73	0.27
216.91	0.88
218.92	0.88
221.87	0.52
224.47	0.52
226.17	0.61
227.99	0.62
229.52	0.46
231.61	0.46
234.08	0.46
235.12	0.79
236.09	0.44
238.85	0.44
239.74	0.4
241.51	0.4
243.41	0.56
245.9	0.56
248.01	0.82
248.41	0.82
250.98	0.86
