0.89	0.77
2.5	0.94
4.58	0.94
7.29	0.94
9.19	0.52
12.67	0.52
15.04	0.52
15.77	0.46
17.87	0.46
19.67	0.42
21.79	0.88
24.09	0.35
27.28	0.35
28.99	0.63
29.22	0.34
31.82	0.34
32.18	0.33
34.67	0.33
36.13	0.33
38.17	0.81
40.72	0.54
43.46	0.54
45.53	0.54
47.04	0.44
47.17	0.36
50.24	0.36
51.42	0.81
51.97	0.81
54.74	0.3
55.9	0.3
56.42	0.3
57.27	0.3
58.08	0.57
58.52	0.57
60.58	0.57
61.91	0.8
65.27	0.8
67.29	0.74
68.55	0.56
70.52	0.56
70.78	0.88
72.85	0.88
75.36	0.88
77.15	0.63
80.09	0.63
83.46	0.63
84.9	0.38
86.0	0.38
87.27	0.38
87.87	0.24
89.66	0.82
92.96	0.82
94.53	0.73
97.58	0.73
100.65	0.79
102.92	0.79
105.02	0.79
107.16	0.32
110.12	0.32
110.77	0.22
113.49	0.22
113.88	0.22
116.21	0.72
116.33	0.72
119.69	0.65
120.15	0.65
121.54	0.72
122.98	0.85
124.62	0.85
126.91	0.44
127.81	0.43
130.18	0.3
132.77	0.3
133.87	0.6
136.35	0.77
137.0	0.77
138.06	0.77
140.33	0.97
140.67	0.97
142.45	0.97
143.63	0.24
146.98	0.24
150.0	0.24
150.74	0.57
151.76	0.57
152.62	0.92
153.76	0.92
153.92	0.92
155.67	0.81
156.85	0.81
158.95	0.81
160.12	0.55
161.21	0.55
162.46	0.33
162.59	0.33
164.01	0.46
166.66	0.46
166.89	0.46
169.86	0.59
172.01	0.59
172.22	0.5
173.96	0.5
175.59	0.5
178.97	0.23
179.22	0.23
179.65	0.23
182.85	0.71
185.94	0.88
187.55	0.88
189.74	0.88
192.8	0.69
193.02	0.69
194.54	0.85
197.29	0.93
198.44	0.93
200.81	0.93
201.17	0.92
202.83	0.92
204.67	0.92
205.95	0.92
208.84	0.98
210.48	0.98
213.34	0.98
214.33	0.46
214.71	0.46
216.53	0.46
217.81	0.39
220.18	0.25
223.02	0.25
223.86	0.25
225.26	0.33
226.72	0.33
229.91	0.33
230.71	0.91
232.66	0.91
234.61	0.54
236.12	0.54
239.47	0.54
240.07	0.43
240.83	0.51
242.76	0.33
243.98	0.32
245.88	0.98
246.28	0.98
247.4	0.98
248.32	0.57
251.76	0.57
