1.09	0.8
3.58	0.8
4.39	0.65
6.36	0.33
7.35	0.33
8.82	0.91
12.05	0.91
14.51	0.39
16.5	0.39
18.38	0.39
20.95	0.89
22.8	0.4
23.05	0.92
26.39	0.92
28.22	0.92
31.37	0.34
32.03	0.34
32.66	0.34
35.53	0.56
36.14	0.56
39.26	0.56
40.21	0.79
42.85	0.48
45.65	0.84
47.4	0.45
50.82	0.76
52.19	0.76
52.63	0.76
55.88	0.44
58.69	0.26
59.9	0.26
63.36	0.26
64.22	0.64
67.61	0.64
70.14	0.64
73.54	0.5
76.01	0.5
77.66	0.5
80.05	0.82
81.43	0.82
81.78	0.48
82.7	0.48
86.14	0.48
88.91	0.28
92.06	0.28
94.35	0.28
94.46	0.38
96.92	0.38
100.08	0.24
103.58	0.24
104.81	0.93
105.04	0.55
105.42	0.83
108.54	0.98
111.76	0.98
113.78	0.59
113.92	0.22
115.0	0.22
116.47	0.42
119.22	0.76
119.44	0.76
122.02	0.25
122.34	0.99
122.63	0.53
126.04	0.53
127.92	0.29
129.95	0.29
130.46	0.97
133.4	0.97
135.35	0.97
135.5	0.49
138.56	0.49
142.04	0.9
142.17	0.74
142.46	0.74
142.87	0.74
144.83	0.28
148.04	0.28
150.09	0.28
152.52	0.53
154.71	0.46
154.91	0.46
157.92	0.75
159.82	0.75
161.99	0.75
162.37	0.55
165.23	0.55
168.6	0.55
171.01	0.6
172.03	0.6
173.92	0.29
175.2	0.29
176.29	0.63
176.47	0.63
177.01	0.63
179.83	0.36
182.78	0.36
184.88	0.31
186.48	0.31
189.58	0.31
190.85	0.95
191.2	0.95
193.66	0.95
195.12	0.45
196.8	0.45
198.25	0.37
198.88	0.89
199.21	0.89
199.32	0.89
201.01	0.36
203.79	0.36
204.72	0.36
207.33	0.88
208.16	0.88
211.63	0.88
213.49	0.89
213.98	0.89
215.84	0.89
219.22	0.42
222.31	0.93
222.41	0.93
224.89	0.93
225.1	0.67
228.22	0.7
229.57	0.29
232.91	0.46
234.31	0.46
237.14	0.46
240.51	0.47
240.92	0.47
242.38	0.57
244.2	0.94
246.18	0.94
248.2	0.21
248.99	0.21
252.23	0.21
