2.33	0.55
3.98	0.89
6.45	0.89
8.1	0.59
10.95	0.59
14.37	0.44
15.39	0.44
15.74	0.38
17.09	0.68
19.96	0.93
21.2	0.93
24.08	0.93
25.6	0.43
27.81	0.9
30.05	0.29
30.42	0.29
32.68	0.62
34.46	0.87
36.04	0.87
36.32	0.4
38.07	0.4
41.04	0.5
42.62	0.5
44.15	0.5
47.26	0.93
47.47	0.93
50.75	0.93
53.62	0.55
54.01	0.55
56.32	0.55
56.62	0.71
59.54	0.42
62.9	0.42
65.43	0.92
67.4	0.92
67.81	0.54
70.04	0.54
70.79	0.54
71.23	0.59
73.97	0.59
74.69	0.8
77.47	0.48
78.29	0.51
81.35	0.36
84.84	0.36
85.63	0.36
86.86	0.62
88.6	0.62
89.94	0.7
92.47	0.7
95.04	0.23
95.73	0.23
97.06	0.23
98.73	0.27
99.44	0.27
102.41	0.27
105.62	0.74
108.1	0.74
110.2	0.74
112.09	0.42
114.31	0.9
117.09	0.9
120.34	0.26
122.26	0.26
124.7	0.6
124.85	0.6
125.93	0.6
127.28	0.82
130.33	0.82
132.2	0.69
135.36	0.69
137.88	0.69
140.74	0.5
142.22	0.5
145.34	0.51
147.18	0.51
150.59	0.64
153.11	0.64
154.35	0.64
157.15	0.95
158.49	0.95
159.74	0.84
163.2	0.84
166.48	0.84
168.31	0.68
169.77	0.68
173.23	0.68
174.96	0.8
176.31	0.8
177.29	0.8
177.94	0.69
180.61	0.64
181.48	0.64
184.28	0.64
184.77	0.73
187.69	0.73
189.02	0.23
191.23	0.23
193.3	0.88
196.58	0.88
199.88	0.88
200.37	0.66
203.09	0.66
206.33	0.66
208.14	0.52
209.03	0.52
210.25	0.52
212.37	0.29
215.65	0.29
216.37	0.29
218.43	0.94
221.62	0.94
222.94	0.64
225.35	0.64
228.67	0.64
230.45	0.72
233.09	0.72
233.86	0.72
234.84	0.5
235.25	0.5
237.12	0.5
238.13	0.69
240.16	0.97
241.23	0.74
241.76	0.91
242.4	0.91
245.9	0.91
248.85	0.27
251.77	0.58
