1.53	0.34
5.02	0.34
6.8	0.42
10.21	0.57
12.12	0.57
12.37	0.57
13.2	0.89
14.02	0.39
16.08	0.45
17.79	0.45
21.05	0.85
24.05	0.85
25.16	0.32
26.64	0.32
27.55	0.32
27.87	0.48
30.34	0.89
32.44	0.89
35.65	0.94
38.99	0.94
42.3	0.7
43.43	0.7
44.36	0.7
46.6	0.84
50.07	0.84
51.45	0.84
51.85	0.38
52.17	0.38
54.87	0.68
55.16	0.68
56.96	1.0
57.8	0.65
58.18	0.25
61.11	0.25
62.22	0.25
64.27	0.62
67.15	0.62
70.14	0.8
70.42	0.8
73.52	0.8
75.3	0.42
76.38	0.44
77.87	0.44
80.05	0.74
82.36	0.8
83.68	0.8
84.11	0.8
85.44	0.37
88.1	0.37
88.41	0.32
89.99	0.32
91.46	0.32
93.07	0.92
95.62	0.59
97.98	0.59
99.0	0.59
102.28	0.39
102.58	0.38
105.32	0.44
107.81	0.44
109.49	0.4
111.62	0.56
112.54	0.56
112.81	0.33
114.75	0.33
114.92	0.33
117.67	0.46
120.73	0.46
120.91	0.82
121.88	0.82
123.42	0.24
126.03	0.24
128.18	0.24
128.72	0.24
130.57	0.49
131.52	0.49
133.38	0.49
133.92	0.59
136.01	0.59
136.85	0.59
139.01	0.81
141.36	0.42
143.61	0.61
146.38	0.61
147.08	0.61
148.14	0.58
151.08	0.71
153.67	0.71
156.25	0.68
159.44	0.68
159.57	0.68
160.12	0.42
162.79	0.42
164.05	0.64
167.0	0.64
167.76	0.64
170.19	0.57
172.96	0.57
174.83	0.57
176.69	0.73
177.82	0.73
179.17	0.73
182.23	0.52
183.11	0.6
184.24	0.6
186.2	0.49
187.46	0.49
188.63	0.3
191.21	0.3
194.17	0.84
196.28	0.84
199.24	0.84
199.94	0.38
201.6	0.38
202.94	0.38
206.23	0.24
206.83	0.57
209.46	0.57
211.72	0.57
213.42	0.53
214.94	0.53
215.73	0.99
215.92	0.94
217.14	0.94
218.62	0.94
219.08	0.39
221.13	0.51
223.2	0.66
224.4	0.66
227.86	0.66
228.35	0.87
229.77	0.56
229.96	0.86
231.67	0.75
233.55	0.23
234.46	0.23
235.62	0.4
237.3	0.4
240.34	0.4
241.01	0.94
241.51	0.95
244.47	0.6
246.21	0.71
249.34	0.71
251.4	0.36
