1.95	0.64
2.75	0.64
4.64	0.45
6.02	0.45
7.92	0.24
8.49	0.31
10.02	0.31
10.75	0.35
14.18	0.35
15.1	0.35
15.75	0.87
17.49	0.83
18.64	0.83
22.14	0.28
24.43	0.28
25.43	0.28
27.22	0.95
27.71	0.95
28.81	0.95
31.14	0.99
33.57	0.99
35.7	0.99
38.77	0.85
41.57	0.85
41.86	0.85
43.92	0.38
46.08	0.38
46.28	0.85
47.39	0.68
50.16	0.84
51.73	0.84
52.31	0.39
52.86	0.39
54.42	0.76
55.3	0.76
56.34	0.89
57.7	0.55
61.01	0.56
61.69	0.56
64.05	0.56
66.92	0.92
70.4	0.92
72.59	0.92
75.02	0.54
75.54	0.5
78.58	0.5
81.35	0.5
81.85	0.61
83.29	0.61
84.97	0.9
85.79	0.86
87.29	0.86
89.13	0.54
91.65	0.54
95.05	0.54
97.99	0.51
98.46	0.51
99.51	0.51
102.99	0.91
105.63	0.91
107.16	0.91
110.06	0.97
111.14	0.97
114.57	0.95
115.53	0.95
116.75	0.95
118.05	0.45
119.19	0.45
122.18	0.5
125.5	0.86
126.26	0.86
128.17	0.49
128.51	0.81
130.62	0.81
132.27	0.73
135.46	0.73
137.01	0.7
137.14	0.74
137.54	0.74
139.76	0.74
140.08	0.59
140.5	0.59
141.58	0.86
141.88	0.86
143.84	0.85
146.87	0.85
147.91	0.85
148.81	0.38
150.56	0.57
151.16	0.57
153.21	0.97
155.25	0.27
157.08	0.27
160.24	0.76
161.84	0.76
164.26	1.0
166.17	1.0
168.98	1.0
170.29	0.24
172.4	0.24
175.41	0.24
176.93	0.44
180.38	0.44
181.77	0.39
183.79	0.39
187.27	0.42
189.46	0.42
192.0	0.29
193.16	0.29
193.68	0.45
195.27	0.45
196.3	0.45
198.67	0.94
200.33	0.94
202.27	0.48
205.68	0.48
206.31	0.48
209.58	0.44
211.57	0.44
213.53	0.24
215.79	0.8
216.17	0.65
218.04	0.65
218.76	0.65
220.23	0.73
222.25	0.73
223.57	0.54
224.59	0.54
226.61	0.21
228.23	0.21
231.66	0.95
231.85	0.95
232.64	0.48
233.37	0.9
234.74	0.9
236.6	0.9
239.47	0.39
241.31	0.39
242.23	0.39
242.71	0.86
245.82	0.86
249.18	0.84
250.16	0.84
