3.21	0.41
3.4	0.86
3.7	0.93
4.94	0.34
6.46	0.52
8.44	0.45
10.19	0.74
12.7	0.74
13.82	0.71
16.17	0.71
18.82	0.73
20.92	0.47
21.28	0.47
24.09	0.32
27.23	0.2
28.82	0.52
31.96	0.52
32.26	0.52
32.83	0.5
36.02	0.5
38.51	0.5
40.86	0.53
43.45	0.53
46.38	0.53
49.81	0.97
51.96	0.97
52.4	0.72
53.92	0.72
56.92	0.65
57.38	0.65
58.5	0.47
60.97	0.47
62.31	0.47
63.03	0.33
64.52	0.33
65.22	0.33
68.12	0.3
70.43	0.33
73.02	0.33
73.2	0.54
74.75	0.54
74.96	0.54
76.21	0.32
77.5	0.59
79.38	0.59
81.77	0.59
83.73	0.59
85.24	0.69
86.83	0.69
89.49	0.5
92.14	0.75
93.12	0.37
96.56	0.37
98.24	0.66
100.69	0.47
103.5	0.47
105.8	0.47
107.56	0.88
110.55	0.52
112.1	0.52
115.09	0.52
117.52	0.78
120.83	0.78
121.07	0.4
121.34	0.4
124.1	0.38
125.72	0.38
128.59	0.38
129.2	0.77
131.59	0.77
135.01	0.77
138.27	0.31
139.62	0.31
142.77	0.7
145.78	0.66
146.04	0.66
146.74	0.66
147.78	0.42
149.56	0.24
151.07	0.47
154.42	0.47
154.55	0.78
155.56	0.78
156.43	0.58
156.66	0.58
157.94	0.58
160.22	0.74
162.56	0.74
163.43	0.74
166.15	0.83
166.57	0.75
167.26	0.75
169.34	0.75
170.72	0.68
173.36	0.68
176.78	0.59
176.98	0.59
180.33	0.59
183.77	0.43
184.41	0.43
187.57	0.43
189.94	0.43
193.22	0.81
195.34	0.81
196.84	0.81
198.37	0.82
198.53	0.82
201.74	0.82
202.87	0.33
205.07	0.26
206.08	0.22
207.08	0.22
207.79	0.28
207.94	0.28
210.91	0.28
213.48	0.96
214.94	0.33
216.44	0.5
219.26	0.5
220.58	0.5
222.88	0.2
225.08	0.2
226.01	0.2
228.0	0.5
231.09	0.31
231.34	0.31
234.23	0.31
235.53	0.67
237.41	0.67
240.31	0.67
241.12	0.98
241.6	0.98
242.32	0.98
242.58	0.52
245.67	0.52
248.17	0.32
250.07	0.32
