1.35	0.91
1.52	0.91
2.64	0.91
2.93	0.62
4.42	0.62
5.21	0.99
5.88	0.3
6.6	0.3
7.09	0.63
9.96	0.63
11.06	1.0
12.66	1.0
14.64	0.76
17.31	0.76
20.34	0.76
23.33	1.0
25.74	1.0
28.86	1.0
29.48	0.93
30.35	0.93
33.32	0.74
35.41	0.74
36.77	0.25
39.9	0.46
40.94	0.79
41.17	0.79
44.28	0.79
47.34	0.4
49.01	0.4
49.96	0.53
50.99	0.53
53.87	0.99
55.26	0.99
57.19	0.99
58.75	0.47
61.29	0.47
61.77	0.52
62.26	0.52
63.41	0.78
66.07	0.78
67.18	0.78
70.34	0.98
70.97	0.98
71.24	0.64
72.91	0.94
73.34	0.53
75.8	0.53
79.07	0.53
81.14	0.84
82.47	0.84
85.13	0.72
87.02	0.72
87.54	0.72
90.48	0.55
92.27	0.48
92.4	0.48
93.03	0.48
94.67	0.88
96.57	0.88
98.29	0.33
101.21	0.33
102.28	0.52
104.27	0.52
106.26	0.89
109.53	0.89
112.8	0.72
114.74	0.72
116.24	0.72
117.76	0.4
118.19	0.4
120.84	0.45
121.52	0.55
124.22	0.88
125.38	0.88
128.28	0.88
129.63	0.47
132.95	0.35
133.23	0.35
133.73	0.35
134.41	0.5
134.73	0.5
135.23	0.36
137.49	0.36
140.28	0.42
141.46	0.42
144.32	0.42
145.27	0.8
147.07	0.62
147.61	0.62
149.14	0.62
149.98	0.77
153.25	0.77
155.93	0.46
158.16	0.46
160.47	0.76
161.43	0.72
164.37	0.72
165.3	0.83
168.35	0.83
170.39	0.95
172.01	0.95
173.56	0.95
174.56	0.36
175.85	0.36
179.07	0.74
181.12	0.41
181.53	0.41
184.23	0.41
185.28	0.3
187.71	0.3
188.25	0.25
190.91	0.25
193.11	0.25
196.06	0.51
199.39	0.51
202.56	0.51
202.95	0.5
203.47	0.5
205.42	0.56
208.08	0.56
209.01	0.82
209.16	0.63
211.61	0.33
214.79	0.33
214.92	0.33
215.8	0.99
216.85	0.99
220.29	0.99
221.44	0.99
224.74	0.99
225.49	0.39
225.75	0.39
226.07	0.39
226.92	0.23
229.43	0.23
230.53	0.22
232.72	0.22
234.6	0.22
237.69	0.58
240.6	0.58
243.58	0.58
243.96	0.23
244.1	0.45
244.62	0.45
247.14	0.91
249.26	0.91
252.71	0.66
