3.19	0.57
5.71	0.57
6.14	0.57
7.65	0.46
8.55	0.46
11.55	0.46
13.68	0.32
16.38	0.57
18.24	0.55
19.5	0.55
19.97	0.55
22.1	0.49
24.15	0.87
24.58	0.87
26.16	0.9
26.95	0.53
28.64	0.88
32.08	0.88
32.85	0.61
33.48	0.89
35.87	0.89
36.3	0.36
39.2	0.36
41.3	0.36
41.51	0.66
43.39	0.66
46.61	0.66
49.05	0.54
52.34	0.27
52.54	0.27
54.86	0.82
55.23	0.82
56.92	0.3
57.54	0.3
59.97	0.3
61.03	0.53
62.19	0.53
64.09	0.37
66.53	0.95
69.19	0.95
71.41	0.42
72.39	0.82
73.84	0.78
75.04	0.78
77.83	0.78
80.56	0.91
82.67	0.91
85.35	0.96
87.61	0.96
88.93	0.27
89.98	0.72
92.14	0.72
94.79	0.58
96.91	0.58
98.88	0.58
99.53	0.64
100.74	0.64
103.56	0.64
106.46	0.43
109.0	0.43
109.44	0.43
110.99	0.39
114.11	0.74
117.5	0.74
119.75	0.74
120.98	0.78
122.22	0.78
122.57	0.78
125.21	0.27
126.93	0.99
127.67	0.93
129.07	0.93
129.5	0.4
131.29	0.4
132.59	0.4
133.81	0.52
135.7	0.52
138.91	0.52
140.16	0.98
142.91	0.98
145.73	0.38
148.96	0.58
152.07	0.58
154.03	0.58
155.22	0.81
157.22	0.81
157.75	0.81
159.27	0.82
160.44	0.67
163.36	0.67
163.55	0.67
167.01	0.28
169.77	0.88
172.32	0.88
173.55	0.88
175.77	0.95
178.46	0.34
179.01	0.34
179.6	0.99
180.67	0.99
183.66	0.67
187.08	0.67
189.73	0.89
190.68	0.89
191.5	0.89
192.22	0.52
193.5	0.52
196.84	0.52
199.08	0.79
199.44	0.79
202.53	0.79
203.59	0.53
205.71	0.93
207.12	0.93
207.88	0.76
208.71	0.76
209.5	0.48
212.48	0.48
213.23	0.48
215.57	0.28
217.08	0.28
217.93	0.65
218.58	0.65
222.01	0.65
222.91	0.53
225.03	0.53
225.9	0.53
227.82	0.38
228.96	0.38
230.6	0.38
230.85	0.94
231.34	0.94
233.22	0.94
236.46	1.0
237.19	0.42
239.52	0.42
241.53	0.42
243.32	0.43
245.33	0.78
247.36	0.92
249.62	0.92
250.88	0.92
