2.86	0.7
5.0	0.7
5.82	0.49
6.75	0.49
9.65	0.77
11.75	0.57
14.13	0.57
17.58	0.57
20.55	0.69
22.44	0.34
24.75	0.48
25.57	0.63
29.04	0.63
29.44	0.63
30.31	0.41
30.7	0.29
31.21	0.45
33.66	0.45
34.45	0.45
37.54	0.66
39.79	0.66
40.16	0.36
41.23	0.36
44.68	0.36
47.25	0.42
49.09	0.43
51.02	0.43
52.6	0.43
53.1	0.27
53.79	0.49
55.35	0.49
55.78	0.49
56.05	0.46
57.66	0.57
60.77	0.98
63.21	0.98
65.73	0.54
68.78	0.54
71.34	0.54
72.82	0.21
74.27	0.21
75.43	0.21
77.6	0.99
78.09	0.61
81.29	0.61
83.2	0.61
84.38	0.94
85.87	0.31
88.75	0.33
91.87	0.76
93.96	0.76
95.75	0.76
97.95	0.99
99.66	0.84
100.83	0.84
103.98	0.23
104.57	0.59
105.48	0.77
107.15	0.77
109.45	0.77
112.35	0.84
113.69	0.83
114.59	0.75
116.53	0.75
119.73	0.75
120.82	0.56
124.17	0.57
127.57	0.37
129.67	0.37
129.92	0.22
132.0	0.52
133.84	0.67
137.21	0.86
139.1	0.25
139.66	0.25
142.3	0.25
142.9	0.77
145.71	0.89
146.13	0.41
148.01	0.48
149.66	0.82
151.5	0.82
154.17	0.82
157.49	0.46
158.36	0.46
159.5	0.46
160.92	0.25
163.98	0.25
167.04	0.25
167.3	0.86
169.61	0.86
171.94	0.9
174.79	0.9
176.49	0.83
179.52	0.92
181.75	0.92
184.22	0.78
184.9	0.78
187.42	0.51
188.76	0.51
190.65	0.45
193.14	0.55
195.23	0.55
196.71	0.27
198.78	0.6
199.87	0.63
203.36	0.63
203.91	0.63
204.84	0.8
207.85	0.8
208.7	0.95
211.01	0.95
211.77	0.8
215.13	0.8
218.38	0.8
220.31	0.54
220.45	0.54
221.85	0.54
223.72	0.27
226.47	0.35
229.15	0.35
230.18	0.35
233.53	0.98
235.72	0.98
237.48	0.45
240.89	0.22
242.28	0.22
243.11	0.22
246.01	0.42
248.91	0.42
252.22	0.25
