3.25	0.39
4.08	0.39
7.0	0.39
7.58	0.33
10.43	0.33
13.67	0.33
14.06	0.44
14.58	0.44
15.67	0.44
17.68	0.94
20.98	0.52
23.01	0.52
26.5	0.52
27.87	0.5
28.48	0.5
28.97	0.5
32.1	0.62
33.26	0.62
36.57	0.5
38.98	0.5
41.01	0.83
42.89	0.54
46.2	0.48
48.12	0.48
50.14	0.48
51.68	0.72
51.86	0.72
53.14	0.72
55.57	0.35
56.38	0.35
59.15	0.52
62.46	0.52
62.62	0.66
63.13	0.71
64.75	0.71
67.71	0.72
71.11	0.72
72.64	0.72
75.34	0.51
76.31	0.51
77.99	0.74
78.95	0.74
80.12	0.74
81.03	0.99
82.81	0.99
84.54	0.99
86.41	0.28
88.66	0.28
89.26	0.64
90.04	0.64
90.53	0.92
92.15	0.8
93.03	0.8
95.77	0.87
96.6	0.87
100.06	0.87
100.69	0.51
102.32	0.51
105.62	0.59
106.63	0.35
108.28	0.6
108.61	0.39
110.32	0.84
113.57	0.84
114.05	0.64
116.16	0.54
117.34	0.51
119.48	0.51
120.97	0.51
124.11	0.91
124.47	0.91
126.15	0.91
127.84	0.6
128.46	0.6
131.87	0.6
132.99	0.3
135.58	0.3
138.95	0.4
139.55	0.4
142.33	0.56
143.7	0.56
146.5	0.56
149.71	0.61
152.12	0.61
153.32	0.29
154.53	0.29
157.57	0.68
159.67	0.68
161.71	0.68
161.99	0.29
162.37	0.29
164.0	0.57
165.77	0.57
168.72	0.57
171.88	0.3
175.07	0.3
177.87	0.68
180.94	0.87
183.87	0.87
184.99	0.87
185.76	0.65
187.43	0.65
188.41	0.65
189.86	0.45
190.06	0.45
193.17	0.45
193.85	0.28
196.02	0.55
197.45	0.55
197.64	0.94
198.62	0.94
200.13	0.94
200.83	0.91
204.02	0.47
205.08	0.47
208.09	0.76
209.17	0.76
211.1	0.76
211.46	0.98
212.64	0.98
214.8	0.98
217.29	0.22
219.48	0.22
219.65	0.63
221.91	0.63
222.21	0.63
225.62	0.5
228.78	0.5
230.45	0.36
233.4	0.36
233.94	0.36
237.1	0.98
239.15	0.6
239.25	0.59
241.42	0.5
243.7	0.5
245.58	0.5
248.12	0.37
251.08	0.37
