0.93	0.33
2.2	0.33
2.61	0.53
4.06	0.53
5.23	0.64
5.46	0.64
8.8	0.64
9.06	0.76
10.0	0.34
10.16	0.34
12.73	0.98
15.93	0.49
19.38	0.49
22.69	0.49
24.47	0.6
26.07	0.6
26.47	0.6
27.44	0.21
28.88	0.21
31.12	0.21
32.63	0.38
33.4	0.38
35.61	0.44
36.73	0.74
37.82	0.74
40.47	0.6
42.59	0.6
44.54	0.34
45.73	0.23
47.89	0.23
49.45	0.23
52.27	0.37
53.27	0.37
53.95	0.37
54.68	0.22
56.1	0.22
59.47	1.0
60.73	0.61
62.3	0.61
63.65	0.95
65.62	0.95
67.73	0.47
70.38	0.87
71.0	0.28
71.88	0.28
72.15	0.28
74.04	0.72
74.52	0.68
75.21	0.67
77.64	0.82
80.38	0.79
82.18	0.87
83.26	0.87
83.38	0.87
86.62	0.99
88.66	0.99
88.84	0.99
90.68	0.88
91.5	0.88
92.67	0.91
93.43	0.39
95.8	0.39
98.05	0.39
98.58	0.92
100.62	0.98
104.05	0.8
107.51	0.8
108.6	0.46
109.2	0.46
112.24	0.66
115.27	0.66
115.81	0.66
117.67	0.56
118.8	0.79
120.43	0.56
122.85	0.56
123.93	0.4
124.92	0.27
127.12	0.27
130.22	0.75
131.56	0.44
134.66	0.44
137.73	0.77
140.95	0.49
142.66	0.49
143.76	0.78
145.82	0.35
148.25	0.35
148.74	0.56
151.17	0.56
153.17	0.56
155.19	0.78
156.13	0.87
159.61	0.78
160.62	0.78
161.49	0.78
163.69	0.6
165.82	0.87
167.66	0.87
170.06	0.5
173.22	0.45
175.73	0.38
179.18	0.38
181.81	0.38
182.95	0.71
185.75	0.71
186.57	0.71
189.39	0.77
191.85	0.77
193.92	0.86
197.17	0.86
198.23	0.4
200.8	0.4
203.32	0.95
204.03	0.95
207.35	0.95
209.0	0.95
211.26	0.81
213.72	0.81
215.35	0.81
215.81	0.24
217.54	0.24
218.78	0.24
221.29	0.23
222.87	0.43
224.96	0.23
228.3	0.23
229.27	0.85
232.15	0.66
233.03	0.66
235.32	0.67
235.93	0.61
239.06	0.61
240.74	0.61
241.94	0.43
242.22	0.43
244.34	0.82
244.65	0.46
246.55	0.46
247.59	0.46
249.88	0.76
251.72	0.76
