1.12	32.5
1.76	0.43
3.99	0.43
7.49	93.97
8.65	93.97
12.11	183.61
13.25	183.61
13.78	183.61
14.17	45.89
16.63	45.89
19.48	45.89
22.74	163.36
25.25	163.36
27.04	163.36
27.31	28.0
28.5	178.23
28.93	178.23
32.41	64.28
33.29	64.28
36.1	75.47
36.52	75.47
40.0	75.47
40.8	150.23
43.55	150.23
46.13	150.23
46.72	100.62
47.36	100.62
49.26	100.62
52.39	72.48
54.84	72.48
57.43	97.88
57.63	103.76
61.11	103.76
63.38	87.65
64.14	87.65
66.38	87.65
68.29	204.31
69.1	204.31
71.66	68.32
74.72	68.32
77.42	192.8
80.21	115.03
81.7	115.03
82.83	131.75
85.23	131.75
85.91	112.45
86.16	112.45
88.96	16.78
92.04	16.78
92.43	16.78
94.74	130.83
96.17	198.55
99.24	198.55
99.95	198.55
100.21	73.77
100.33	73.77
100.87	8.24
103.52	8.24
105.74	72.87
107.03	72.87
107.51	58.48
109.11	58.48
112.21	58.48
115.19	215.3
116.62	24.29
117.32	178.23
120.77	178.23
122.51	178.23
125.71	64.56
128.23	144.54
130.18	87.35
131.92	87.35
132.77	87.35
134.86	130.03
137.64	130.03
140.64	130.03
143.84	2.44
144.56	2.44
146.06	216.57
149.39	81.28
151.7	139.21
153.55	139.21
156.44	202.89
159.63	61.19
159.87	114.73
160.53	114.73
160.99	114.73
161.99	179.34
164.73	4.95
166.73	4.95
169.49	4.95
169.65	153.91
170.58	153.91
173.92	153.91
175.91	102.58
176.09	166.86
179.34	219.8
180.16	63.64
183.39	45.33
184.55	45.33
184.9	74.14
187.59	74.14
187.95	74.14
188.13	209.06
188.42	133.84
191.02	133.84
193.68	13.02
195.48	13.02
196.54	23.86
199.87	23.86
201.63	23.86
204.96	109.62
207.49	109.62
207.86	161.58
207.96	149.83
209.87	149.83
211.73	139.19
213.62	139.19
216.99	139.19
217.15	143.67
219.47	143.67
221.27	143.67
221.51	99.6
223.24	145.07
225.78	145.07
228.67	207.69
229.67	207.69
232.65	191.43
233.28	124.95
235.89	8.94
239.11	169.03
241.05	169.03
241.35	212.33
242.71	212.33
245.39	212.33
246.19	167.26
248.22	167.26
248.82	167.26
251.67	97.85
