2.51	172.11
4.67	172.11
4.91	172.11
5.83	91.2
8.33	91.2
8.51	105.02
9.01	99.03
10.31	155.61
12.91	155.61
14.53	119.9
15.5	119.9
18.95	217.82
22.17	217.82
25.02	168.55
27.06	168.55
29.62	168.55
31.25	187.14
34.01	187.14
35.82	19.61
36.38	146.98
38.86	109.81
40.53	109.81
41.27	109.81
42.72	9.67
42.87	9.67
44.71	9.67
47.35	90.55
50.41	90.55
51.36	90.55
52.18	191.57
53.46	191.57
55.0	191.57
58.33	107.62
59.62	55.28
60.63	55.28
62.04	19.01
64.44	19.01
66.73	120.47
70.08	120.47
71.1	91.59
72.22	142.92
72.99	31.91
73.24	31.91
73.38	125.36
75.38	34.33
75.61	34.33
76.94	208.1
80.06	211.24
80.69	143.68
83.29	173.2
83.42	173.2
84.46	174.24
84.63	174.24
85.49	144.67
85.6	156.85
86.1	156.85
88.9	156.85
90.97	43.45
91.37	43.45
93.75	27.71
94.73	182.51
97.05	159.27
97.72	159.27
99.13	159.27
101.96	106.26
103.5	106.26
106.73	106.26
107.97	41.32
109.17	205.13
111.54	205.13
112.64	158.26
113.29	158.26
114.84	12.1
117.28	12.1
118.93	1.03
120.24	1.03
122.92	151.71
124.93	142.29
127.83	142.29
130.82	142.29
134.04	133.24
137.18	208.8
138.82	208.8
141.28	208.8
143.09	210.71
144.72	210.71
147.2	210.71
147.65	151.39
149.29	151.39
150.65	151.39
153.43	144.31
156.51	127.9
157.24	127.9
158.38	175.46
158.82	175.46
160.57	175.46
160.79	172.73
161.94	29.27
164.8	29.27
166.09	29.27
166.76	116.92
167.51	61.76
167.89	61.76
169.16	61.76
172.19	212.71
172.56	180.16
172.84	99.83
175.0	138.71
176.51	113.1
177.4	113.1
180.39	92.81
182.7	203.19
185.2	203.19
187.59	166.1
190.94	166.1
191.94	166.1
195.35	20.53
197.03	20.53
198.03	0.74
200.87	0.74
201.86	0.74
205.0	145.89
206.59	145.89
208.75	60.23
211.64	56.28
212.72	56.28
213.85	56.28
216.2	121.27
218.83	121.27
219.06	200.06
220.85	200.06
223.83	200.06
226.04	45.77
227.09	45.77
228.2	45.77
230.48	55.34
232.52	1.46
233.08	1.46
234.51	1.46
237.49	76.98
238.59	59.82
240.11	59.82
242.75	61.3
244.68	61.3
246.76	26.35
247.88	26.35
250.02	26.35
