3.19	5.43
6.44	143.2
8.69	101.24
10.44	65.02
13.61	65.02
14.93	65.02
15.06	150.69
15.9	150.69
18.06	150.69
20.36	10.19
20.9	10.19
23.59	10.19
26.19	53.49
27.54	119.25
28.79	119.25
32.11	119.25
32.88	119.19
35.58	119.19
38.65	119.19
40.77	35.01
43.96	35.01
45.46	35.01
45.79	43.56
47.43	43.56
48.82	199.03
51.64	117.59
54.48	157.65
55.21	157.65
58.24	157.65
58.86	114.34
61.81	114.34
63.69	58.01
65.87	58.01
68.52	58.01
70.02	117.61
70.88	117.61
71.88	146.21
74.33	146.21
76.16	155.81
79.18	20.74
79.48	177.65
82.07	177.65
84.36	177.65
87.39	209.02
90.37	170.24
93.41	169.97
96.02	169.97
96.18	207.82
98.52	212.21
99.72	145.88
102.06	145.88
104.59	203.25
106.78	203.25
109.0	203.25
109.76	128.46
112.68	128.46
112.98	54.51
115.64	215.47
119.13	161.85
121.74	83.1
123.74	83.1
124.87	198.94
126.25	198.94
126.7	183.6
126.88	183.6
128.11	183.6
129.26	15.91
130.94	15.91
131.63	122.73
133.64	162.35
136.53	186.99
138.74	186.99
139.73	186.99
142.16	57.74
144.34	57.74
146.32	57.74
147.25	81.73
148.86	81.73
149.2	169.77
151.61	169.77
152.98	100.43
154.2	215.36
154.66	15.01
155.1	16.62
157.43	16.62
159.91	16.62
162.56	70.33
163.87	71.57
165.08	71.57
165.41	71.57
167.86	57.13
171.02	57.13
173.46	57.13
175.98	220.45
178.36	181.66
179.13	159.62
181.93	39.82
183.8	39.82
185.85	39.82
186.81	69.49
189.86	159.85
191.74	159.85
194.57	168.54
196.14	168.54
199.18	168.54
201.76	137.22
205.02	137.22
205.42	137.22
208.48	74.63
210.73	170.11
212.77	155.82
215.9	183.35
219.31	42.02
221.22	42.02
221.91	210.94
223.02	210.94
224.69	210.94
227.5	66.08
230.63	5.63
232.48	50.89
233.78	50.89
234.29	2.44
234.64	2.44
237.21	2.44
238.39	155.54
241.57	24.01
242.92	192.92
245.05	192.92
246.81	192.92
249.25	33.97
250.42	33.97
