0.76	214.12
0.99	151.24
3.81	151.24
4.63	151.24
6.53	180.63
8.87	195.69
11.52	195.69
12.32	81.46
15.24	81.46
16.6	12.78
19.84	12.78
21.52	45.85
22.01	45.85
25.39	45.85
26.46	157.92
29.5	157.92
31.7	163.9
35.11	25.6
36.7	25.6
39.43	25.6
40.41	84.92
42.66	219.56
45.73	219.56
47.88	89.73
50.24	89.73
53.72	12.02
54.78	12.02
58.02	12.02
59.52	92.29
60.31	193.34
63.6	193.34
65.62	193.34
66.51	106.29
67.29	106.29
67.85	106.29
69.33	99.77
72.74	99.77
72.97	38.18
75.33	38.18
78.03	26.29
78.22	26.29
81.25	129.75
83.87	61.04
84.49	61.04
87.49	61.04
88.24	220.27
90.44	68.43
93.63	68.43
94.98	219.95
98.1	219.95
100.22	53.81
100.75	53.81
101.54	113.56
101.7	113.56
102.76	113.56
106.04	77.14
107.57	69.27
108.14	69.27
109.88	69.27
111.61	34.73
114.96	34.73
115.87	114.98
118.59	114.98
121.01	25.31
124.09	25.31
125.97	173.16
129.35	73.84
129.84	74.66
131.92	74.66
134.15	74.66
137.02	9.97
140.42	9.97
141.73	1.06
143.4	116.27
145.2	116.27
148.22	86.12
149.44	86.12
149.63	86.12
152.15	66.56
154.85	66.56
158.08	66.56
159.92	8.75
162.03	8.75
163.1	8.75
164.43	147.29
167.12	147.29
168.61	29.55
169.39	29.55
169.57	56.07
170.92	56.07
171.33	56.07
173.14	102.3
173.79	102.3
174.62	102.3
175.78	145.35
177.58	73.33
178.39	73.33
179.88	73.33
182.63	171.52
185.06	158.91
185.49	142.05
188.79	142.05
190.38	142.05
193.48	11.6
194.36	11.6
194.49	219.44
197.9	219.44
198.77	99.13
200.55	180.69
201.07	180.69
202.69	180.69
205.08	209.56
206.03	7.87
207.85	7.87
211.14	7.87
214.57	35.74
218.04	114.94
219.47	41.46
221.74	41.46
224.71	200.61
227.28	200.61
230.3	200.61
231.22	71.48
232.28	71.48
233.78	71.48
235.07	105.84
235.21	216.25
235.8	216.25
236.92	70.18
239.12	70.18
240.96	80.47
241.8	141.67
242.49	141.67
242.69	141.67
243.4	126.49
244.76	214.13
247.03	214.13
249.52	46.37
251.45	46.37
