3.3	184.5
5.13	184.5
7.91	184.5
8.43	148.79
11.27	148.79
14.58	145.84
16.37	145.84
16.49	145.84
17.27	72.95
19.2	72.95
19.65	72.95
21.95	93.69
24.92	93.69
27.69	93.69
29.69	61.18
32.94	61.18
33.12	133.84
34.46	46.56
37.77	46.56
40.87	68.15
41.45	68.15
43.3	68.15
44.32	152.01
44.84	152.01
46.44	152.01
46.66	31.09
49.09	44.6
50.93	44.6
53.67	44.6
54.81	118.98
57.26	118.98
57.82	118.98
60.44	47.77
61.15	50.6
61.68	50.6
62.38	50.6
63.1	102.27
66.53	102.27
69.41	125.35
71.34	159.37
73.07	159.37
76.43	177.38
79.09	177.38
81.83	177.38
82.27	200.72
85.48	200.72
88.74	200.72
91.03	163.21
93.44	163.21
96.86	163.21
97.08	178.33
98.86	178.33
101.89	115.09
103.18	115.09
106.22	115.09
108.17	163.82
110.42	163.82
112.24	29.45
115.32	29.45
116.99	29.45
118.81	130.84
120.13	130.84
121.67	219.04
122.65	219.04
123.33	219.04
124.14	58.5
126.69	58.5
126.97	58.5
130.18	183.11
132.95	183.11
135.87	183.11
136.63	152.07
139.94	152.07
143.02	109.3
143.86	109.3
146.11	109.3
146.92	167.91
148.74	51.05
149.35	51.05
151.23	29.16
152.17	29.16
155.15	168.07
155.29	168.07
156.82	88.35
159.01	88.35
159.16	88.35
161.5	220.09
162.49	220.09
165.97	220.09
169.05	77.04
170.26	153.73
170.47	153.73
172.37	153.73
174.26	195.68
175.98	1.45
177.87	1.45
180.77	1.45
182.16	140.94
184.01	171.42
187.1	171.42
189.42	171.42
191.54	95.7
191.77	206.97
194.33	206.97
196.78	206.97
197.4	217.48
200.61	153.42
203.95	153.42
204.46	153.42
206.49	141.58
209.73	141.58
210.51	141.58
212.53	189.55
215.25	189.55
215.8	127.19
218.75	127.19
218.98	127.19
219.12	8.72
220.97	8.72
221.98	8.72
222.94	99.16
224.45	99.16
226.5	99.16
229.02	112.58
230.09	112.58
231.33	210.97
232.18	214.72
234.91	214.72
236.38	214.72
237.53	169.42
237.85	169.42
237.97	177.72
239.4	214.49
239.97	139.2
240.54	139.2
241.34	96.71
243.85	11.42
246.29	11.42
248.3	11.42
251.02	130.23
