3.0	85.47
4.54	85.47
5.24	85.47
8.33	7.7
9.13	196.73
12.17	73.4
14.56	73.4
14.96	30.1
17.45	30.1
18.89	30.1
21.48	9.12
21.72	102.61
25.12	102.61
25.55	213.69
28.62	127.04
29.4	127.04
29.53	127.04
30.4	84.6
31.34	84.6
34.64	84.6
36.38	121.26
36.87	121.26
37.78	16.68
41.21	140.01
43.59	51.69
44.8	51.69
45.01	151.38
47.32	151.38
48.12	151.38
49.16	57.99
51.87	57.99
54.67	57.99
54.78	55.93
57.84	55.93
58.79	69.78
60.21	69.78
62.2	68.56
64.53	68.56
67.25	100.64
68.3	100.64
68.46	100.64
70.92	195.24
73.79	195.24
74.48	76.2
76.47	76.2
78.15	76.2
80.57	47.35
80.96	47.35
82.33	47.35
83.33	107.77
86.36	107.77
89.28	100.4
92.36	100.4
95.71	100.4
97.47	143.72
99.8	143.72
100.59	143.72
100.88	152.29
104.05	110.12
105.63	110.12
107.89	110.12
108.3	94.92
110.28	25.32
112.13	96.61
113.65	96.61
115.7	34.75
118.92	34.75
121.62	34.75
123.25	168.36
123.45	168.36
124.31	73.75
125.39	73.75
128.29	59.84
129.82	59.84
131.67	59.84
133.51	142.75
134.19	142.75
135.02	142.75
136.05	160.67
136.38	160.67
139.5	36.85
141.22	36.85
141.64	36.85
144.12	192.41
146.26	209.42
148.13	209.42
149.68	146.74
152.95	51.03
153.62	51.03
153.96	51.03
155.8	118.67
158.08	100.9
161.43	100.9
163.42	129.41
163.73	129.41
166.27	129.41
168.81	19.43
169.77	19.43
171.73	19.43
173.53	10.08
176.82	10.08
179.33	207.1
182.42	207.1
184.4	140.69
186.73	140.69
188.67	201.01
190.49	201.01
192.43	201.01
194.12	16.28
195.69	16.28
198.83	8.46
199.91	26.84
201.82	26.84
203.19	38.42
204.32	38.42
206.96	195.49
207.22	195.49
210.43	184.16
213.42	173.75
216.57	173.75
218.97	173.75
219.72	77.95
221.56	126.49
222.95	126.49
224.96	157.54
228.05	157.54
229.91	157.54
233.4	149.33
234.79	149.33
237.4	85.15
239.92	85.15
241.21	85.15
243.92	171.08
246.19	171.08
248.34	171.08
250.21	99.72
