2.44	133.99
4.18	133.99
7.35	115.02
10.65	212.63
13.96	212.63
15.76	192.45
16.8	101.8
17.48	101.8
20.29	101.8
23.52	168.24
26.81	76.94
29.44	76.94
32.59	76.94
33.8	155.27
36.56	2.13
36.77	200.33
40.04	200.33
42.6	92.22
45.19	92.22
45.87	218.4
47.94	94.99
51.01	64.06
52.41	64.06
55.18	138.85
57.27	138.85
59.82	138.85
62.37	122.65
62.65	178.24
65.33	178.24
68.01	7.12
69.97	7.12
70.91	182.32
72.18	182.32
74.51	182.32
77.24	73.35
77.46	181.36
78.07	181.36
80.5	38.77
83.16	38.77
84.83	38.77
85.77	141.72
87.68	148.56
88.12	188.41
88.32	188.41
90.7	145.94
93.0	145.94
94.27	145.94
96.96	112.37
99.79	112.37
100.31	30.24
100.81	30.24
101.89	30.24
102.47	5.06
105.46	20.5
106.49	20.5
108.31	118.37
108.45	118.37
110.59	53.48
113.0	53.48
113.88	53.48
115.42	91.41
116.54	150.39
119.39	197.88
121.48	197.88
121.65	197.88
123.7	38.65
125.45	38.65
127.72	58.99
130.32	58.99
132.76	47.13
135.67	47.13
138.1	110.82
139.58	110.82
142.68	110.82
143.68	195.79
146.17	195.79
149.6	195.79
151.86	203.66
155.03	29.61
158.08	56.42
160.88	56.42
164.32	82.63
165.73	82.63
166.35	47.42
169.13	47.42
172.16	47.42
173.36	5.46
173.76	65.09
174.51	65.09
176.02	157.38
179.49	157.38
180.77	157.38
183.43	10.24
184.23	10.24
187.38	10.24
190.12	105.19
191.97	105.19
195.14	142.17
196.87	142.17
197.07	142.17
198.72	193.66
200.63	3.5
201.64	3.5
204.75	57.89
205.34	57.89
205.55	156.78
207.12	156.78
209.32	156.78
210.01	84.04
212.41	52.81
215.82	52.81
219.04	52.81
220.42	133.7
223.16	170.94
224.96	18.69
226.59	18.69
229.63	18.69
230.42	27.69
231.77	27.69
232.58	27.69
234.81	16.54
237.47	16.54
240.08	123.54
242.01	123.54
243.87	149.2
244.86	149.2
245.54	149.2
246.3	17.99
246.45	148.71
247.18	148.71
248.73	47.99
249.94	96.82
251.67	96.82
