3.03	9.95
5.68	9.95
7.54	87.01
10.34	87.01
13.82	87.01
16.23	66.63
17.54	66.63
20.64	66.63
22.02	8.59
23.12	8.59
23.85	8.59
24.79	31.37
25.75	31.37
26.71	31.37
30.13	186.22
32.53	186.22
34.71	186.22
35.85	123.95
37.51	123.95
38.56	101.4
41.86	208.63
44.34	166.12
44.49	166.12
44.85	60.84
46.5	60.84
48.77	192.1
49.89	192.1
50.8	192.1
53.21	192.05
55.0	192.05
58.16	192.05
61.32	108.15
64.47	108.15
67.64	108.15
68.15	70.29
68.74	70.29
71.32	70.29
72.14	176.56
72.33	30.44
73.87	31.78
75.99	31.78
78.14	31.78
78.43	41.26
81.44	41.26
84.68	170.72
86.57	170.72
87.68	121.56
88.67	133.08
91.5	133.08
91.95	133.08
94.23	193.32
94.82	193.32
97.09	108.49
97.72	28.69
99.62	146.27
100.58	135.14
103.73	135.14
105.34	135.14
105.85	123.25
108.37	13.23
109.99	13.23
111.22	13.23
111.63	57.12
114.94	57.12
115.96	175.14
116.49	175.14
118.21	40.7
119.55	199.11
121.82	199.11
122.07	201.84
122.51	201.84
124.45	141.94
126.86	141.94
129.98	141.94
133.18	143.16
133.54	143.16
135.61	143.16
136.54	153.65
139.69	49.68
143.13	49.68
146.03	49.68
147.38	1.42
150.17	1.42
151.18	135.6
152.25	135.6
155.4	16.98
158.69	16.98
161.18	104.76
163.59	104.76
164.81	104.76
165.11	95.1
165.31	95.1
165.8	137.3
166.61	50.49
167.12	50.49
168.52	166.35
171.09	166.23
171.33	166.23
173.53	166.23
176.16	56.59
179.46	167.94
181.69	167.94
182.49	167.94
183.92	191.05
185.69	169.18
186.84	169.18
188.89	169.18
190.64	17.6
191.62	17.6
194.71	17.6
197.22	88.36
199.32	203.15
201.45	203.15
204.92	157.95
205.47	71.52
206.42	71.52
207.37	82.83
208.92	82.83
210.0	47.11
212.38	47.11
215.63	182.03
218.45	182.03
221.31	38.42
224.47	38.42
227.55	38.42
228.76	35.67
229.12	35.67
231.76	35.67
235.24	52.58
235.61	52.58
237.44	219.62
237.71	219.62
239.46	219.62
242.79	197.52
244.07	197.52
244.31	197.52
245.02	202.23
246.61	202.23
247.43	202.23
250.54	38.67
