1.53	30.54
2.71	30.54
4.58	26.86
5.34	26.86
8.64	26.86
9.45	108.46
10.77	108.46
10.95	108.46
12.33	5.26
14.63	5.26
15.24	5.26
18.13	39.16
18.86	46.35
19.14	46.35
19.75	46.35
22.05	133.7
24.0	133.7
25.38	169.12
25.71	169.12
26.84	215.29
29.03	216.29
30.7	56.68
33.24	56.68
35.51	56.68
36.05	167.87
39.1	167.87
40.86	88.8
43.58	88.8
43.93	88.8
44.46	76.65
46.93	76.65
50.28	191.13
51.21	191.13
51.56	156.69
53.37	156.69
54.39	156.69
55.54	203.0
57.72	159.44
61.13	159.44
61.68	116.58
64.17	116.58
66.62	192.79
69.4	192.79
71.64	192.79
73.15	172.85
74.65	100.37
77.63	100.37
80.44	100.37
82.89	153.73
85.47	155.53
88.3	155.53
90.23	26.38
90.97	13.77
93.65	13.77
96.78	13.77
97.25	160.6
99.9	160.6
101.94	98.39
103.78	98.39
104.46	74.91
105.48	74.91
107.8	74.91
110.9	170.17
112.65	170.17
112.8	170.17
115.06	176.95
118.52	107.34
120.02	107.34
122.6	203.5
125.7	55.39
126.17	55.39
126.36	159.91
128.91	159.91
130.98	159.91
131.49	146.6
133.14	146.6
135.91	146.6
137.33	58.65
140.32	20.71
142.8	154.99
145.85	154.08
146.92	154.08
147.74	154.08
150.66	99.64
152.84	59.44
153.67	59.44
156.41	185.77
156.74	185.77
157.07	178.25
159.21	178.25
159.58	58.88
161.24	36.92
163.46	36.92
166.22	36.92
167.08	125.54
168.65	125.54
169.01	205.54
170.93	205.54
172.03	205.54
173.39	176.67
175.94	176.67
176.19	176.67
177.72	14.75
180.72	117.88
182.26	91.1
182.42	91.1
183.9	91.1
187.12	146.91
190.41	146.91
191.2	146.91
193.72	220.13
194.23	220.13
197.44	220.13
199.1	127.44
202.02	75.33
202.38	75.33
203.27	75.33
205.4	93.7
206.83	93.7
207.36	41.52
208.66	99.75
209.94	72.02
210.27	139.97
211.98	139.97
215.23	139.97
216.63	174.77
219.21	174.77
219.59	103.23
222.86	103.23
224.1	103.23
227.34	54.28
227.66	54.28
230.82	138.92
233.72	138.92
237.06	192.87
240.07	19.16
242.48	215.71
242.61	215.71
243.11	215.71
244.09	172.24
247.16	172.24
248.15	5.24
250.01	5.24
