0.66	93.11
3.87	93.11
7.04	102.46
9.67	102.46
12.27	46.56
14.49	122.13
16.12	122.13
17.52	22.13
19.19	88.27
20.17	208.96
21.67	96.15
22.44	96.15
23.82	59.25
24.67	179.87
27.0	179.87
27.92	179.87
30.36	79.76
32.67	79.76
32.88	79.76
33.82	142.16
35.52	142.16
35.86	8.56
38.34	109.8
39.43	109.8
42.17	215.95
45.29	215.95
46.56	89.57
46.9	89.57
50.36	89.57
51.79	201.13
53.19	201.13
55.88	201.13
56.67	147.82
58.29	107.56
60.91	66.83
63.69	66.83
66.68	115.75
68.8	115.75
69.94	76.25
71.78	71.62
74.83	71.62
77.03	89.7
80.47	89.7
81.7	89.7
82.34	194.27
83.71	194.27
87.01	194.27
89.53	200.42
91.18	200.42
93.69	11.56
96.96	77.75
97.33	77.75
99.81	77.75
102.26	86.66
102.46	86.66
102.66	86.66
103.74	127.5
106.63	13.28
107.98	49.55
110.05	49.55
110.49	60.7
111.65	57.73
112.19	57.73
115.26	17.37
116.77	17.37
116.99	1.75
120.27	1.75
120.95	46.1
123.93	46.1
124.49	46.1
125.71	37.85
125.9	131.97
128.38	82.63
130.75	99.05
132.13	134.06
134.42	44.29
137.58	44.29
137.82	44.29
140.83	92.69
142.49	92.69
142.63	92.69
145.68	44.29
147.33	44.29
147.87	44.29
148.3	42.54
149.51	171.41
151.29	171.41
153.31	141.85
156.11	141.85
156.56	91.55
159.09	23.76
159.79	23.76
161.57	192.02
163.18	186.31
163.96	186.31
165.41	186.31
167.65	176.64
169.74	176.64
172.34	39.89
172.44	73.15
175.52	136.46
177.8	136.46
178.13	136.46
179.56	168.61
180.27	110.05
181.33	85.89
181.53	85.89
183.27	216.65
185.44	216.65
188.72	216.65
190.96	102.62
193.02	212.39
195.13	24.73
195.56	24.73
196.61	114.55
198.4	26.66
198.53	26.66
201.51	26.66
204.23	206.19
204.87	206.19
206.77	206.19
209.38	71.78
212.56	129.36
214.39	129.36
216.67	129.36
218.05	45.94
220.15	45.94
221.18	45.94
221.36	115.16
224.79	198.19
226.12	198.19
228.01	198.19
229.87	170.91
232.1	192.24
233.02	192.24
236.07	200.06
238.28	200.06
240.62	200.06
242.05	11.62
244.95	58.07
245.96	58.07
247.18	81.18
247.8	81.18
248.77	81.18
249.42	113.05
251.75	45.86
