0.79	64.69
2.9	194.52
4.92	194.52
5.53	194.52
6.76	161.98
7.06	161.98
10.23	161.98
11.88	187.55
13.78	187.55
14.94	97.39
16.88	97.39
17.32	97.39
20.47	158.87
22.36	158.87
23.45	158.87
26.67	61.88
29.27	16.35
31.01	16.35
33.14	16.35
36.17	165.71
39.55	114.62
41.57	114.62
44.52	114.62
46.42	26.38
47.73	26.38
49.59	35.44
53.09	35.44
56.28	35.44
57.39	189.64
58.49	189.64
60.46	34.73
61.1	132.31
61.36	100.35
62.66	174.95
65.32	174.95
65.51	174.95
67.49	88.08
69.5	125.06
70.63	125.06
73.71	176.44
74.37	176.44
75.11	176.44
77.01	143.93
78.62	143.93
80.74	5.55
81.11	58.82
84.6	58.82
87.35	58.82
89.29	129.36
90.04	143.3
92.07	143.3
95.23	11.26
96.31	11.26
98.78	11.26
101.75	183.21
104.61	141.48
105.94	141.48
108.62	21.16
109.78	21.16
110.91	21.16
111.21	200.43
114.01	182.32
114.74	131.1
116.92	131.1
118.82	131.1
120.1	80.81
122.78	146.74
123.27	116.78
124.09	116.78
124.29	116.78
125.79	193.6
126.5	193.6
127.56	152.85
128.37	36.72
128.72	36.72
130.56	166.19
131.51	166.19
134.17	166.19
137.39	91.95
139.52	42.46
140.46	42.46
143.31	42.46
144.1	133.98
145.9	6.08
147.49	6.08
150.42	174.85
152.66	174.85
153.87	174.85
154.5	89.54
156.81	89.54
158.53	106.94
161.18	106.94
162.76	106.94
164.32	110.72
166.79	110.72
167.47	110.72
167.71	24.71
168.95	24.71
171.02	24.71
172.89	190.48
175.66	70.58
176.58	70.58
176.99	168.89
180.11	168.89
181.89	69.53
182.9	69.53
184.07	161.01
184.37	72.85
184.64	72.85
185.65	72.85
187.58	150.08
190.15	150.08
191.49	150.08
194.32	67.35
195.71	150.59
196.23	150.59
196.87	150.59
199.74	91.71
202.14	48.96
203.61	201.75
204.21	205.72
207.15	205.72
207.91	163.13
211.39	104.22
213.66	192.19
215.05	192.19
218.04	120.31
219.51	220.11
220.5	68.64
223.82	68.64
226.13	68.64
228.86	103.61
232.15	103.61
234.3	103.61
235.37	74.76
236.62	74.76
238.37	117.18
239.15	117.18
240.21	117.18
242.03	46.37
242.92	46.37
246.25	46.37
248.79	56.83
251.1	56.83
