1.4	181.71
2.09	181.71
3.36	181.71
5.84	67.41
6.26	113.31
8.26	113.31
9.5	113.31
11.97	205.78
13.12	186.34
15.04	186.34
15.57	186.34
15.96	26.34
19.32	26.34
22.38	195.18
22.64	195.18
25.82	195.18
26.06	103.17
28.44	5.5
30.12	50.57
30.49	115.51
33.07	115.51
34.96	184.45
38.09	184.45
38.77	184.45
40.27	83.82
40.46	83.82
43.27	83.82
43.61	154.94
45.41	154.94
47.95	138.44
48.69	178.62
51.59	178.62
51.91	178.62
54.5	12.92
54.86	12.92
56.34	12.92
59.22	198.27
60.71	198.27
62.42	203.76
65.39	203.76
65.91	203.76
69.33	53.29
70.67	53.29
73.62	53.29
75.92	31.7
76.55	127.32
78.3	179.87
79.0	179.87
82.33	124.47
84.55	8.71
86.13	208.64
87.49	128.42
90.35	128.42
92.75	128.42
94.61	14.25
96.86	14.25
97.29	14.1
100.1	14.1
101.7	14.1
103.78	180.56
104.27	180.56
105.14	109.12
108.04	109.12
110.13	109.12
112.91	208.35
115.14	52.46
117.62	52.46
120.77	171.54
121.84	171.54
123.33	171.54
125.67	126.56
126.62	81.29
128.3	81.29
128.64	81.29
131.4	38.85
134.63	38.85
135.84	75.17
138.69	75.17
139.48	168.47
141.41	168.47
143.47	168.47
146.6	172.82
146.83	142.98
148.98	142.98
152.38	142.98
153.6	147.11
154.19	113.5
156.09	113.5
157.87	113.5
160.19	190.68
160.46	102.84
163.2	102.84
166.36	102.84
167.45	96.23
167.83	96.23
170.23	96.23
172.67	136.89
175.03	136.89
175.19	136.89
177.15	130.67
177.61	130.67
178.01	130.67
181.19	146.09
182.05	146.09
184.65	146.09
185.32	37.44
188.3	68.24
189.52	68.24
192.61	96.12
195.79	96.12
196.16	185.4
198.46	185.4
200.16	185.4
201.66	59.18
201.77	59.18
202.24	84.6
203.57	52.29
205.12	52.29
205.26	52.29
206.47	67.97
208.23	67.97
209.29	34.99
212.6	86.81
213.4	158.65
215.03	158.65
215.76	105.85
217.07	105.85
218.55	162.63
218.7	162.63
222.17	162.63
224.94	208.77
227.07	208.77
230.23	208.77
232.11	220.1
233.86	220.1
236.04	168.24
236.39	119.48
238.73	102.93
239.76	102.93
242.51	102.93
245.5	56.05
246.9	56.05
249.65	56.05
253.12	203.22
