1.03	2.27
4.09	2.27
5.46	137.33
6.03	137.33
8.16	137.33
8.39	154.72
9.05	176.82
9.31	176.82
10.26	176.82
13.17	53.44
16.66	51.81
19.51	100.1
19.62	100.1
20.51	100.1
21.21	66.88
23.39	66.88
25.32	205.95
26.71	56.49
27.2	22.12
28.28	22.12
29.59	149.62
29.96	149.62
31.77	149.62
34.15	4.07
37.39	185.51
39.61	185.51
39.99	185.51
42.33	81.86
44.11	53.12
46.7	53.12
48.24	19.31
49.23	19.31
50.15	22.83
53.16	141.3
55.93	141.3
56.38	141.3
59.58	144.21
60.7	144.63
61.35	144.63
64.0	144.63
66.23	166.75
67.77	166.75
68.57	215.32
71.53	184.05
73.1	203.97
76.14	203.97
79.26	149.37
82.65	149.37
85.46	72.05
87.09	18.54
90.13	175.48
92.59	175.48
94.29	162.34
97.46	162.34
100.26	162.34
102.46	13.07
105.96	13.07
108.18	202.43
111.43	202.43
111.91	152.22
113.32	152.22
115.65	84.47
118.11	84.47
120.26	84.47
122.36	108.08
123.47	59.34
125.11	59.34
127.26	72.33
129.24	208.97
132.36	26.8
132.86	65.87
135.22	65.87
137.3	193.28
140.68	193.28
142.0	193.28
144.86	35.9
147.32	35.9
150.56	204.03
150.98	204.03
153.98	51.78
154.09	51.78
155.51	120.82
157.42	158.85
160.12	158.85
162.82	158.85
163.94	88.63
165.17	88.63
167.78	34.64
169.04	165.63
170.96	165.63
171.56	165.63
172.2	120.73
174.47	214.79
177.53	214.79
180.12	116.72
183.37	116.72
186.62	53.65
189.29	56.69
192.39	56.69
193.12	56.69
194.13	155.13
196.5	181.41
198.28	146.41
200.69	146.41
201.81	93.57
204.22	93.57
205.84	55.93
208.09	55.93
208.49	55.93
210.68	120.14
211.27	120.14
211.55	191.59
213.73	24.42
216.5	24.42
218.14	180.34
220.72	180.34
221.61	180.34
222.16	7.08
224.8	6.77
225.21	6.77
226.04	6.77
229.41	141.1
230.44	141.1
232.03	141.1
232.5	35.68
235.97	199.54
237.04	81.64
240.2	131.3
243.53	131.3
246.17	131.3
246.59	63.22
247.11	198.15
247.71	198.15
251.05	198.15
