1.95	121.38
2.75	121.38
4.64	70.52
6.02	70.52
7.92	9.86
8.49	31.72
10.02	31.72
10.75	41.96
14.18	41.96
15.1	41.96
15.75	184.13
17.49	174.14
18.64	174.14
22.14	20.99
24.43	20.99
25.43	20.99
27.22	208.29
27.71	208.29
28.81	208.29
31.14	218.79
33.57	218.79
35.7	218.79
38.77	178.59
41.57	178.59
41.86	178.59
43.92	51.19
46.08	51.19
46.28	179.58
47.39	131.95
50.16	175.62
51.73	175.62
52.31	53.04
52.86	53.04
54.42	153.65
55.3	153.65
56.34	189.9
57.7	96.58
61.01	99.63
61.69	99.63
64.05	99.63
66.92	198.57
70.4	198.57
72.59	198.57
75.02	95.35
75.54	83.8
78.58	83.8
81.35	83.8
81.85	112.18
83.29	112.18
84.97	194.07
85.79	183.48
87.29	183.48
89.13	94.43
91.65	94.43
95.05	94.43
97.99	84.53
98.46	84.53
99.51	84.53
102.99	194.86
105.63	194.86
107.16	194.86
110.06	211.67
111.14	211.67
114.57	206.59
115.53	206.59
116.75	206.59
118.05	68.37
119.19	68.37
122.18	84.3
125.5	182.47
126.26	182.47
128.17	81.0
128.51	169.31
130.62	169.31
132.27	146.22
135.46	146.22
137.01	138.04
137.14	150.2
137.54	150.2
139.76	150.2
140.08	108.57
140.5	108.57
141.58	183.52
141.88	183.52
143.84	180.72
146.87	180.72
147.91	180.72
148.81	49.91
150.56	102.49
151.16	102.49
153.21	212.51
155.25	18.79
157.08	18.79
160.24	155.78
161.84	155.78
164.26	220.23
166.17	220.72
168.98	220.72
170.29	12.56
172.4	12.56
175.41	12.56
176.93	67.01
180.38	67.01
181.77	52.43
183.79	52.43
187.27	59.59
189.46	59.59
192.0	24.49
193.16	24.49
193.68	67.95
195.27	67.95
196.3	67.95
198.67	204.1
200.33	204.1
202.27	78.37
205.68	78.37
206.31	78.37
209.58	67.3
211.57	67.3
213.53	11.03
215.79	165.43
216.17	123.17
218.04	123.17
218.76	123.17
220.23	146.53
222.25	146.53
223.57	94.33
224.59	94.33
226.61	2.66
228.23	2.66
231.66	207.88
231.85	207.88
232.64	76.76
233.37	194.36
234.74	194.36
236.6	194.36
239.47	51.49
241.31	51.49
242.23	51.49
242.71	181.65
245.82	181.65
249.18	176.12
250.16	176.12
