1.7	51.87
2.63	51.87
4.75	51.87
5.95	209.02
7.65	195.21
8.15	195.21
8.33	195.21
10.8	85.93
13.25	85.93
14.35	198.03
15.81	21.61
16.62	21.61
19.89	102.6
21.2	102.6
22.28	102.6
23.96	62.38
26.03	62.38
27.96	158.17
28.39	158.17
29.47	158.17
31.45	220.55
31.92	220.55
34.49	9.53
37.35	9.53
37.49	9.53
38.77	155.45
39.23	155.45
40.57	155.45
41.04	59.0
42.74	59.0
43.25	59.0
46.49	133.12
48.49	133.12
49.11	133.12
51.17	81.06
54.61	81.06
54.86	81.06
56.44	9.65
57.33	9.65
58.16	9.65
61.14	168.45
61.67	111.89
64.74	111.89
66.91	111.89
69.44	140.15
70.22	140.15
73.39	140.15
74.39	80.71
75.04	163.15
77.74	163.15
80.22	172.88
83.61	211.6
84.45	211.6
87.02	211.6
88.94	187.83
91.91	18.3
93.22	215.92
93.96	16.48
96.72	16.48
100.18	16.48
100.87	199.61
103.28	115.37
105.69	115.37
105.97	115.37
107.86	37.29
108.42	37.29
108.52	150.74
109.13	135.43
109.63	135.43
112.15	135.43
114.75	163.35
115.75	172.23
116.83	174.7
117.63	174.7
120.29	74.16
123.42	74.16
125.79	74.16
126.4	71.88
128.15	71.88
130.25	4.94
131.62	4.94
132.38	4.94
135.48	218.56
137.03	218.56
139.11	176.08
140.07	76.56
143.1	144.22
143.53	144.22
146.61	75.63
148.12	75.63
149.26	45.87
149.78	45.87
149.88	16.57
150.81	118.13
152.3	118.13
153.06	118.13
156.31	84.61
159.58	84.61
160.16	99.81
161.56	99.81
163.11	191.08
166.48	191.08
167.75	214.46
168.95	214.46
170.73	214.46
172.94	71.3
175.25	71.3
177.94	143.24
178.57	143.24
179.75	143.24
182.83	31.07
184.98	31.07
187.14	176.58
189.66	176.58
190.26	2.16
193.26	2.16
194.0	163.79
194.87	163.79
196.85	79.21
198.21	33.28
200.73	91.32
203.38	91.32
205.84	91.32
209.32	0.89
211.58	0.89
214.83	1.65
216.5	118.11
219.16	118.11
220.86	118.11
221.39	10.15
224.17	85.0
225.3	85.0
225.55	85.0
228.61	88.33
231.95	90.59
232.44	168.69
234.07	168.69
234.89	168.69
237.98	54.2
238.08	167.91
238.84	167.91
241.8	167.91
244.03	218.2
245.98	218.2
248.15	218.2
250.43	154.48
