2.05	163.43
2.56	163.43
3.03	119.05
5.72	119.05
9.13	119.05
9.78	77.53
11.64	77.53
14.42	77.53
16.49	3.95
19.67	3.95
20.75	174.55
23.01	174.55
26.0	174.55
27.88	203.18
30.15	203.18
32.31	203.18
32.57	136.81
34.39	94.54
35.29	94.54
37.98	94.54
39.34	119.13
42.6	119.13
44.02	159.6
44.27	159.6
46.88	186.31
49.14	46.83
51.4	132.31
52.71	23.52
54.81	23.52
58.26	105.08
59.23	105.08
60.69	105.08
62.8	133.5
63.38	31.02
65.1	31.02
66.41	31.02
69.8	145.41
71.28	145.41
73.1	202.73
75.3	202.73
77.92	202.73
81.31	57.99
82.71	57.99
85.52	57.99
88.8	47.0
90.68	47.0
91.72	47.0
94.54	176.19
94.71	89.21
95.92	89.21
98.83	89.21
99.6	116.48
100.96	116.48
102.06	77.77
103.83	77.77
104.57	154.13
106.51	154.13
107.59	143.27
109.22	143.27
110.38	61.51
113.45	61.51
116.25	84.01
118.48	84.01
121.96	184.6
124.21	69.49
125.23	22.56
126.26	51.06
129.64	61.94
132.74	61.94
136.17	44.09
136.65	44.09
139.7	44.09
141.16	96.69
143.16	96.69
146.52	170.95
148.63	170.95
151.05	170.95
151.34	73.8
152.03	73.8
152.87	73.8
154.9	90.12
155.3	208.43
156.68	100.18
158.96	100.18
161.85	100.18
164.51	92.98
165.41	107.87
165.56	107.87
166.95	85.66
170.19	85.66
172.42	192.73
174.8	109.26
175.69	109.26
178.87	109.26
179.2	66.82
179.64	213.48
182.09	213.48
184.98	213.48
185.5	31.45
186.6	113.73
187.32	207.16
188.42	207.16
189.24	207.16
192.45	208.7
194.98	208.7
196.37	208.7
198.35	197.37
201.63	197.37
202.99	197.37
204.22	60.16
204.99	60.16
207.81	60.16
209.56	139.36
212.8	139.36
213.16	139.36
215.8	26.27
219.0	26.82
222.08	26.82
225.06	2.16
228.4	2.16
229.07	50.34
231.51	50.34
233.93	50.34
236.15	140.6
239.35	112.51
239.6	105.99
240.34	105.99
240.93	105.99
243.16	99.36
244.72	99.36
247.15	99.36
248.33	57.7
251.72	57.7
