2.93	7.5
4.26	7.5
6.97	7.5
9.07	21.69
11.92	95.11
13.65	95.11
15.56	61.07
18.41	61.07
19.9	193.87
22.2	57.74
24.59	57.74
25.3	57.74
26.92	213.87
27.61	213.87
29.02	213.87
31.59	101.05
34.93	101.05
36.31	160.22
36.89	160.22
37.36	35.58
39.22	86.96
42.07	86.96
43.8	97.77
45.4	97.77
46.61	47.72
48.26	47.72
50.5	47.72
53.32	142.9
56.47	142.9
58.11	142.9
60.97	42.2
64.45	32.29
66.38	32.29
68.37	195.11
70.69	195.11
74.13	103.68
77.1	103.68
80.49	215.39
82.67	215.39
84.85	46.08
86.25	46.08
86.49	46.08
89.55	80.6
90.35	0.57
92.67	0.57
94.33	0.57
94.87	182.64
95.74	133.4
98.01	133.4
100.77	219.33
102.23	114.03
102.7	114.03
105.76	114.03
106.81	23.49
108.17	23.49
111.59	152.29
114.98	152.29
116.68	200.54
117.44	37.33
119.19	55.85
121.96	55.85
122.26	55.85
125.19	110.72
125.93	110.72
126.33	41.38
126.66	41.38
129.18	185.18
131.14	186.71
132.56	90.37
134.5	6.87
135.75	6.87
137.26	87.94
139.61	212.3
142.97	154.39
143.51	154.39
146.86	154.39
147.59	101.05
148.83	101.05
150.69	217.2
151.49	217.2
151.74	39.81
154.77	39.81
156.19	39.81
156.58	152.63
158.13	208.62
158.56	208.62
159.99	44.96
161.38	152.8
164.02	152.8
165.65	60.87
167.03	60.87
169.69	119.72
172.96	81.27
174.36	81.27
177.34	24.56
179.18	24.56
181.58	24.56
183.13	28.28
185.33	19.68
187.53	19.68
190.28	92.54
193.08	92.54
195.66	32.52
197.4	32.52
197.63	32.52
200.79	110.22
202.15	168.17
204.73	168.17
207.92	168.17
210.83	76.54
214.06	76.54
215.7	76.54
218.52	204.61
221.28	204.61
221.79	153.13
221.9	153.13
225.08	114.08
225.43	114.08
228.46	37.07
229.2	37.07
230.51	37.07
233.48	0.2
236.97	161.51
239.48	5.15
239.74	5.15
242.25	32.3
243.8	32.3
245.81	32.3
248.01	11.32
248.73	11.32
249.46	11.32
251.68	12.38
