0.66	102.14
1.98	102.14
2.97	137.43
3.19	137.43
6.67	76.18
7.26	76.18
9.57	131.04
10.54	182.71
12.34	182.71
13.64	182.71
14.03	42.38
15.38	50.81
15.78	50.81
16.98	192.06
18.63	51.96
21.14	51.96
23.06	76.25
23.3	76.25
25.55	149.48
28.09	149.48
28.54	121.34
30.95	121.34
31.5	174.33
32.31	57.39
32.45	57.39
33.3	167.99
36.69	167.99
40.12	69.95
42.1	147.03
42.36	147.03
44.12	150.59
45.17	150.59
47.21	195.68
49.94	218.2
51.39	25.35
54.08	25.35
57.55	25.35
57.69	118.2
57.94	118.2
60.58	204.77
62.63	204.77
65.87	63.62
68.72	9.75
71.18	161.09
73.67	161.09
74.14	161.09
77.04	66.14
78.6	66.14
81.61	83.4
84.46	83.4
86.63	83.4
87.62	141.97
88.69	141.97
92.09	141.97
92.96	141.12
93.53	141.12
94.02	104.77
94.34	104.77
97.26	104.77
98.5	52.76
100.97	52.76
102.81	52.76
106.23	164.67
106.44	164.67
109.93	10.4
113.41	49.0
115.93	186.61
116.69	207.04
120.08	207.04
123.04	207.04
125.96	154.07
126.46	154.07
127.29	154.07
128.16	191.93
128.68	191.93
129.41	191.93
130.04	8.81
132.2	8.81
134.99	168.84
136.55	168.84
138.58	109.78
139.21	109.78
141.35	153.71
144.61	153.71
144.85	138.98
145.77	138.98
146.27	88.21
148.56	88.21
149.01	88.21
151.59	199.58
153.65	128.8
156.25	128.8
158.43	128.8
160.88	102.51
161.08	12.4
162.36	122.08
164.88	174.68
165.35	174.68
166.86	108.87
167.34	108.87
170.04	108.87
170.83	24.22
171.04	24.22
172.5	220.69
174.3	69.43
176.27	69.43
179.48	190.09
182.3	22.94
184.33	22.94
185.01	189.04
187.81	189.04
190.04	189.04
193.48	36.92
194.19	192.05
197.23	192.05
200.32	192.05
202.58	148.93
206.02	148.93
206.78	164.94
207.35	55.8
208.79	81.42
211.57	81.42
214.79	190.92
218.04	135.82
218.64	122.12
219.13	21.73
219.77	21.73
223.08	1.25
226.1	69.46
227.6	69.46
229.84	69.46
230.9	181.53
233.44	181.53
234.47	46.06
236.74	141.35
238.79	152.83
240.57	91.47
242.48	91.47
244.29	91.47
244.66	147.77
244.93	147.77
247.23	194.89
247.55	194.89
247.96	194.89
249.55	24.88
251.5	219.82
