2.29	108.98
2.88	108.98
3.43	147.39
4.87	147.39
7.87	147.39
11.32	59.19
12.39	59.19
14.48	0.76
17.81	0.76
20.69	53.12
22.89	53.12
24.51	127.91
24.8	127.91
25.35	127.91
27.64	99.61
28.68	42.41
31.8	162.17
32.76	162.17
33.24	162.17
33.49	102.94
33.82	102.94
36.71	62.4
39.32	62.4
42.65	62.4
43.26	116.03
43.72	186.39
45.1	39.2
47.22	39.2
47.92	39.2
51.26	186.77
53.82	10.74
55.65	10.74
55.82	10.74
58.12	122.98
59.24	217.52
59.56	217.52
62.01	34.15
63.51	34.15
66.94	34.15
67.38	67.02
70.29	172.41
73.12	172.41
75.05	172.41
77.7	208.39
77.81	208.39
78.1	208.39
81.24	92.96
81.42	92.96
84.14	154.02
86.52	66.91
88.18	66.91
90.08	70.76
92.03	3.79
92.6	3.79
95.62	212.18
98.18	212.18
100.82	164.45
103.26	65.72
105.17	204.47
105.79	204.47
106.97	199.15
107.51	199.15
108.0	102.45
111.11	213.79
113.3	132.4
115.9	66.87
118.51	66.87
120.96	66.87
121.48	42.11
123.65	42.11
125.5	42.11
127.41	212.81
129.14	74.06
129.36	74.06
130.48	136.94
133.78	136.94
135.66	136.94
137.13	218.14
139.1	96.06
141.97	96.06
142.94	96.06
145.28	170.03
146.79	170.03
147.71	170.03
149.82	118.66
151.36	118.66
153.4	49.47
153.71	49.47
154.13	49.47
156.23	24.65
158.24	95.35
158.55	77.87
159.92	144.62
161.17	144.62
164.6	199.56
165.43	199.56
167.55	199.56
170.55	42.51
173.06	216.76
173.57	216.76
176.83	216.76
179.05	93.42
182.27	93.42
183.47	93.42
185.62	47.41
185.74	98.34
187.51	141.61
188.03	141.61
190.95	41.94
191.93	12.52
193.08	12.52
193.75	12.52
194.26	39.77
196.25	39.77
199.69	68.32
200.52	68.32
201.4	25.68
202.23	25.68
204.12	25.68
204.31	148.2
207.5	148.2
210.91	148.2
211.27	217.68
213.85	217.68
216.14	217.68
217.48	102.39
219.94	102.39
221.4	76.0
224.82	76.0
227.83	199.02
229.62	179.89
232.71	104.47
233.84	132.01
235.09	172.37
236.71	172.37
239.36	188.57
242.18	159.6
245.33	159.6
246.75	159.6
248.07	186.24
248.69	115.13
251.89	152.13
