2.65	77.69
5.05	77.69
7.76	77.69
7.95	79.74
9.17	79.74
11.55	79.74
14.74	205.92
17.74	205.92
18.62	132.31
20.22	132.31
22.83	132.31
26.03	53.56
27.45	53.56
30.72	219.23
33.06	7.36
35.48	7.36
37.02	7.36
40.03	181.89
42.29	181.89
44.62	211.68
44.72	211.68
46.76	211.68
49.81	149.82
51.66	149.82
51.98	149.82
53.05	21.02
55.06	21.02
55.51	79.41
55.63	211.56
58.13	211.56
61.52	211.56
62.81	107.11
65.95	107.11
67.85	118.2
70.97	126.86
73.91	126.86
76.88	126.86
78.58	21.94
78.9	21.94
82.16	21.94
84.52	195.5
87.81	195.5
90.55	195.5
93.48	99.11
95.68	99.11
98.77	33.56
101.23	33.56
102.6	107.63
104.77	107.63
105.52	65.48
106.37	65.48
107.35	65.48
110.21	218.68
110.35	104.11
111.69	104.11
111.99	103.08
114.94	103.08
115.22	166.49
116.29	125.88
118.98	125.88
120.74	125.88
121.08	31.2
123.84	107.81
126.32	121.75
128.21	121.75
131.44	121.75
134.71	117.26
135.37	117.26
136.02	210.35
138.86	210.35
140.26	210.35
142.16	29.61
144.56	29.61
145.72	33.96
147.23	33.96
148.3	72.39
149.05	153.95
151.59	153.95
151.9	153.95
154.57	5.2
154.72	180.45
156.16	180.45
158.46	94.23
161.0	94.23
163.32	79.67
164.12	79.67
166.5	100.1
169.45	100.1
169.76	71.22
170.13	71.22
171.42	71.22
174.1	197.33
175.08	197.33
175.82	197.33
179.11	169.08
180.84	169.08
182.51	169.08
184.77	121.33
186.92	121.33
189.53	154.04
190.49	154.04
190.66	154.04
192.22	105.64
194.95	60.17
196.41	84.69
198.82	84.69
201.59	84.69
203.0	185.98
203.65	185.98
205.74	110.87
206.06	110.87
208.63	110.87
209.13	3.23
211.05	3.23
213.9	87.13
216.85	87.13
217.68	87.13
218.39	82.82
221.1	82.82
223.67	35.03
224.25	35.03
225.88	35.03
226.64	185.21
227.09	185.21
229.82	65.54
231.41	65.54
234.74	65.54
237.0	45.38
239.03	45.38
239.25	220.75
240.04	220.75
243.17	220.75
244.77	72.46
247.53	72.46
249.85	2.47
251.54	23.93
