1.08	25.19
1.98	160.41
5.32	160.41
6.42	198.17
8.7	198.17
8.91	198.17
9.7	216.5
11.69	68.9
12.28	30.03
14.16	30.03
15.4	106.01
18.66	106.01
20.2	106.01
22.74	194.95
25.24	194.95
26.34	180.52
26.95	180.52
27.6	133.52
28.15	133.52
28.76	133.52
29.22	125.48
29.62	71.78
31.63	71.78
33.25	71.78
35.31	48.6
36.83	48.6
39.03	65.88
39.31	65.88
40.45	202.17
41.96	202.17
42.45	27.55
43.46	27.55
44.4	27.08
46.62	18.49
47.15	18.49
48.69	162.38
51.69	56.51
52.75	76.43
54.79	76.43
56.67	76.43
57.54	42.5
58.94	204.88
62.4	82.4
64.0	89.38
65.83	89.38
68.72	89.38
70.67	3.17
73.05	70.39
73.26	70.39
75.35	70.7
78.77	189.03
81.23	189.03
83.89	189.03
86.66	85.9
89.9	85.9
93.33	84.61
93.57	84.61
95.31	154.13
97.93	154.13
100.15	154.13
103.26	215.4
105.32	215.4
106.94	215.4
110.39	101.86
113.33	101.86
114.03	198.26
116.0	198.26
118.54	198.26
119.19	186.88
120.75	62.46
124.1	211.43
126.45	211.43
129.84	135.45
133.23	212.23
133.76	40.35
136.41	40.35
139.57	6.89
142.45	6.89
144.28	177.04
147.02	118.09
147.83	118.09
151.08	208.67
153.51	208.67
156.01	208.67
159.08	89.95
162.28	89.95
164.96	89.95
166.36	194.34
168.74	50.27
171.18	120.26
173.39	120.26
174.07	120.26
177.2	6.52
180.19	6.52
180.95	146.82
182.34	146.82
183.78	146.82
184.3	177.64
184.91	177.64
186.24	39.62
188.26	39.62
190.08	39.62
192.17	13.82
193.93	13.82
196.92	13.82
199.8	193.21
201.69	193.21
203.89	193.21
204.55	216.07
207.43	126.91
208.06	126.91
208.29	28.22
211.01	28.22
213.4	28.22
215.68	38.42
218.03	33.1
218.34	33.1
221.69	216.04
222.72	71.09
224.99	71.09
225.89	97.92
228.02	36.37
231.44	36.37
234.25	166.11
236.73	166.11
239.29	166.11
241.17	191.42
241.87	191.42
244.89	186.85
247.29	39.24
249.77	39.24
251.96	39.24
