3.45	85.49
4.7	85.49
5.6	75.4
6.22	75.4
8.4	121.3
8.67	5.39
11.55	5.39
13.87	5.39
16.1	143.65
19.24	143.65
19.47	56.59
20.16	56.59
21.41	0.44
23.68	0.44
24.72	0.44
25.81	89.96
28.4	89.96
28.98	68.29
29.95	68.29
31.16	68.29
34.2	13.57
35.61	13.57
36.46	13.57
37.89	2.96
39.83	174.74
43.08	174.74
43.5	25.22
43.96	25.22
47.31	169.71
48.92	169.71
49.32	99.54
51.79	99.54
55.1	64.31
55.82	30.0
58.89	30.0
59.7	166.67
60.02	166.67
61.68	194.86
62.41	194.86
63.16	194.86
66.24	49.22
68.92	49.22
69.08	49.22
71.79	81.17
72.77	81.17
75.3	142.69
76.65	142.69
78.34	142.69
80.65	196.27
81.35	196.27
83.52	28.01
85.89	28.01
86.07	28.01
89.42	4.3
91.44	161.74
92.78	22.5
95.42	22.5
96.8	55.88
97.68	55.88
98.68	29.74
101.37	29.74
101.7	172.05
104.09	172.05
104.59	186.93
104.82	28.13
106.06	28.13
109.52	28.13
111.48	201.94
112.68	201.94
114.6	190.91
115.18	190.91
115.74	24.05
116.81	35.2
119.99	35.2
121.46	35.2
124.37	128.37
127.58	196.72
130.44	196.72
132.81	149.98
133.78	132.52
136.34	96.88
137.07	96.88
140.48	96.88
140.84	98.77
141.09	214.86
142.27	214.86
143.0	199.31
143.77	199.31
145.62	199.31
147.87	168.27
148.08	168.27
151.21	146.75
152.32	146.75
155.54	161.88
158.19	161.88
160.28	161.88
162.99	215.8
165.24	215.8
165.73	215.8
166.12	152.28
166.29	152.28
168.69	152.28
169.09	89.34
169.63	89.34
170.35	89.34
171.32	105.26
174.36	36.06
175.19	36.06
178.61	206.0
180.47	206.0
181.88	206.0
182.85	75.56
184.7	75.56
187.48	75.56
190.51	111.04
192.19	121.97
194.16	121.97
195.16	121.97
197.77	62.99
198.14	62.99
200.95	62.99
204.08	169.72
207.33	169.72
208.5	169.72
209.12	40.71
212.48	40.71
213.78	40.71
216.81	200.57
219.84	200.57
222.4	156.88
224.39	206.57
225.3	206.57
227.74	77.25
227.9	77.25
229.6	77.25
230.39	60.9
233.15	60.9
236.32	60.9
239.39	83.07
239.51	83.07
240.9	169.1
241.5	19.43
242.55	137.92
244.38	156.1
246.23	163.45
248.04	163.45
251.46	163.45
