2.56	155.74
3.29	155.74
6.0	83.7
8.68	83.7
11.83	87.11
13.09	87.11
14.32	87.11
16.6	142.49
16.79	187.5
18.26	187.5
21.19	187.5
21.75	137.67
22.56	154.41
25.76	154.41
26.36	212.76
27.37	212.76
29.97	212.76
31.11	35.57
33.53	35.57
34.84	35.57
37.0	55.9
38.12	55.9
40.58	172.68
40.68	1.26
42.11	1.26
43.57	180.07
46.16	180.07
47.74	180.07
51.18	2.75
53.42	2.75
53.77	31.65
56.67	31.65
57.98	133.84
58.18	133.84
61.05	24.65
62.13	24.65
64.7	73.43
67.82	73.43
69.4	73.43
72.01	135.33
74.64	154.99
76.09	154.99
77.41	154.99
80.61	191.53
81.17	191.53
84.44	191.53
84.58	156.41
87.21	156.41
88.89	187.96
91.23	187.96
92.44	187.96
95.67	50.2
97.47	50.2
100.14	50.2
103.46	124.42
104.05	124.42
107.04	41.95
110.34	94.09
112.89	37.71
115.86	126.24
117.29	80.67
120.07	80.67
123.1	216.76
124.0	175.04
124.43	175.04
125.22	13.48
127.48	13.48
130.03	13.48
130.77	66.58
132.15	136.48
135.4	18.71
138.32	18.71
140.19	18.71
140.86	194.78
143.12	194.78
144.62	160.33
144.91	160.33
146.88	43.51
148.61	43.51
149.36	43.51
150.58	11.68
151.15	11.68
154.0	11.68
154.88	62.88
155.25	62.88
157.62	62.88
158.49	217.87
161.88	75.46
163.74	129.41
166.81	129.41
168.2	129.41
169.21	64.14
170.56	64.14
172.41	64.14
175.15	110.23
175.99	110.23
176.42	44.43
178.77	199.91
179.12	199.91
180.19	50.98
181.73	66.4
182.34	66.4
183.18	103.07
183.96	103.07
187.13	103.07
188.09	53.32
190.2	53.32
192.45	200.72
194.83	200.72
195.58	168.29
197.41	168.29
200.07	0.35
200.53	0.35
202.47	156.41
203.1	156.41
205.69	215.21
206.6	215.21
207.92	33.88
209.43	33.88
210.8	33.88
212.98	5.92
213.65	5.92
217.11	65.07
220.0	65.07
222.07	65.07
225.53	68.49
228.8	68.49
231.54	68.4
233.45	68.4
234.49	190.14
235.62	205.53
236.25	205.53
237.97	166.95
239.05	15.33
241.08	15.33
244.37	145.6
245.95	145.6
247.86	68.24
250.75	208.07
