0.48	194.61
2.15	194.61
5.52	36.59
7.4	140.61
9.17	156.15
10.04	156.15
10.61	156.15
11.44	177.63
13.49	112.2
16.74	112.2
18.46	112.2
19.79	25.58
21.41	25.58
24.07	206.34
24.99	206.34
28.37	206.34
31.75	36.2
35.18	36.2
38.63	36.2
38.74	206.86
41.18	24.02
42.77	24.02
42.96	24.02
45.54	197.3
47.92	197.3
50.36	200.15
51.82	200.15
55.19	116.6
56.18	116.6
58.76	116.6
61.18	116.82
61.52	116.82
64.83	116.82
67.23	95.52
70.61	95.52
72.07	95.52
73.54	81.03
75.73	35.13
76.53	35.13
78.54	197.35
80.08	132.63
82.98	132.63
85.33	132.63
86.19	165.27
88.21	149.71
91.65	149.71
94.4	13.41
96.28	13.41
97.24	111.21
97.95	139.57
100.92	95.52
101.31	95.52
101.65	95.52
104.62	64.69
107.43	128.85
109.79	128.85
111.18	13.99
113.79	110.29
114.89	110.29
115.17	110.29
115.54	83.07
116.16	1.46
117.73	18.89
118.41	18.89
121.82	18.89
124.44	176.29
127.59	58.94
129.8	58.94
130.11	58.94
133.51	205.93
135.48	205.93
138.0	37.24
140.61	2.77
142.96	2.77
145.83	77.35
148.88	77.35
150.71	53.61
151.89	53.61
155.04	53.61
157.08	66.27
159.23	66.27
162.34	66.27
165.41	217.48
168.61	181.59
170.27	181.59
171.8	181.59
174.61	91.13
176.14	154.18
178.16	154.18
180.23	154.18
182.75	14.23
185.35	14.23
188.77	150.99
190.16	151.98
190.96	29.27
191.35	119.85
191.55	111.3
192.66	111.3
194.99	177.42
196.06	177.42
198.37	67.52
199.06	67.52
201.34	204.97
204.22	204.97
207.35	204.97
207.84	104.02
210.14	104.02
213.21	216.84
213.53	216.84
215.06	216.84
217.53	121.89
219.63	121.89
219.78	85.36
220.58	112.08
221.8	112.08
224.61	112.08
226.84	25.53
230.13	25.53
231.04	25.53
232.51	41.8
235.75	41.8
235.96	41.8
237.36	188.26
238.8	115.02
242.18	22.94
242.51	22.94
243.8	22.94
244.07	84.26
244.25	72.95
246.56	81.29
249.87	102.68
252.89	126.05
