0.2	105.52
1.31	105.52
4.11	190.32
4.89	206.17
7.18	206.17
8.57	69.86
10.72	171.78
13.34	171.78
14.88	171.78
16.43	72.63
18.78	72.63
20.25	72.63
21.35	16.68
23.26	16.68
25.72	16.68
27.48	8.97
27.8	8.97
28.3	9.03
29.45	9.03
31.3	0.51
34.35	0.51
37.01	87.99
38.5	70.52
40.6	70.52
41.69	72.13
44.31	108.1
47.09	108.1
48.73	108.1
52.19	0.35
55.5	0.35
55.66	186.4
58.36	186.4
59.53	186.4
61.43	165.63
63.51	165.63
65.75	165.63
68.95	127.96
70.36	127.96
72.48	42.92
73.19	42.92
74.05	42.92
77.09	172.19
80.34	172.19
82.38	172.19
84.06	26.16
84.28	24.55
85.97	24.55
89.04	24.55
92.4	12.31
94.49	1.97
97.4	1.97
97.62	95.97
98.77	95.97
100.63	95.97
102.53	210.26
105.04	87.91
106.92	87.91
108.68	87.91
111.74	13.33
114.39	13.33
117.81	13.33
120.37	85.39
122.68	85.39
122.79	183.0
125.14	183.0
125.68	219.41
125.94	219.41
128.57	165.77
132.02	86.18
135.25	125.68
138.67	91.58
139.17	213.43
139.63	213.43
140.99	213.43
142.95	31.25
144.3	31.25
147.36	31.25
149.73	39.47
150.72	152.99
154.13	152.99
156.94	91.73
159.91	96.11
160.66	59.1
163.76	59.1
165.44	157.97
166.7	157.97
169.91	157.97
172.43	156.47
174.07	156.47
175.66	106.02
178.76	106.02
181.59	92.86
182.86	139.77
184.7	120.77
185.83	120.77
186.64	39.43
188.04	82.36
189.66	82.36
190.73	82.36
192.74	76.63
193.32	76.63
196.57	76.63
197.66	63.39
201.03	47.9
204.06	180.51
207.51	180.51
209.34	153.72
212.69	153.72
215.52	39.81
217.17	39.81
219.45	39.81
221.67	148.8
222.17	148.8
224.92	148.8
225.68	163.14
229.03	163.14
231.38	199.63
232.9	204.04
233.14	204.04
233.78	18.16
234.38	18.16
235.74	18.16
236.2	76.32
237.67	76.32
240.74	76.32
241.33	136.02
241.66	136.02
242.18	3.89
244.7	3.89
247.66	21.28
249.78	21.28
251.92	51.7
