3.09	32.0
5.76	32.0
6.97	204.87
9.07	204.87
9.86	204.87
12.25	87.22
14.53	87.22
15.68	89.33
16.35	89.33
19.33	149.57
21.91	149.57
22.91	35.83
24.02	139.0
26.29	139.0
27.43	139.0
28.96	97.42
30.76	97.42
32.79	97.42
35.44	147.76
35.74	147.76
37.72	33.36
40.08	96.71
41.08	96.71
41.3	96.71
42.95	146.66
45.12	146.66
46.29	146.66
48.55	41.87
50.4	73.27
52.11	73.27
52.41	73.27
54.06	159.45
56.77	159.45
58.86	116.84
59.31	116.84
62.76	115.11
63.97	115.11
66.11	31.01
68.4	122.35
71.64	124.01
75.0	132.67
75.31	132.67
76.8	132.67
79.85	215.46
81.65	215.46
82.7	143.08
85.61	143.08
87.44	143.08
88.16	104.35
91.64	25.82
92.21	25.82
94.59	60.71
97.63	60.71
98.22	174.67
99.26	187.0
101.89	187.0
104.01	187.0
104.64	145.98
107.24	145.98
109.51	16.15
110.23	16.15
112.63	16.15
114.17	82.22
114.4	82.22
116.87	82.22
117.61	94.83
120.76	9.17
121.51	100.38
124.44	100.38
125.44	107.44
128.77	107.44
129.06	149.47
129.93	149.47
130.34	149.47
132.14	192.95
133.72	192.95
136.32	192.95
137.07	92.69
137.9	92.69
140.75	92.69
141.11	153.31
142.4	153.31
144.72	153.31
147.55	66.24
148.39	66.24
150.64	118.93
151.72	158.62
153.73	31.56
155.92	31.56
157.92	148.01
158.68	148.01
160.18	148.01
162.15	84.31
163.44	84.31
166.59	139.0
168.99	139.0
170.56	139.0
172.83	77.78
176.08	77.78
176.51	77.78
179.64	2.93
180.21	2.93
183.53	2.93
185.07	18.67
186.23	18.67
189.58	18.67
190.05	80.69
193.36	80.69
195.68	80.69
199.17	123.94
201.09	102.74
201.22	102.74
201.62	102.74
204.06	178.37
204.37	178.37
206.77	178.37
208.92	113.02
209.56	113.02
210.32	55.5
212.43	55.5
212.58	55.5
214.88	1.21
217.83	1.21
219.33	77.58
220.35	106.09
222.35	36.15
224.64	36.15
225.49	46.03
227.94	60.51
228.12	199.56
230.46	199.56
231.36	158.5
232.62	158.5
233.08	147.47
233.56	80.05
235.86	80.05
236.97	138.34
240.46	138.34
242.57	129.4
245.58	129.4
246.37	129.4
247.61	122.76
249.03	21.66
250.83	21.66
