1.68	119.19
2.28	119.19
2.7	38.99
2.91	38.99
3.1	48.24
3.4	48.24
6.84	11.35
9.29	11.35
12.61	159.57
14.03	159.57
17.17	67.17
17.29	67.17
20.05	110.0
21.05	110.0
23.58	33.8
24.58	26.24
27.55	26.24
29.24	145.82
30.01	21.98
32.15	21.98
34.17	7.68
35.33	7.68
38.68	7.68
41.09	58.65
42.67	58.65
44.46	58.65
45.26	101.49
45.44	101.49
46.41	101.49
47.13	116.12
50.32	116.12
53.63	116.12
56.7	118.13
58.3	118.13
60.62	118.13
63.97	203.81
65.92	203.81
68.24	203.81
71.63	90.26
73.09	94.57
74.31	94.57
76.1	94.57
79.56	115.69
80.52	119.01
81.18	119.01
81.84	119.01
83.37	203.32
85.71	203.32
86.07	182.08
88.06	47.34
88.19	56.22
90.06	56.22
91.65	56.22
92.16	149.72
94.15	73.2
96.44	73.2
96.63	73.2
98.08	60.1
100.51	60.1
100.61	27.19
103.36	27.19
104.5	27.19
107.24	164.01
107.54	164.01
107.9	164.01
108.76	89.21
112.21	89.21
112.47	89.21
115.73	45.05
117.27	41.56
119.39	41.56
122.42	7.41
125.08	7.41
125.34	123.32
126.65	123.32
128.29	109.73
131.29	163.63
133.58	76.37
136.94	136.79
140.08	136.79
143.54	144.52
144.43	144.52
145.61	144.52
146.3	175.97
148.04	175.97
150.6	175.97
152.64	52.17
155.38	14.4
157.78	14.4
161.17	88.28
163.22	144.89
166.66	141.47
170.01	141.47
170.55	214.03
171.36	114.54
171.78	114.54
175.01	114.54
176.9	217.51
177.17	217.51
180.59	27.4
181.53	27.4
184.45	132.94
187.73	132.94
189.97	209.91
191.29	155.04
194.17	205.76
195.28	205.76
198.4	205.76
200.52	128.38
201.16	170.75
202.04	170.75
203.39	170.75
204.75	175.94
206.74	175.94
207.57	175.94
209.36	133.72
210.22	133.72
211.09	75.69
213.95	75.69
216.09	75.69
218.65	128.65
222.06	124.91
224.51	46.0
227.41	46.0
228.43	46.0
231.09	98.32
231.89	98.32
232.21	98.32
233.01	75.94
233.69	75.94
236.73	75.94
238.44	163.86
240.84	154.38
241.07	154.38
241.84	157.23
242.77	157.23
245.43	157.23
246.78	198.7
248.83	198.7
252.07	198.7
