0.84	27.65
3.14	5.96
3.92	5.96
5.87	118.57
7.65	118.57
10.6	118.57
12.46	100.42
13.55	100.42
14.33	110.68
15.27	110.68
17.17	110.68
18.16	101.92
20.02	101.92
20.31	53.81
20.47	197.62
23.53	197.62
24.35	137.46
25.19	137.46
25.64	168.66
28.15	168.66
28.7	168.66
31.54	194.98
33.47	194.98
35.14	194.98
37.07	15.14
37.73	155.44
38.24	155.44
39.35	155.44
41.13	108.08
44.46	213.51
45.92	213.51
47.5	213.51
48.02	52.18
51.19	81.14
54.56	81.14
54.77	81.14
58.11	85.3
59.45	85.3
59.77	85.3
61.31	197.5
63.15	95.94
66.41	95.94
67.55	125.91
68.43	100.1
71.54	100.1
73.22	100.1
75.07	190.96
77.65	66.7
78.2	66.7
80.71	66.7
83.18	166.93
83.77	143.18
84.77	143.18
86.29	143.18
88.29	3.33
90.17	130.11
92.87	217.68
95.99	217.68
99.26	193.27
100.72	193.27
100.83	130.1
102.31	130.1
104.79	130.1
105.19	30.61
106.54	30.61
107.98	30.61
108.34	34.9
109.35	39.82
111.75	39.82
113.44	126.02
115.95	126.02
118.02	126.02
120.21	81.18
122.68	81.18
123.07	81.18
124.51	131.41
125.28	95.95
126.66	95.95
126.96	95.95
127.61	112.03
127.75	153.53
130.94	187.75
132.36	30.73
134.22	30.73
135.49	167.11
138.86	32.25
139.09	32.25
140.87	52.08
141.54	52.08
144.25	52.08
147.09	19.55
148.28	19.55
149.77	87.17
150.21	87.17
150.65	87.17
151.37	19.32
152.76	19.32
155.49	19.32
158.36	153.92
161.77	153.92
164.53	136.24
167.73	136.24
168.01	170.64
170.57	170.64
171.98	150.13
173.03	150.13
174.67	150.13
175.11	100.91
176.89	100.91
177.47	212.68
178.43	212.68
181.92	193.81
183.9	193.81
184.6	193.81
185.5	106.21
185.88	106.21
188.5	106.21
190.41	95.69
193.32	95.69
193.81	189.68
195.43	118.45
197.68	118.45
201.13	4.51
202.72	4.51
203.48	4.51
204.03	65.4
206.73	65.4
207.36	206.87
209.62	206.87
210.72	206.87
214.11	68.49
214.82	89.19
216.9	89.19
217.48	142.78
219.87	142.78
221.93	87.27
224.33	87.27
227.4	87.27
229.67	183.54
230.26	180.42
230.71	50.7
232.04	97.53
234.28	27.14
237.21	27.14
239.44	22.84
240.52	22.84
243.75	152.81
244.63	152.81
246.53	82.26
249.74	24.82
250.67	27.52
