3.19	103.44
5.71	103.44
6.14	103.44
7.65	72.15
8.55	72.15
11.55	72.15
13.68	33.63
16.38	103.19
18.24	97.76
19.5	97.76
19.97	97.76
22.1	79.4
24.15	184.07
24.58	184.07
26.16	193.13
26.95	92.09
28.64	187.23
32.08	187.23
32.85	113.66
33.48	189.69
35.87	189.69
36.3	45.49
39.2	45.49
41.3	45.49
41.51	126.63
43.39	126.63
46.61	126.63
49.05	93.41
52.34	18.39
52.54	18.39
54.86	172.14
55.23	172.14
56.92	28.52
57.54	28.52
59.97	28.52
61.03	89.93
62.19	89.93
64.09	47.02
66.53	207.86
69.19	207.86
71.41	61.58
72.39	172.64
73.84	160.66
75.04	160.66
77.83	160.66
80.56	196.05
82.67	196.05
85.35	210.53
87.61	210.53
88.93	20.03
89.98	142.95
92.14	142.95
94.79	106.15
96.91	106.15
98.88	106.15
99.53	120.85
100.74	120.85
103.56	120.85
106.46	64.82
109.0	64.82
109.44	64.82
110.99	52.35
114.11	149.78
117.5	149.78
119.75	149.78
120.98	161.56
122.22	161.56
122.57	161.56
125.21	20.66
126.93	216.94
127.67	203.05
129.07	203.05
129.5	54.41
131.29	54.41
132.59	54.41
133.81	88.57
135.7	88.57
138.91	88.57
140.16	215.15
142.91	215.15
145.73	51.17
148.96	104.21
152.07	104.21
154.03	104.21
155.22	168.77
157.22	168.77
157.75	168.77
159.27	171.68
160.44	128.97
163.36	128.97
163.55	128.97
167.01	22.5
169.77	186.5
172.32	186.5
173.55	186.5
175.77	206.32
178.46	37.6
179.01	37.6
179.6	219.14
180.67	219.14
183.66	130.24
187.08	130.24
189.73	190.63
190.68	190.63
191.5	190.63
192.22	87.37
193.5	87.37
196.84	87.37
199.08	162.06
199.44	162.06
202.53	162.06
203.59	90.46
205.71	203.03
207.12	203.03
207.88	155.92
208.71	155.92
209.5	78.24
212.48	78.24
213.23	78.24
215.57	23.43
217.08	23.43
217.93	124.21
218.58	124.21
222.01	124.21
222.91	92.02
225.03	92.02
225.9	92.02
227.82	50.05
228.96	50.05
230.6	50.05
230.85	204.64
231.34	204.64
233.22	204.64
236.46	220.33
237.19	59.6
239.52	59.6
241.53	59.6
243.32	63.12
245.33	159.28
247.36	198.83
249.62	198.83
250.88	198.83
