3.12	86.1
5.41	86.1
8.35	86.1
10.99	102.05
12.46	192.15
15.17	192.15
16.45	192.15
18.6	2.17
21.77	2.17
24.45	2.17
27.35	78.75
30.11	37.4
33.43	37.4
35.19	37.4
38.54	16.66
39.77	16.66
41.34	16.66
44.73	116.24
44.91	116.24
45.44	193.47
46.93	193.47
49.82	204.13
52.36	204.13
55.13	204.13
56.47	85.43
57.36	85.43
60.32	85.43
61.41	201.17
64.18	201.17
67.53	201.17
70.71	180.09
70.91	141.92
72.36	141.92
72.58	141.92
73.3	45.45
76.48	114.87
77.33	117.48
80.39	117.48
83.04	188.51
86.5	188.51
88.12	104.28
88.37	104.28
90.58	50.42
91.95	161.36
95.32	161.36
97.68	204.61
99.02	204.61
100.0	112.96
101.5	112.96
104.47	112.96
106.54	140.42
107.48	120.23
110.78	5.25
113.99	5.25
117.06	5.25
118.22	202.16
120.33	128.9
121.91	36.78
125.18	36.78
127.59	36.78
130.22	142.29
131.36	17.39
133.96	208.33
134.35	208.33
136.51	208.33
139.47	121.59
142.91	6.91
145.16	82.81
146.79	82.81
148.73	64.24
149.81	64.24
152.29	64.24
155.03	175.26
156.72	175.26
157.87	41.91
161.18	41.91
161.93	186.42
164.35	186.42
165.55	186.42
168.04	168.84
168.95	168.84
172.14	168.84
174.4	111.4
174.62	146.77
176.46	146.77
178.92	9.07
181.28	9.07
183.0	207.9
185.9	207.9
186.38	207.9
186.83	182.43
190.3	182.43
191.49	182.43
192.27	153.92
193.98	153.92
194.81	153.92
196.92	72.44
197.59	158.05
197.79	158.05
198.97	59.29
199.48	59.29
202.34	59.29
202.54	139.81
204.64	183.51
204.79	183.51
207.29	183.51
209.03	79.27
209.46	79.27
209.85	79.27
210.17	105.11
211.66	93.76
212.44	175.21
215.12	175.21
216.67	175.21
217.23	165.06
217.77	196.5
218.19	165.68
220.18	63.54
221.63	63.54
223.09	207.93
224.23	207.93
227.62	207.93
229.85	36.34
232.91	36.34
233.14	206.47
233.94	206.47
237.44	110.7
240.18	5.59
241.98	200.76
242.44	200.76
244.79	200.76
245.64	113.98
246.69	83.35
249.11	181.91
251.62	181.91
