3.24	220.77
4.32	220.77
7.13	11.91
9.08	210.6
11.92	210.6
14.87	210.6
15.83	103.14
17.1	103.14
18.93	103.14
20.85	165.16
21.6	165.16
24.92	58.02
25.81	58.02
27.74	49.29
29.6	49.29
31.55	49.29
33.71	1.76
36.4	1.76
39.77	169.49
43.16	220.01
44.13	220.01
45.95	18.15
46.26	18.15
49.57	18.15
51.71	63.21
52.92	79.08
53.72	79.08
54.67	22.51
55.29	22.51
55.43	106.11
57.51	191.49
58.92	191.49
59.54	191.49
61.8	193.08
65.18	193.08
66.8	193.08
69.02	218.46
70.98	57.81
72.34	29.43
73.46	29.43
74.45	99.92
75.21	95.01
75.31	95.01
76.05	56.21
76.9	56.21
80.4	56.21
81.01	171.98
83.18	171.98
85.32	171.98
85.56	10.67
86.18	10.67
88.72	122.44
89.54	122.44
91.67	199.74
93.7	199.74
96.09	199.74
99.01	59.34
101.86	59.34
103.14	82.41
104.27	172.55
106.94	166.46
108.95	57.84
111.1	57.84
113.83	57.84
117.27	207.61
117.75	207.61
118.07	1.47
118.23	1.47
119.22	102.94
121.39	102.94
122.61	102.94
125.08	48.41
126.73	48.41
127.65	40.42
129.78	86.93
132.2	71.87
133.71	75.35
137.04	75.35
140.13	99.0
141.75	128.69
143.53	214.78
144.62	214.78
145.45	214.78
147.09	196.37
149.64	196.37
150.33	186.73
151.66	113.43
151.84	113.43
153.19	120.0
153.97	120.0
157.15	120.0
158.72	20.5
159.69	20.5
160.87	20.5
163.97	43.55
167.14	43.55
167.85	43.55
170.36	145.76
172.52	148.41
175.0	148.41
176.11	148.41
179.08	150.09
181.65	150.09
185.08	150.09
187.36	95.08
188.71	95.08
188.87	95.08
189.2	10.92
191.22	113.47
192.92	113.47
196.3	115.37
197.73	115.37
200.81	115.37
202.56	139.22
203.15	139.22
205.28	139.22
206.26	167.65
209.67	167.65
212.44	167.65
214.0	216.97
215.96	216.97
216.27	216.97
218.83	38.74
221.47	38.74
223.35	12.99
224.79	149.15
226.46	149.15
228.92	49.46
230.81	147.66
232.23	132.53
233.49	132.53
234.32	132.53
234.7	48.36
237.15	48.36
239.28	48.36
240.64	42.96
242.18	42.96
244.01	88.89
245.59	88.89
247.51	149.21
249.45	149.21
250.6	149.21
