0.43	89.68
1.82	203.92
4.05	118.8
6.36	140.37
7.79	140.37
10.43	140.37
13.29	40.06
16.56	40.06
19.37	40.06
21.27	140.24
24.36	140.24
26.59	22.58
27.29	50.43
27.66	50.43
29.82	157.46
30.26	157.46
33.39	79.65
35.99	29.71
38.2	131.22
40.26	31.65
42.19	31.65
43.74	175.84
46.33	175.84
48.23	152.74
50.09	152.74
51.72	152.74
54.67	123.99
58.0	44.97
58.57	35.13
61.58	35.13
62.22	35.13
65.5	103.34
67.75	8.49
69.17	8.49
69.76	8.49
73.1	35.27
73.74	35.27
73.89	177.56
75.87	177.56
78.58	166.17
79.33	150.49
80.68	150.49
81.47	53.8
83.27	53.8
83.65	74.58
86.82	74.58
89.82	74.58
92.31	172.83
93.73	172.83
97.05	172.83
98.85	115.03
99.2	115.03
99.59	115.03
102.0	50.42
105.05	204.6
108.26	204.6
108.45	182.32
110.74	87.27
111.35	37.07
113.76	37.07
115.71	37.07
117.99	102.43
120.5	195.02
122.08	205.4
123.3	205.4
125.14	205.4
125.25	113.94
127.38	113.94
130.6	113.94
131.01	30.85
131.59	14.27
135.03	14.27
135.95	14.27
137.15	213.68
140.17	213.68
142.82	85.96
143.01	85.96
145.63	70.46
146.8	193.67
148.92	193.67
149.1	130.34
152.18	93.75
153.47	93.75
156.77	217.05
159.99	217.05
161.93	96.6
163.35	194.72
164.31	194.72
167.0	211.44
169.36	211.44
169.97	211.44
172.83	187.2
172.97	187.2
173.92	6.54
176.53	7.12
177.64	7.12
180.26	7.12
182.87	128.18
185.39	128.18
186.29	128.18
188.69	211.0
191.82	211.0
192.81	86.78
196.0	86.78
197.58	23.64
198.44	23.64
200.68	70.18
200.8	96.81
202.81	96.81
205.88	96.81
206.49	211.56
208.24	211.56
211.41	176.47
212.28	162.44
214.3	162.44
214.6	24.4
217.2	72.13
220.35	72.13
223.44	72.13
225.38	60.4
228.33	60.4
228.72	60.4
229.52	144.09
229.77	138.75
232.86	98.65
233.49	115.98
236.04	115.98
236.74	115.98
239.77	132.4
241.24	68.44
243.51	68.44
244.7	111.64
246.92	58.81
248.42	58.81
250.05	76.85
