1.93	204.07
3.06	64.27
3.73	171.95
4.94	65.61
7.3	141.96
9.62	49.94
10.07	49.94
12.03	63.11
13.79	63.11
15.15	63.11
18.08	152.91
19.65	167.4
22.0	167.4
23.18	197.5
24.74	106.34
27.99	61.64
30.59	153.22
33.58	153.22
34.92	153.22
36.16	137.27
39.27	31.56
41.13	31.56
44.39	76.63
45.66	76.63
48.16	76.63
49.24	151.42
51.18	151.42
52.09	151.42
53.39	25.9
56.55	25.9
58.89	25.9
59.27	142.86
62.6	134.12
62.95	141.97
63.33	141.97
65.81	141.97
67.26	159.17
67.58	159.17
69.86	75.92
72.79	75.92
74.3	161.79
77.58	161.79
79.02	161.79
82.1	5.64
82.83	5.64
84.69	34.86
86.72	34.86
88.6	34.86
89.54	52.35
90.27	52.35
92.69	52.35
94.16	46.69
95.27	95.57
95.51	137.3
96.68	79.31
99.93	173.64
102.88	173.64
106.24	173.64
107.77	65.16
109.77	213.13
110.89	213.13
112.45	213.13
113.56	21.07
116.24	6.26
119.4	6.26
120.43	6.26
121.15	120.54
121.76	15.5
124.55	100.45
127.76	118.01
130.25	118.01
130.72	94.23
133.15	0.74
135.8	183.69
136.66	183.69
136.96	183.69
139.26	100.59
139.72	100.59
142.18	165.77
142.92	165.77
145.15	122.35
148.12	122.35
149.87	63.0
151.62	63.0
153.3	145.5
155.64	145.5
157.0	145.5
157.6	110.08
158.39	110.08
160.69	109.55
161.32	109.55
163.48	44.01
166.54	44.01
168.23	44.01
171.19	26.44
172.93	144.34
173.42	144.34
176.47	175.2
178.51	8.84
178.89	8.84
181.34	8.84
182.67	58.71
184.61	58.71
187.28	58.71
189.79	154.76
190.13	154.76
193.08	154.76
194.17	39.84
195.98	51.65
196.87	51.65
199.55	51.65
199.95	80.36
202.94	72.56
204.23	115.05
206.93	115.05
209.56	115.05
210.81	151.22
212.94	169.96
214.4	169.96
216.72	100.38
220.11	100.38
221.41	174.99
221.62	13.34
222.83	162.18
226.13	149.04
229.28	149.04
232.12	74.48
233.67	74.48
235.9	74.48
239.33	114.6
241.4	114.6
242.28	114.6
243.12	70.55
243.46	70.55
243.9	194.15
247.24	206.22
250.32	206.22
