3.19	112.21
4.48	117.83
6.13	117.83
6.57	117.83
7.63	159.42
8.41	19.53
11.48	69.35
12.41	69.35
13.68	199.32
14.24	156.84
15.62	156.84
17.06	116.1
19.52	116.1
20.27	116.1
21.78	176.68
22.92	176.68
25.87	160.6
29.28	33.26
31.04	29.59
31.43	29.59
32.88	58.07
34.64	92.25
35.81	136.5
36.89	201.79
38.03	201.79
40.26	120.06
41.46	120.06
44.48	120.06
47.76	68.01
50.08	68.01
50.28	64.55
52.65	64.55
54.59	64.55
56.61	63.74
58.58	63.74
60.99	63.74
62.5	114.85
63.01	114.85
63.4	107.86
66.68	13.51
66.8	13.51
67.42	13.51
69.1	88.29
69.35	88.29
72.67	88.29
73.33	150.77
75.55	150.77
78.24	170.57
81.02	170.57
81.17	170.57
83.79	164.55
87.22	102.97
89.92	216.46
91.2	216.46
91.72	127.26
94.52	127.26
95.09	165.55
96.09	165.55
96.48	165.55
97.76	155.39
99.68	155.39
100.71	155.39
102.31	102.74
103.98	102.74
107.29	5.45
109.57	5.45
110.49	140.05
111.51	140.05
113.84	165.35
115.81	165.35
119.14	198.92
121.91	198.92
123.56	45.94
124.16	45.94
126.72	204.83
129.01	162.78
129.92	162.78
132.15	128.65
133.2	170.68
136.53	170.68
137.28	170.68
138.72	35.45
139.69	35.45
141.24	35.45
144.23	124.6
147.49	167.55
147.79	167.55
150.46	167.55
153.01	115.54
153.14	115.54
154.48	51.11
156.84	51.11
158.05	51.11
159.84	74.05
161.49	127.88
163.93	143.48
164.39	143.48
165.29	65.91
168.2	202.33
171.35	170.42
174.28	170.42
176.44	170.42
176.63	5.74
178.77	5.74
178.9	5.74
180.09	11.64
183.48	115.31
186.33	115.31
186.89	115.31
188.23	74.59
191.24	74.59
191.95	74.59
194.17	196.39
195.39	196.39
198.15	196.39
201.39	31.24
202.86	31.24
204.68	31.24
206.62	115.04
209.17	115.04
212.21	157.72
214.69	157.72
214.89	67.68
217.07	67.68
219.18	85.34
221.97	85.34
223.64	85.34
224.58	131.61
226.15	131.61
227.01	9.72
229.83	9.72
231.33	9.72
233.11	21.91
235.25	21.91
236.45	52.08
239.0	81.57
242.01	81.57
243.95	139.77
246.3	139.77
248.62	139.77
251.47	197.41
