0.95	210.9
4.26	210.9
7.06	210.9
9.24	70.73
12.73	70.73
14.88	70.73
18.11	156.05
20.4	171.74
22.22	171.74
25.7	171.74
26.86	208.33
27.31	132.7
30.15	132.7
30.73	21.79
32.87	21.79
36.07	21.79
38.43	87.57
40.72	40.46
43.83	40.46
45.71	40.46
46.02	149.69
46.65	149.69
49.22	156.2
50.33	156.2
53.37	122.07
56.21	174.85
58.13	174.85
59.91	37.32
60.21	198.89
62.29	82.44
64.21	219.16
66.09	219.16
67.43	219.16
70.4	17.37
72.72	17.37
75.37	17.37
76.74	111.58
79.93	21.65
80.19	21.65
83.6	21.65
86.87	46.0
89.94	46.0
92.69	137.1
94.28	137.1
94.62	137.1
97.48	188.1
98.09	188.1
100.95	188.1
103.8	55.22
104.04	55.22
104.24	55.22
107.11	100.28
107.25	100.28
108.47	100.28
109.46	191.31
111.91	180.87
112.54	184.9
114.81	184.9
115.34	184.9
115.84	106.35
116.37	106.35
119.68	106.35
123.0	46.39
125.07	46.39
126.62	46.39
127.14	37.07
127.36	37.07
129.31	91.32
129.54	91.32
132.47	189.91
134.47	189.91
135.38	32.42
137.48	32.42
140.44	32.42
143.33	94.79
143.64	8.2
144.87	8.2
147.27	78.42
149.05	81.53
151.03	81.53
153.86	81.53
154.21	95.77
157.26	95.77
160.41	95.77
160.95	41.25
162.33	41.25
163.4	41.25
166.71	49.06
168.9	49.06
169.48	49.06
169.79	195.34
172.36	195.34
173.3	195.34
176.33	95.12
176.82	95.12
179.07	95.12
179.86	53.76
182.35	200.78
185.15	200.78
187.81	23.56
189.51	81.87
189.96	81.87
192.62	81.87
195.72	147.0
198.57	184.26
200.55	22.3
201.4	100.69
201.86	100.69
204.33	88.15
204.46	88.15
207.19	88.15
210.57	116.27
212.64	151.75
215.06	109.35
216.42	109.35
219.36	191.41
221.7	125.06
223.71	125.06
225.13	123.18
226.1	123.18
229.23	123.18
229.99	129.48
231.55	129.48
234.08	89.72
236.82	89.72
238.02	97.54
240.76	97.54
243.61	150.87
246.73	150.87
248.7	129.04
251.45	215.1
