1.89	122.41
2.2	122.41
4.72	122.41
5.95	202.03
6.66	202.03
6.84	202.03
9.71	118.85
10.12	118.85
11.8	118.85
14.33	143.43
16.06	143.43
16.79	38.32
20.15	38.32
22.4	38.32
24.47	111.01
27.05	111.01
27.97	111.01
28.63	184.16
30.5	184.16
33.65	184.16
34.0	151.75
35.38	151.75
37.76	151.75
40.76	210.48
41.18	219.59
41.84	94.21
42.31	94.21
45.33	200.99
46.82	200.99
49.6	200.99
50.72	220.97
52.22	220.97
53.57	78.43
56.8	78.43
60.29	78.43
62.74	90.63
65.95	71.5
67.9	71.5
71.13	220.94
72.3	220.94
74.94	220.94
75.54	143.1
75.78	143.1
78.87	217.31
81.79	217.31
83.84	93.5
84.82	93.5
85.51	135.36
86.01	18.08
86.46	171.4
87.67	171.4
90.51	53.87
92.3	53.87
93.95	171.19
95.34	172.6
96.2	201.0
96.99	170.45
98.36	170.45
100.67	170.45
101.07	82.47
103.34	111.59
104.46	111.59
106.51	97.95
108.97	24.85
109.55	52.24
111.0	187.65
112.82	187.65
113.15	214.38
114.95	214.38
115.5	180.55
116.68	180.55
119.79	105.16
121.87	105.16
125.35	105.16
125.76	214.74
127.62	214.74
129.26	214.74
129.89	86.56
132.84	86.56
135.47	86.56
137.92	95.53
140.16	95.53
141.4	100.76
144.68	171.45
145.28	171.45
145.88	6.65
147.62	192.63
148.42	192.63
150.55	192.63
153.61	208.58
156.31	107.32
157.05	134.21
158.84	134.21
158.97	141.42
161.5	180.37
162.69	180.37
165.93	180.37
167.8	163.96
169.68	163.96
170.63	183.5
171.62	183.5
172.38	183.5
173.71	4.66
176.36	4.66
178.77	150.08
180.19	150.08
180.39	150.08
182.63	149.65
183.12	149.65
185.6	41.35
186.24	41.35
188.06	32.66
190.15	32.66
193.09	8.97
193.7	2.02
196.87	2.02
198.69	2.02
201.26	133.93
201.79	133.93
203.26	207.16
206.18	207.16
206.72	133.71
208.13	133.71
209.0	133.71
210.76	220.34
212.88	220.03
213.6	65.45
214.58	65.45
216.03	65.45
218.32	22.65
219.05	27.53
221.69	105.58
222.86	105.58
224.74	105.58
225.4	83.71
227.63	83.71
230.15	24.78
231.55	143.29
233.4	180.66
235.14	180.66
235.76	131.17
238.09	94.69
239.78	56.41
240.48	78.87
243.83	187.09
246.56	36.2
248.63	213.12
251.57	213.12
