2.06	205.79
2.53	205.79
3.01	205.79
4.2	182.72
4.43	182.72
4.77	182.72
5.91	176.59
8.62	4.59
8.9	4.59
10.36	4.59
12.46	132.15
13.42	132.15
14.23	118.35
16.65	118.35
17.57	118.35
20.35	126.96
23.71	126.96
24.75	126.96
27.23	123.22
29.85	123.22
32.02	123.22
35.43	101.01
37.7	101.01
39.68	206.83
43.11	152.28
43.81	152.28
44.17	152.28
45.91	139.03
47.9	139.03
49.71	139.03
52.08	156.57
54.82	156.57
57.02	78.08
57.47	78.08
59.11	216.99
60.21	216.99
62.88	216.99
65.46	160.36
65.77	160.36
67.98	160.36
71.02	185.49
72.42	185.49
74.79	151.48
76.38	151.48
78.92	82.27
81.55	82.27
83.66	167.75
85.12	167.75
85.81	62.29
87.24	62.29
90.38	62.29
91.24	0.63
94.1	0.63
95.62	0.63
96.14	67.84
99.44	67.84
99.7	67.84
101.55	123.18
103.86	123.18
106.36	123.18
106.73	213.06
107.17	213.06
108.96	4.09
110.77	4.09
111.79	127.25
114.85	127.25
115.22	162.4
115.51	162.4
115.9	162.4
116.89	109.81
117.55	109.81
119.37	109.81
121.11	81.69
123.08	81.69
126.13	120.92
127.42	120.92
127.63	146.43
130.12	185.26
131.54	122.3
132.22	103.97
132.39	111.47
132.51	15.23
133.81	15.23
136.45	135.72
139.83	135.72
140.97	117.8
141.55	117.8
144.97	30.4
145.17	30.4
148.36	67.54
149.42	67.54
150.12	189.2
153.34	189.2
156.69	189.2
157.24	124.09
157.72	124.09
160.09	124.09
161.12	164.2
163.19	198.0
163.86	198.0
167.31	198.0
170.78	166.64
171.07	166.64
172.7	166.64
173.26	19.55
174.43	19.55
175.47	19.55
176.1	29.18
177.23	203.5
179.33	203.5
182.78	203.5
185.96	134.24
187.47	8.53
189.43	128.54
190.28	128.54
191.48	128.54
192.37	99.79
194.76	99.79
197.8	99.79
199.07	204.13
200.49	204.13
201.3	137.46
204.33	137.46
206.89	112.33
210.04	112.33
210.33	112.33
213.29	132.62
214.65	132.62
216.97	31.73
217.96	144.22
220.84	144.22
222.05	16.73
222.18	73.26
224.05	73.26
225.4	108.51
225.63	108.51
227.71	7.08
229.27	31.32
230.39	31.32
233.89	31.32
234.98	72.05
235.8	72.05
237.61	105.43
238.41	105.43
239.75	176.35
243.14	176.35
245.16	176.35
246.76	81.26
247.34	81.26
247.45	81.26
247.91	123.42
250.63	66.08
