0.93	59.14
3.77	59.14
5.98	130.21
8.73	197.4
9.24	197.4
11.26	197.4
13.68	15.38
14.76	167.03
17.09	167.03
19.24	167.03
19.37	71.77
19.81	71.77
21.02	71.77
23.97	207.26
27.08	88.13
30.23	88.13
33.35	148.91
35.8	148.91
38.25	148.91
41.57	120.94
44.27	120.94
44.57	120.94
45.58	44.3
45.86	44.3
49.25	41.36
49.36	41.36
51.96	58.12
54.29	58.12
56.52	8.95
59.47	49.2
59.6	49.2
61.9	28.71
64.3	28.71
67.31	195.95
68.53	195.95
70.93	195.95
71.1	83.35
71.92	83.35
74.35	139.57
75.82	139.57
76.97	196.48
79.67	196.48
80.42	65.33
81.53	65.33
81.78	65.33
83.69	178.03
86.67	178.03
89.8	89.59
90.48	106.8
91.99	138.58
93.5	138.58
94.55	138.58
94.9	44.4
96.36	44.4
99.67	216.68
100.22	216.68
103.71	216.68
105.33	24.33
107.11	24.33
109.78	24.33
110.48	124.6
113.37	207.55
115.26	207.55
115.65	207.55
119.11	6.33
119.35	6.33
120.26	158.54
122.33	187.78
122.68	187.78
123.67	187.78
126.99	114.5
127.97	114.5
130.32	4.12
132.25	81.12
134.88	81.12
136.75	81.12
138.0	178.34
138.12	178.34
139.2	141.99
142.07	216.75
144.33	216.75
147.28	6.94
149.71	6.94
149.86	6.94
150.43	175.46
153.61	163.05
155.79	163.05
157.88	163.05
159.76	107.94
159.93	199.16
163.4	199.16
166.65	199.16
167.1	220.64
170.32	220.64
171.66	220.64
173.23	95.38
176.41	95.38
178.22	95.94
181.44	189.7
182.21	189.7
185.65	189.7
186.5	156.51
189.69	156.51
190.12	27.53
190.42	27.53
193.6	27.53
195.8	96.82
196.07	168.63
199.19	168.63
201.6	83.71
204.51	83.71
205.21	83.71
206.88	103.61
209.29	146.89
212.32	84.49
214.58	84.49
215.56	141.29
216.99	141.29
218.23	74.78
221.64	5.93
224.26	20.79
226.82	152.89
229.5	152.89
232.81	91.38
235.47	91.38
237.09	175.53
239.58	175.53
241.41	175.53
244.36	155.09
247.25	155.09
247.36	139.28
250.43	139.28
