0.3	155.01
2.95	155.01
5.95	187.25
7.02	133.46
7.99	101.7
11.21	101.7
12.81	101.7
13.78	172.62
15.73	172.62
18.1	142.86
20.05	142.86
23.24	142.86
25.04	25.9
27.99	55.03
28.48	169.91
29.78	189.12
32.82	189.12
34.02	171.82
34.56	171.82
36.26	63.27
39.23	63.27
41.71	56.89
44.05	64.46
45.23	64.46
48.21	64.46
49.86	87.52
50.71	115.08
53.15	115.08
56.39	115.08
59.06	142.07
59.44	104.61
62.32	186.26
63.38	186.26
63.5	63.43
66.89	63.43
68.86	63.43
69.73	51.63
71.94	61.56
74.93	61.56
75.13	61.56
76.22	198.42
78.59	198.42
79.47	25.87
82.81	163.36
85.67	163.36
86.76	163.36
88.91	132.52
89.11	6.67
91.65	6.67
91.75	6.67
93.42	147.51
95.32	147.51
97.08	157.42
100.43	157.42
103.21	177.38
105.8	177.38
107.74	210.08
108.18	136.77
109.39	136.77
111.44	108.29
112.89	108.29
114.49	176.38
116.65	176.38
117.75	170.87
118.54	158.95
120.49	158.95
123.88	59.09
124.13	92.76
124.79	92.76
125.17	52.12
126.5	52.12
129.77	100.66
132.56	100.66
133.43	100.66
134.31	210.46
137.44	210.46
139.78	210.46
140.53	193.22
143.62	103.33
144.67	103.33
145.43	103.33
146.53	9.7
149.49	88.17
151.24	88.17
153.76	27.97
154.78	27.97
157.81	93.09
158.08	201.3
160.34	201.3
162.63	201.3
163.2	168.73
166.18	168.73
168.11	168.73
170.64	196.92
172.44	23.29
174.22	187.45
174.96	201.17
177.45	201.17
178.61	201.17
178.98	116.71
180.3	116.71
182.23	95.33
183.93	85.4
184.25	84.89
186.38	199.17
188.59	199.17
189.52	86.85
189.85	86.85
190.85	86.85
190.98	42.53
191.47	212.38
193.49	212.38
195.19	212.38
196.78	50.87
198.04	50.87
198.6	50.87
200.09	116.54
203.57	116.54
205.3	116.54
206.22	68.77
208.49	68.77
210.4	66.46
211.83	172.28
212.9	172.28
214.28	215.88
216.32	215.88
217.84	215.88
219.17	63.91
220.94	83.44
221.7	98.39
223.84	98.39
225.6	215.1
226.86	215.1
227.82	55.76
228.99	55.76
231.25	55.76
234.28	111.32
234.53	189.9
236.2	189.9
238.92	17.0
241.37	17.0
242.56	17.0
243.65	31.66
246.43	31.66
248.46	31.66
250.22	22.96
