0.23	14.03
3.55	14.03
4.16	14.03
4.5	50.14
5.07	50.14
6.41	75.58
8.78	75.58
11.24	91.76
13.92	91.76
15.17	220.48
18.13	220.48
19.33	82.69
22.41	84.1
23.13	5.55
24.82	5.55
28.11	5.55
29.18	98.23
29.99	134.59
31.04	212.94
32.15	212.94
33.9	99.04
35.93	99.04
36.37	184.47
39.26	184.47
41.54	115.47
44.23	115.47
47.45	115.47
49.44	212.07
51.88	212.07
54.86	212.07
57.21	159.54
59.72	105.7
61.52	105.7
62.33	28.17
63.89	28.17
67.09	28.17
70.13	207.53
71.74	151.13
73.32	26.68
75.03	26.68
75.56	67.3
78.64	67.3
80.68	61.43
83.69	206.16
83.9	206.16
87.09	219.28
87.75	219.28
90.08	214.52
93.37	107.51
95.28	107.51
97.04	107.51
98.91	198.9
100.83	198.9
103.89	198.9
107.02	6.94
108.91	6.94
111.63	77.79
111.85	77.79
113.16	77.79
116.06	138.33
119.07	0.43
121.44	128.6
122.67	128.6
125.38	128.6
127.06	146.47
128.51	146.47
129.33	22.79
129.78	22.79
132.2	22.79
134.65	121.34
134.89	121.34
136.84	142.18
138.2	206.51
140.0	206.51
141.47	206.51
142.48	40.84
144.43	9.55
146.75	9.55
147.85	45.96
149.41	45.96
151.02	45.96
153.78	210.61
154.15	210.61
156.46	210.61
159.41	89.1
161.31	202.36
164.21	202.36
166.87	202.36
167.59	74.25
168.41	74.25
169.68	125.7
170.85	125.7
174.26	198.96
176.69	198.96
179.73	128.05
179.98	120.94
183.12	120.94
185.81	160.99
186.37	160.99
187.8	81.34
189.53	81.34
191.61	81.34
193.73	9.74
197.1	9.74
200.5	152.5
202.01	189.05
203.08	136.41
205.53	136.41
206.64	85.53
207.28	85.53
209.33	77.58
209.68	194.14
211.04	194.14
212.29	194.14
212.52	29.27
215.75	44.54
218.19	44.54
220.64	24.71
222.89	112.62
224.18	112.62
226.18	112.62
228.55	178.16
231.18	178.16
232.62	178.16
235.37	215.91
238.2	215.91
241.69	132.55
242.99	132.55
245.02	28.58
245.24	28.58
246.86	145.29
248.58	169.37
250.94	169.37
