1.01	65.19
2.43	65.19
5.16	65.19
7.23	89.99
10.03	154.31
11.84	154.31
13.25	159.87
15.82	159.87
16.09	159.87
19.38	76.55
22.48	76.55
24.57	48.49
26.72	48.49
28.16	199.63
29.49	82.76
30.51	82.76
30.81	220.0
31.8	220.0
34.94	220.0
38.4	59.51
41.63	59.51
43.75	179.12
45.7	166.04
47.68	165.08
50.9	137.21
52.6	137.21
54.76	81.06
57.96	41.36
59.69	53.83
59.8	53.83
60.47	53.83
62.73	165.09
64.07	165.09
65.44	165.09
66.72	17.91
69.18	17.91
71.39	56.85
74.66	56.85
77.02	100.19
78.56	154.08
80.1	154.08
82.22	154.08
85.11	78.57
87.37	78.57
88.9	78.57
89.6	56.05
91.29	56.05
94.38	21.89
94.5	21.89
96.95	82.8
97.19	82.8
97.41	82.8
97.95	130.3
99.49	130.3
102.17	130.3
103.16	219.36
104.4	219.36
106.36	142.85
108.23	14.34
110.54	215.29
111.93	215.29
113.2	215.29
115.93	0.32
117.18	0.32
118.49	176.2
119.67	126.41
122.04	126.41
122.92	54.95
124.45	94.08
125.01	7.77
127.97	7.77
131.21	7.77
133.6	72.31
135.31	72.31
138.26	72.31
139.06	39.28
139.78	39.28
142.16	159.16
144.51	159.16
146.48	171.77
148.88	171.77
152.36	171.77
154.08	148.87
156.97	124.2
158.03	124.2
159.91	211.91
162.73	211.91
163.12	207.86
165.76	207.86
166.62	195.72
169.66	201.46
173.05	201.46
174.57	185.95
176.24	133.63
177.75	133.63
178.89	133.63
182.27	100.1
183.4	100.1
183.68	128.29
186.01	128.29
189.03	128.29
190.31	130.94
191.07	130.94
193.82	130.94
194.08	59.7
196.03	59.7
197.47	143.89
199.25	143.89
202.72	171.79
204.13	56.57
207.08	56.57
207.64	56.57
210.31	34.35
213.17	34.35
216.09	34.35
218.36	134.1
221.48	134.1
223.73	213.59
226.06	108.92
228.44	108.92
229.39	108.92
231.91	145.79
234.09	145.79
235.93	33.95
239.18	33.95
242.35	183.82
245.34	102.83
248.42	178.18
250.76	178.18
