1.03	20.19
4.41	20.19
4.9	165.82
6.27	165.82
8.56	165.11
11.06	165.11
12.66	165.11
12.89	68.14
14.27	68.14
16.51	19.4
17.38	19.4
20.35	204.97
21.99	204.97
24.06	204.97
24.57	55.67
27.47	146.02
27.81	196.3
29.01	196.3
31.68	51.95
32.22	51.95
34.23	51.95
34.67	24.46
37.14	24.46
39.16	24.46
42.18	177.25
43.33	177.25
46.44	177.25
46.69	68.75
48.32	68.75
50.03	68.75
50.32	161.52
51.56	161.52
52.33	161.52
52.5	150.39
52.86	167.23
53.98	150.37
56.68	150.37
57.11	25.49
59.73	25.49
62.08	152.43
65.2	152.43
67.24	69.33
69.07	69.33
71.12	69.33
71.39	46.77
74.33	46.77
74.75	46.77
75.65	57.13
76.44	57.13
79.62	57.13
80.74	164.51
82.77	164.51
84.39	54.41
85.37	54.41
86.63	168.79
89.38	138.6
89.7	138.6
91.69	138.6
92.55	1.51
93.93	1.51
95.39	1.51
95.86	219.81
98.26	219.81
98.36	27.28
98.52	27.28
100.24	27.28
102.54	129.33
104.37	152.05
107.78	152.05
109.98	152.05
111.69	127.55
113.12	127.55
114.06	130.93
116.64	216.97
119.98	150.33
120.2	150.33
120.93	172.53
121.72	172.53
124.55	172.53
126.92	78.67
129.42	78.67
132.81	78.67
135.35	19.73
137.82	163.78
138.09	163.78
140.75	163.78
143.85	51.51
146.3	51.51
147.81	51.51
150.0	41.89
151.43	41.89
153.27	170.18
154.07	204.0
156.62	204.0
158.07	204.0
159.51	103.87
160.87	103.87
163.66	103.87
164.39	148.12
167.27	148.12
170.73	61.47
173.4	78.18
176.22	192.51
176.7	192.51
176.93	48.6
179.42	9.21
180.37	9.21
181.58	178.16
184.9	178.16
185.57	178.16
186.28	18.17
189.19	18.17
189.55	175.35
190.38	44.72
192.05	44.72
195.19	44.72
195.8	53.76
198.99	53.76
199.44	9.21
202.09	9.21
203.87	77.23
205.77	45.06
207.38	45.06
209.07	101.22
209.37	101.22
212.01	101.22
212.75	145.47
213.1	145.47
214.29	118.33
215.87	118.33
216.33	118.33
218.63	111.44
222.12	111.44
223.86	153.85
224.81	153.85
225.18	153.85
227.62	140.11
230.56	140.11
232.94	140.11
234.77	31.34
235.04	121.84
236.85	166.95
238.05	166.95
239.01	166.95
239.13	123.58
241.55	123.58
241.91	123.58
244.08	148.53
246.08	148.53
248.29	148.53
251.33	215.15
