2.5	120.41
5.74	120.41
8.86	120.41
11.77	26.38
12.58	26.38
15.0	26.38
15.21	136.99
16.09	125.05
17.21	87.27
17.54	33.62
17.81	33.62
20.86	23.56
22.46	13.88
22.66	13.88
24.7	83.08
26.16	83.08
27.84	83.25
28.08	99.91
28.21	99.91
29.94	128.37
31.5	128.37
32.13	128.37
33.98	89.54
35.8	184.99
38.57	55.53
40.59	147.78
43.88	147.78
45.06	155.6
47.7	155.6
51.02	19.85
51.89	19.85
52.84	13.94
53.79	13.94
54.43	13.94
55.92	0.79
56.69	145.5
59.3	145.5
60.67	56.76
61.57	177.91
64.82	177.91
67.54	177.91
69.45	8.26
72.0	38.09
72.2	35.9
73.13	35.9
73.94	98.43
74.99	98.43
77.76	151.66
79.71	151.66
82.33	151.66
83.76	88.46
86.01	88.46
89.46	24.1
91.03	24.1
91.24	24.1
94.29	210.95
94.82	210.95
96.19	53.51
96.84	53.51
99.6	154.56
101.04	154.56
102.54	20.23
105.33	20.23
106.05	20.23
108.04	26.12
108.44	10.64
109.17	10.64
110.55	10.64
111.62	198.53
112.88	31.84
113.13	31.84
116.14	31.84
118.2	170.3
119.19	170.3
122.24	170.3
123.55	73.64
123.7	73.64
124.11	21.36
126.92	34.33
127.67	34.33
129.43	127.68
131.33	127.68
132.7	146.25
133.16	146.25
134.38	33.97
136.44	33.97
137.71	8.7
139.53	8.7
141.75	8.7
144.84	4.86
146.54	4.86
146.88	4.86
149.98	150.9
151.59	150.9
152.72	150.9
155.46	177.29
156.34	166.94
158.96	166.94
159.62	167.67
160.36	167.67
161.96	56.13
162.7	52.74
165.09	52.74
168.47	122.64
170.91	122.64
171.56	202.62
174.31	218.7
177.06	161.76
179.7	143.92
181.24	186.33
181.53	186.33
184.15	215.12
184.87	215.12
185.95	215.12
189.02	152.33
191.39	152.33
191.88	152.33
194.28	93.99
194.84	143.02
195.4	61.5
195.66	61.5
198.25	61.5
198.51	185.84
198.95	185.84
200.85	136.57
202.89	136.57
204.41	136.57
206.07	53.66
208.67	53.66
211.37	53.66
212.3	30.21
215.44	189.06
217.43	18.28
219.88	66.94
220.19	66.94
223.26	105.9
224.42	105.9
225.9	105.9
226.55	128.03
227.47	128.03
229.96	179.56
231.22	179.56
233.09	179.56
235.8	131.01
239.19	131.01
242.15	131.01
243.23	90.05
245.66	90.05
247.25	90.05
247.43	3.31
248.84	209.81
249.05	209.81
249.62	209.81
252.32	178.15
