1.61	90.39
2.43	147.41
3.57	147.41
6.4	112.4
9.72	13.9
11.9	13.9
12.16	13.9
13.28	155.92
14.26	155.92
15.11	46.69
18.23	46.69
21.22	46.69
24.29	70.39
25.24	70.39
27.86	206.3
30.72	206.3
30.95	108.37
33.62	108.37
36.3	108.37
38.17	4.02
40.48	4.02
41.06	201.54
41.71	201.54
44.43	15.5
44.85	15.5
45.33	118.51
45.83	70.26
46.76	50.86
49.12	50.86
51.54	50.86
53.75	108.96
54.33	43.06
55.14	213.61
57.36	213.61
60.44	213.61
63.08	165.98
65.67	203.79
68.83	203.79
70.52	203.79
71.23	20.45
73.01	121.55
75.13	142.64
76.55	142.64
77.74	60.66
79.06	171.24
80.35	171.24
80.56	3.43
82.49	12.79
82.79	12.79
85.33	12.79
88.31	110.44
90.07	18.16
93.19	18.16
95.56	18.16
95.88	130.45
96.99	130.45
98.78	129.38
100.83	217.97
101.12	217.97
103.7	66.82
106.38	59.69
107.89	59.69
109.16	59.69
109.54	102.69
109.91	102.69
111.94	102.69
114.33	204.3
116.92	175.15
119.69	175.15
122.3	11.07
124.44	78.78
125.35	117.93
125.8	182.11
126.7	88.13
129.58	186.45
132.02	186.45
132.6	186.45
134.13	178.34
134.83	16.32
135.11	72.3
135.35	72.3
135.47	72.3
136.22	70.07
137.66	70.07
139.33	70.07
142.43	203.39
145.22	83.8
147.07	180.11
149.58	180.11
152.62	145.38
156.07	145.38
158.22	219.07
159.98	92.64
160.95	92.64
161.77	92.64
163.68	107.88
164.4	107.88
167.58	161.45
170.63	161.45
171.5	196.33
173.01	7.59
173.15	7.59
175.83	117.89
176.72	117.89
177.25	41.45
180.58	41.45
182.29	41.45
182.63	39.17
183.2	39.17
184.12	39.17
186.57	208.5
187.71	208.5
188.95	46.09
189.23	46.09
190.26	46.09
190.61	109.43
191.54	109.43
192.82	109.43
195.62	193.8
196.51	193.8
199.41	193.8
201.81	67.47
202.35	18.77
205.15	18.77
207.96	18.77
210.11	138.04
212.93	138.04
215.7	185.18
217.43	185.18
218.01	185.18
220.81	160.0
222.63	160.0
225.85	48.84
228.84	49.16
230.22	49.16
232.99	49.16
235.72	147.28
236.47	142.6
236.63	142.6
239.06	142.6
242.07	44.4
242.79	44.4
244.79	203.17
245.5	143.7
246.58	7.62
247.06	7.62
248.01	86.37
248.29	86.37
251.03	86.37
