2.74	76.89
5.86	76.89
7.28	76.89
9.91	201.23
10.27	201.23
11.2	201.23
11.82	137.35
14.1	137.35
17.59	183.83
21.07	70.0
22.17	70.0
23.49	129.83
24.93	67.2
26.95	67.2
28.41	56.65
30.6	56.65
32.38	219.8
35.19	219.8
36.03	219.8
36.17	39.42
39.32	161.01
41.11	125.2
43.69	164.88
45.06	164.88
46.83	103.58
48.66	103.58
49.83	80.31
53.19	80.31
53.89	183.23
55.24	183.23
57.94	18.03
58.61	18.03
59.71	128.31
62.43	128.31
65.58	128.31
67.02	77.26
68.19	77.26
70.81	5.36
73.34	40.89
74.05	40.89
75.43	40.89
78.1	65.82
78.25	65.82
81.42	65.82
83.97	168.22
84.62	168.22
85.42	139.27
86.8	139.27
89.02	216.61
89.49	216.61
90.31	139.08
93.65	139.08
95.61	139.08
96.35	150.68
97.36	150.68
100.27	150.68
102.0	86.32
104.14	86.32
107.0	86.32
108.77	123.04
109.79	41.17
112.26	41.17
113.89	50.74
114.21	50.74
115.91	43.97
118.67	194.4
120.71	194.4
121.87	55.91
123.91	213.75
127.33	213.75
129.15	213.75
130.03	207.38
131.95	207.38
132.11	64.95
133.33	64.95
134.98	153.24
136.99	96.21
138.68	96.21
139.1	115.3
140.46	115.3
142.58	115.3
142.87	3.79
144.14	3.79
145.25	72.7
146.19	140.86
149.38	140.86
152.03	140.86
154.61	193.62
156.27	193.62
159.74	41.11
163.0	149.03
165.91	35.77
169.04	35.77
172.35	35.77
175.39	72.92
177.77	72.92
180.26	219.89
183.09	124.8
184.87	124.8
186.57	126.93
189.49	194.69
190.03	194.69
190.35	194.69
193.08	142.01
194.44	92.15
195.66	165.02
196.58	73.03
199.88	73.03
202.53	73.03
205.68	153.7
207.0	153.7
209.05	153.7
212.39	166.6
214.52	166.6
217.52	114.42
220.88	194.68
223.01	194.68
225.43	190.66
226.53	190.66
226.72	15.29
229.62	110.03
229.88	110.03
232.51	163.68
235.26	163.68
236.2	163.68
238.71	76.53
239.51	60.15
242.68	60.15
243.27	60.15
245.81	16.92
246.03	16.92
247.34	169.75
248.54	112.24
250.3	107.07
