1.93	9.52
2.09	9.52
3.49	71.83
5.26	195.03
7.65	195.03
8.51	178.83
11.09	178.83
11.75	200.82
14.31	139.79
17.71	139.79
18.69	185.83
19.66	185.83
19.96	185.83
22.41	142.99
23.41	32.41
24.0	32.41
24.47	32.41
24.64	179.23
27.85	192.87
28.49	192.87
31.58	106.12
32.15	106.12
34.28	106.12
34.83	124.93
37.03	35.14
38.15	194.38
39.0	192.89
42.23	130.75
43.44	130.75
43.54	141.35
44.8	141.35
46.27	83.38
48.37	83.38
49.18	133.19
52.67	133.19
55.33	185.07
57.84	185.07
60.32	91.34
61.06	107.51
62.66	88.15
66.15	88.15
66.91	2.35
69.86	2.35
73.21	2.35
74.01	73.67
76.83	73.67
80.24	175.85
83.59	175.85
84.47	16.48
86.95	186.84
88.39	186.84
91.19	24.04
92.08	32.13
95.3	32.13
97.8	38.89
98.07	14.95
98.19	122.88
100.96	122.88
101.16	94.18
104.23	94.18
105.19	148.93
107.84	188.55
108.66	69.83
111.28	89.84
111.45	89.84
114.06	128.33
114.74	128.33
116.27	132.24
118.95	132.24
121.04	67.02
124.15	67.02
124.53	67.02
124.72	56.78
126.88	56.78
129.61	11.23
130.65	46.87
133.34	46.87
135.1	46.87
137.42	217.12
138.48	163.87
139.71	163.87
142.27	151.27
144.44	151.27
147.57	151.27
148.35	118.61
148.56	100.32
151.68	100.32
153.76	100.32
155.62	11.32
156.15	214.15
159.14	214.15
162.06	214.15
163.69	30.53
164.49	30.53
165.26	37.76
167.11	33.01
168.58	186.44
171.97	186.44
174.64	163.38
175.28	14.56
177.3	14.56
179.66	198.83
180.92	198.83
181.75	198.83
184.73	70.08
185.89	195.15
189.01	195.15
191.49	55.51
193.95	74.95
194.13	74.95
194.58	9.84
195.89	149.07
199.29	149.07
200.19	9.93
200.55	108.93
201.95	108.93
202.81	19.03
203.71	32.74
205.87	32.74
208.38	32.74
209.45	184.16
212.15	110.87
213.78	110.87
214.95	220.65
218.18	180.84
219.25	180.84
222.01	4.46
222.99	151.24
225.72	151.24
226.78	151.24
228.0	16.28
230.64	16.28
233.22	135.18
234.21	135.18
236.13	132.32
237.71	23.02
238.79	23.02
240.82	23.02
242.94	174.35
243.23	87.43
243.72	141.01
245.01	141.01
248.46	73.82
249.22	73.82
252.41	73.82
