3.25	53.64
4.08	53.64
7.0	53.64
7.58	35.72
10.43	35.72
13.67	35.72
14.06	66.29
14.58	66.29
15.67	66.29
17.68	205.81
20.98	87.94
23.01	87.94
26.5	87.94
27.87	84.37
28.48	84.37
28.97	84.37
32.1	116.52
33.26	116.52
36.57	84.2
38.98	84.2
41.01	172.99
42.89	93.43
46.2	78.63
48.12	78.63
50.14	78.63
51.68	142.58
51.86	142.58
53.14	142.58
55.57	42.72
56.38	42.72
59.15	87.71
62.46	87.71
62.62	127.45
63.13	141.68
64.75	141.68
67.71	142.7
71.11	142.7
72.64	142.7
75.34	85.9
76.31	85.9
77.99	150.16
78.95	150.16
80.12	150.16
81.03	217.98
82.81	217.98
84.54	217.98
86.41	22.81
88.66	22.81
89.26	122.97
90.04	122.97
90.53	198.46
92.15	165.75
93.03	165.75
95.77	186.09
96.6	186.09
100.06	186.09
100.69	84.7
102.32	84.7
105.62	108.67
106.63	42.67
108.28	111.28
108.61	51.39
110.32	178.05
113.57	178.05
114.05	121.9
116.16	94.59
117.34	86.25
119.48	86.25
120.97	86.25
124.11	196.6
124.47	196.6
126.15	196.6
127.84	109.85
128.46	109.85
131.87	109.85
132.99	27.23
135.58	27.23
138.95	55.09
139.55	55.09
142.33	98.46
143.7	98.46
146.5	98.46
149.71	114.67
152.12	114.67
153.32	26.23
154.53	26.23
157.57	132.08
159.67	132.08
161.71	132.08
161.99	26.08
162.37	26.08
164.0	101.48
165.77	101.48
168.72	101.48
171.88	27.55
175.07	27.55
177.87	132.8
180.94	186.33
183.87	186.33
184.99	186.33
185.76	123.96
187.43	123.96
188.41	123.96
189.86	68.22
190.06	68.22
193.17	68.22
193.85	23.17
196.02	95.9
197.45	95.9
197.64	204.93
198.62	204.93
200.13	204.93
200.83	196.19
204.02	73.52
205.08	73.52
208.09	154.0
209.17	154.0
211.1	154.0
211.46	216.71
212.64	216.71
214.8	216.71
217.29	5.64
219.48	5.64
219.65	119.82
221.91	119.82
222.21	119.82
225.62	83.41
228.78	83.41
230.45	43.02
233.4	43.02
233.94	43.02
237.1	215.99
239.15	110.96
239.25	109.16
241.42	84.06
243.7	84.06
245.58	84.06
248.12	45.9
251.08	45.9
