1.56	87.07
2.3	87.07
3.18	102.0
5.99	111.01
7.79	116.84
10.83	103.71
13.95	103.71
16.12	205.19
16.9	205.32
19.39	117.84
20.25	39.52
22.7	39.52
24.51	39.52
26.99	40.09
30.36	40.09
30.52	40.09
32.85	190.85
33.22	78.24
35.65	48.26
39.14	48.26
41.81	48.26
42.02	85.96
43.81	85.96
45.1	203.8
47.75	203.8
48.65	203.8
49.98	1.89
51.96	1.89
55.24	1.89
56.93	58.6
57.62	58.6
60.1	164.34
61.57	164.34
64.37	164.34
67.14	49.41
69.39	49.41
71.83	49.41
74.91	8.75
76.59	8.75
77.5	191.48
78.17	37.56
79.05	37.56
80.15	141.16
83.61	141.16
85.66	141.16
86.3	198.69
88.81	198.69
89.83	53.17
92.83	53.17
95.66	150.9
98.6	150.9
101.52	29.82
101.85	76.11
104.55	76.11
106.59	43.55
107.16	159.87
109.1	159.87
110.53	201.16
113.79	201.16
114.84	201.16
118.31	158.77
120.27	158.77
122.75	158.77
123.73	127.06
124.67	42.26
126.29	50.55
127.36	199.42
130.81	199.42
132.26	199.42
134.88	129.43
136.26	129.43
139.52	129.43
141.75	57.16
143.73	57.16
144.67	74.1
146.61	180.12
149.75	180.12
152.41	180.12
153.55	135.85
156.59	135.85
158.76	99.46
161.21	99.46
163.54	209.42
166.45	209.42
168.76	28.66
169.53	28.66
169.85	28.66
170.36	139.09
170.94	139.09
172.95	4.7
173.79	4.7
177.26	4.7
180.05	220.8
181.86	220.8
183.52	220.8
185.92	143.39
187.2	143.39
190.24	143.39
193.19	94.69
196.49	94.69
198.42	94.69
198.68	66.75
199.07	66.75
202.06	134.41
204.89	173.2
205.0	218.96
206.92	218.96
208.75	4.42
208.92	4.42
210.73	4.42
211.31	123.43
214.56	22.4
216.92	22.4
217.86	22.4
219.79	58.34
221.71	58.34
224.53	58.34
226.05	149.48
227.35	149.48
230.22	149.48
233.52	13.75
236.42	13.75
238.46	60.52
241.92	60.52
244.61	60.52
244.78	209.08
247.6	209.08
249.68	209.08
250.94	62.91
