0.22	16.97
3.46	10.51
6.62	10.51
7.16	10.51
8.76	207.4
11.85	207.4
14.85	207.4
15.24	33.63
16.37	33.63
16.83	173.93
18.48	173.93
20.4	79.7
21.72	79.7
22.48	79.7
22.84	60.3
23.72	60.3
24.91	56.2
25.07	56.2
27.08	56.2
30.45	92.46
32.92	92.46
35.87	92.46
36.8	101.83
40.09	190.05
40.92	190.05
44.32	93.59
47.02	172.26
49.82	172.26
51.32	172.26
53.71	95.34
56.03	95.34
58.44	95.34
59.84	137.13
60.44	46.7
62.57	139.36
64.65	139.36
66.87	139.36
69.52	167.44
71.8	167.44
72.66	169.82
73.45	169.82
73.83	169.82
74.7	16.42
76.68	16.42
80.12	16.42
82.81	192.49
82.94	192.49
85.72	192.49
87.94	153.13
89.01	134.83
91.52	134.83
92.68	154.64
93.27	154.64
96.57	200.41
97.89	200.41
98.52	153.82
100.85	153.82
101.54	153.82
102.45	170.53
104.16	170.53
104.87	170.53
107.27	175.04
110.6	175.04
113.45	49.62
115.54	71.12
117.77	71.12
118.86	29.78
121.64	29.78
123.02	83.54
124.52	36.48
125.48	33.33
126.21	33.33
127.26	1.68
130.63	22.46
131.62	22.46
134.11	22.46
137.43	176.31
138.84	176.31
139.04	176.31
141.53	57.48
143.98	57.48
144.53	205.85
146.51	205.85
148.69	205.85
148.98	44.14
150.93	193.58
154.28	163.16
157.45	153.71
157.82	29.99
161.21	122.3
161.91	37.71
164.45	37.71
166.3	10.21
167.74	10.21
170.12	10.21
171.28	39.17
172.03	39.17
173.51	96.77
176.08	96.77
178.58	96.77
181.3	0.29
184.41	0.29
187.15	78.4
189.55	78.4
192.07	78.4
193.02	82.9
193.65	82.9
195.45	150.85
198.11	153.21
201.51	153.21
203.59	153.21
206.52	1.41
209.89	1.41
211.84	1.41
214.74	97.32
216.23	97.32
216.47	94.27
219.28	94.27
221.67	94.27
223.33	18.83
225.04	156.3
225.55	156.3
228.56	156.3
231.12	136.68
232.16	136.68
232.67	136.68
234.68	148.3
237.48	148.3
239.4	148.3
241.6	42.87
245.04	82.75
246.07	82.75
247.46	82.75
250.75	217.2
