0.61	190.14
2.36	190.14
3.97	190.14
5.86	121.87
6.22	121.87
8.39	121.87
8.55	204.98
9.07	95.04
10.87	95.04
12.75	142.54
14.17	142.54
15.95	148.96
16.63	148.96
18.15	148.96
21.01	95.52
22.17	95.52
23.56	106.36
25.81	172.66
26.29	172.66
26.66	172.66
27.67	124.79
27.78	103.2
29.46	103.2
31.22	209.11
32.38	118.27
34.42	118.27
35.49	118.27
35.99	119.86
36.77	119.86
36.97	119.86
39.06	158.58
41.77	158.58
42.9	5.9
44.38	76.4
46.84	76.4
48.91	76.4
50.22	157.91
50.5	157.91
53.54	157.91
56.58	125.95
59.95	161.24
60.84	161.24
62.99	40.27
63.7	40.27
64.84	40.27
65.75	190.57
67.28	15.01
70.1	119.82
70.97	119.82
73.96	185.0
76.61	197.46
79.58	197.46
80.43	197.46
80.9	164.25
83.69	164.25
85.25	203.99
88.19	203.99
89.6	75.73
92.95	75.73
93.74	75.73
95.38	16.87
97.05	158.68
99.91	158.68
101.31	97.37
101.44	87.1
102.06	87.1
103.06	152.12
106.14	3.94
109.37	3.94
111.77	3.94
113.56	141.73
116.47	141.73
117.81	141.73
119.9	38.43
120.79	38.43
123.54	38.43
123.99	215.2
125.02	215.2
127.38	215.2
129.27	176.74
132.23	176.74
133.41	100.94
136.12	100.94
136.88	115.52
139.29	118.26
140.59	117.12
143.18	28.69
144.54	54.26
146.12	54.26
147.55	181.04
148.76	31.85
151.4	31.85
152.64	76.63
155.69	76.63
159.02	76.63
161.51	184.96
163.46	184.96
163.95	184.96
166.37	115.66
169.78	168.76
172.4	168.76
172.57	168.76
173.97	22.41
177.34	22.41
180.58	43.0
182.06	146.1
185.27	146.1
185.57	146.1
187.63	0.86
190.95	0.86
194.03	0.86
195.94	14.5
198.41	170.68
201.54	131.2
202.83	131.2
204.8	68.6
208.28	68.6
210.3	195.74
211.38	195.74
213.86	33.53
214.05	32.17
216.21	32.17
217.49	85.79
218.46	85.79
219.17	85.79
220.53	56.35
223.31	61.92
225.21	61.92
225.42	193.21
228.73	123.2
229.78	123.2
230.1	123.2
232.11	25.75
233.18	25.75
236.45	26.84
237.71	26.84
238.35	115.91
241.3	63.23
242.45	37.15
242.77	37.15
243.91	39.4
247.05	39.4
250.03	170.47
