3.01	23.96
6.13	7.55
7.79	7.55
9.02	36.66
12.37	211.16
13.14	211.16
14.76	190.96
16.19	190.96
18.83	139.72
20.5	139.72
22.9	97.65
25.89	97.65
26.49	97.65
29.74	25.63
32.75	25.63
34.42	213.94
35.55	198.02
36.9	85.41
37.65	85.41
39.13	91.54
41.65	170.44
41.83	170.44
43.5	170.44
44.12	216.52
46.1	8.53
46.39	8.53
46.79	8.53
49.25	78.63
49.43	78.63
52.85	78.63
54.17	60.77
57.43	60.77
59.67	9.16
61.97	9.16
63.81	118.29
64.23	150.42
67.44	150.42
68.9	8.03
71.58	8.03
71.77	17.11
74.82	17.11
76.23	17.11
77.4	140.77
79.12	140.77
80.77	109.05
82.56	109.05
85.6	109.05
88.83	141.97
91.11	141.97
91.66	3.21
91.87	3.21
93.16	204.15
93.82	204.15
95.19	105.45
96.99	142.85
100.17	142.85
103.09	142.85
106.19	145.46
108.51	123.07
109.56	123.07
110.55	172.03
112.24	172.03
113.37	75.68
116.74	53.43
118.11	2.07
120.62	2.07
121.42	2.07
123.11	115.93
126.37	115.93
126.88	115.93
128.96	60.25
131.36	60.25
132.63	39.87
133.52	39.87
136.78	123.06
136.97	123.06
138.67	123.06
140.86	187.15
143.87	187.15
146.44	59.74
147.49	75.76
149.88	21.6
152.15	21.6
155.55	177.26
156.13	18.93
159.54	18.93
161.55	18.93
163.22	102.17
163.61	102.17
164.46	130.74
166.24	130.74
167.38	130.74
170.25	203.79
172.13	203.79
172.82	149.96
175.56	149.96
177.05	10.63
179.78	10.63
182.18	10.63
184.7	190.27
185.19	190.27
185.3	165.5
187.01	165.5
187.59	165.5
189.33	127.29
190.73	127.29
192.74	127.29
193.89	215.15
194.48	215.15
195.42	121.1
197.41	121.1
199.69	121.1
201.08	172.49
203.98	172.49
206.05	172.49
206.38	193.57
209.39	3.12
211.57	3.12
213.78	3.12
214.42	104.38
214.77	192.07
217.55	192.07
220.22	34.66
223.71	69.63
226.68	69.63
229.66	69.63
232.59	143.14
235.66	143.14
236.92	143.14
238.46	141.9
239.91	141.9
242.59	42.23
245.25	42.23
248.2	125.4
250.29	180.38
