1.75	47.01
3.92	47.01
4.2	102.79
6.45	191.71
7.67	191.71
8.88	191.71
11.32	4.42
11.58	4.42
11.76	4.42
12.93	35.7
16.26	35.7
19.58	35.7
19.87	38.79
20.7	38.79
23.91	38.79
24.35	195.63
25.88	195.63
26.42	217.29
28.27	217.29
28.7	217.29
30.82	61.32
30.93	84.53
33.35	84.53
36.82	84.53
38.5	12.63
41.62	12.63
43.93	22.33
44.27	207.64
44.65	207.64
48.14	207.64
49.87	182.9
52.2	182.9
52.98	130.31
56.17	130.31
57.65	208.25
59.4	208.25
61.03	208.25
63.44	28.68
66.7	63.23
68.49	63.23
69.61	83.86
71.7	83.86
73.37	83.86
75.65	129.76
76.28	164.82
78.05	164.82
81.04	144.0
81.75	169.06
84.41	169.06
87.04	169.06
89.06	115.13
89.57	115.13
92.76	88.05
94.18	88.05
97.64	88.05
100.79	132.87
103.97	132.87
105.56	30.32
105.94	30.32
107.0	30.32
110.16	115.58
112.83	139.12
113.14	18.67
113.48	8.75
113.95	132.2
116.57	132.2
117.37	209.56
120.16	209.56
120.6	214.78
121.52	176.21
122.86	176.21
125.37	194.12
127.14	194.12
127.4	147.93
129.18	147.93
129.9	147.93
133.19	150.24
133.76	150.24
135.41	150.24
136.97	155.82
139.09	155.82
140.03	64.17
140.38	64.17
141.55	101.3
142.4	88.7
143.17	102.91
145.85	26.8
147.08	65.66
148.53	116.21
151.98	116.21
153.79	116.21
156.39	51.89
159.71	55.04
162.32	55.04
163.49	69.71
164.8	69.71
165.7	69.71
167.31	55.46
169.55	55.46
170.08	143.39
171.61	143.39
171.83	143.39
174.4	210.47
175.42	177.73
176.47	27.33
179.14	69.36
181.38	69.36
181.74	212.16
182.36	113.71
184.91	136.1
187.82	67.63
190.38	67.63
193.47	136.38
195.16	48.59
197.56	48.59
199.28	195.77
201.24	195.77
204.14	195.77
207.55	62.49
209.58	181.61
210.37	175.46
210.53	175.46
211.92	37.53
213.17	37.53
215.2	70.38
218.58	97.54
221.05	97.54
221.91	97.54
223.69	63.64
226.86	63.64
227.34	16.99
228.91	16.99
230.95	112.75
231.08	112.75
232.91	102.56
233.53	102.56
234.66	102.56
234.81	27.67
237.5	137.31
239.37	137.31
241.82	137.31
245.18	197.14
246.29	130.31
247.02	62.48
248.3	62.48
249.52	62.48
252.9	34.05
