1.67	72.96
4.14	68.63
4.24	81.16
5.47	81.16
6.71	126.5
8.11	126.5
10.75	198.95
13.41	198.95
16.22	198.95
17.21	161.37
20.18	161.37
21.43	161.37
22.27	5.39
24.88	5.39
26.66	129.3
27.74	20.13
30.43	20.13
32.09	20.13
35.03	218.29
37.02	218.29
40.32	17.54
42.79	197.41
44.01	197.41
46.48	99.6
48.13	99.6
51.54	174.58
54.54	174.58
54.83	132.85
55.87	187.9
58.37	187.9
59.04	187.9
60.51	143.93
63.07	143.93
64.87	149.96
67.06	149.96
67.29	149.96
68.77	48.9
69.38	22.43
69.49	12.25
71.96	102.06
74.41	102.06
75.57	67.91
78.15	89.1
81.44	89.1
82.08	89.1
82.37	188.23
82.98	188.23
85.78	1.73
89.14	1.73
90.69	1.73
94.11	11.1
96.17	11.1
98.37	160.67
101.23	160.67
101.65	160.67
104.3	195.65
106.41	195.65
108.99	83.68
109.24	83.68
112.37	83.68
115.57	160.89
115.82	104.75
116.69	104.75
118.93	104.75
119.88	10.25
120.46	10.25
121.12	162.41
122.23	140.39
124.77	140.39
126.03	140.39
127.0	110.89
127.64	109.12
129.95	109.12
131.32	109.12
131.82	74.35
133.18	74.35
133.95	74.35
136.2	143.6
137.97	219.41
138.19	49.63
140.75	133.22
142.58	219.49
145.34	219.49
146.49	157.01
149.11	157.01
150.66	157.01
152.28	29.65
152.75	29.65
152.97	79.72
155.7	108.39
156.91	108.39
160.3	108.39
162.15	53.96
164.56	53.96
166.09	53.96
168.36	35.82
168.87	92.07
171.62	147.72
173.16	174.18
174.66	174.18
176.97	174.18
179.88	94.61
180.15	94.61
182.68	94.61
186.02	220.99
186.78	220.99
187.69	220.99
190.3	194.59
192.7	194.59
195.18	101.59
197.59	119.59
200.68	119.59
203.75	14.72
205.93	106.81
206.91	106.81
210.08	106.81
213.06	22.18
215.62	152.52
217.43	152.52
218.46	152.52
221.52	150.69
222.84	150.69
224.92	150.69
225.35	215.81
225.67	215.81
226.35	206.29
227.71	206.29
229.16	77.88
230.23	37.97
232.52	91.15
235.3	49.1
237.56	49.1
237.81	140.39
238.04	133.72
240.92	133.72
242.53	201.4
245.09	201.4
246.33	67.26
246.93	167.55
247.17	167.55
250.2	168.53
