0.61	6.54
3.17	123.21
4.22	123.21
5.68	123.21
9.08	92.0
10.87	92.0
12.28	63.95
14.87	50.11
15.91	148.99
18.56	148.99
19.9	220.53
21.93	9.82
23.27	207.6
24.05	207.6
27.34	209.73
28.39	209.73
28.7	209.73
29.04	132.34
30.91	132.34
32.36	132.34
34.89	22.39
35.37	22.39
36.61	22.39
38.66	177.1
40.89	177.1
43.19	177.1
43.75	33.87
45.38	33.87
46.89	33.87
48.96	118.86
49.13	167.67
50.6	167.67
51.01	217.51
52.64	217.51
54.79	74.92
55.83	160.8
57.78	160.8
59.29	28.86
60.06	201.95
62.99	201.95
65.49	201.95
66.19	182.23
67.76	182.23
70.83	182.23
73.82	218.43
76.48	75.47
77.62	75.47
80.04	143.56
80.56	143.56
81.89	143.56
84.41	195.83
87.44	195.83
89.16	176.95
92.51	176.95
93.02	185.5
96.03	48.13
97.29	48.13
100.76	48.13
101.29	204.01
103.93	204.01
104.41	188.49
107.26	188.49
109.26	215.43
109.39	215.43
111.47	215.43
112.54	195.04
112.95	167.77
113.56	167.77
116.59	80.07
119.33	80.07
120.35	80.07
120.78	39.15
121.98	39.15
124.5	39.15
125.6	69.07
128.88	69.07
128.99	127.6
131.63	127.6
132.42	139.43
132.84	139.43
135.29	139.43
138.01	51.54
140.8	146.58
142.44	164.06
144.43	87.12
145.12	87.12
148.29	87.12
149.25	103.86
149.72	103.86
152.33	103.86
155.61	211.08
159.09	211.08
161.89	70.4
165.05	70.4
168.24	135.5
170.06	135.5
170.68	9.3
173.65	173.33
173.81	173.33
176.74	173.33
178.49	25.13
181.11	25.13
181.35	144.34
181.71	144.34
182.12	144.34
183.37	130.39
185.03	132.49
185.41	132.49
186.4	132.49
186.65	56.19
187.99	55.21
188.27	55.21
191.73	55.21
194.78	162.84
196.4	162.84
199.26	162.84
202.39	94.41
204.42	94.41
207.86	84.73
210.72	84.73
213.73	84.73
216.9	101.38
219.86	101.38
220.62	55.84
223.96	55.84
225.49	55.84
227.93	48.92
229.39	10.19
230.88	114.08
232.55	114.08
234.87	60.28
236.68	60.28
238.52	29.85
239.23	29.85
239.93	5.44
240.19	69.01
242.23	69.01
244.63	113.82
247.42	113.82
249.99	75.56
250.59	75.56
