2.95	4.52
6.06	4.52
9.1	4.52
12.56	164.26
12.72	164.26
15.53	164.26
16.09	179.88
16.31	179.88
17.34	179.88
19.65	168.6
20.71	148.0
21.0	148.0
22.52	51.62
23.09	60.56
23.9	95.26
24.07	95.26
25.24	30.53
26.34	30.53
29.15	30.53
29.9	203.55
31.44	203.55
31.77	198.63
32.86	198.63
35.87	62.08
36.54	54.9
37.85	54.9
38.37	54.9
40.65	150.37
43.8	150.37
46.96	63.26
49.18	63.26
52.04	63.26
53.98	136.14
55.78	82.39
57.83	176.42
60.13	35.87
62.37	35.87
65.78	35.87
68.69	135.51
71.26	135.51
71.5	171.05
74.87	171.05
75.89	7.63
76.17	171.01
79.45	171.01
80.67	171.01
83.04	50.24
85.37	50.24
85.57	115.43
88.95	115.43
91.44	115.43
93.95	140.94
96.23	140.94
98.73	31.0
101.59	7.76
103.49	7.76
104.08	191.62
107.4	191.62
109.36	181.91
112.27	181.91
113.8	125.25
114.96	125.25
116.93	51.06
120.33	16.47
122.51	130.95
125.82	7.17
126.22	7.17
127.02	207.96
128.19	207.96
129.95	113.1
130.32	152.19
131.37	177.22
134.51	130.98
137.39	131.13
140.19	162.34
143.43	168.31
144.4	168.31
145.49	67.37
148.14	157.57
149.94	157.57
153.36	180.46
154.22	180.46
157.48	66.71
159.77	66.71
161.04	66.71
163.06	9.15
164.66	9.15
167.72	56.68
170.25	199.62
173.46	199.62
174.22	199.62
176.07	148.62
178.99	148.62
179.59	198.88
181.43	198.88
183.3	25.1
185.19	25.1
186.68	25.1
188.06	18.87
191.16	18.87
192.18	18.87
194.98	109.63
195.96	109.63
196.54	131.38
198.31	131.38
199.7	47.27
200.25	47.27
202.39	47.27
202.6	209.69
203.75	209.69
206.28	209.69
207.06	139.81
209.09	139.81
210.82	120.6
213.1	120.6
214.23	101.02
217.28	101.02
219.93	101.02
222.87	184.85
224.66	184.85
226.54	184.85
227.33	107.75
229.53	57.06
230.86	57.06
232.14	57.06
233.2	70.38
233.75	70.38
235.04	70.38
236.26	95.46
236.96	95.46
238.47	95.46
240.28	57.76
240.84	57.76
243.34	57.76
244.01	69.03
244.87	69.03
245.0	195.15
247.08	195.15
247.27	195.15
248.02	128.56
250.28	128.56
