1.6	11.69
1.73	123.41
3.27	100.1
4.06	100.1
7.05	100.1
10.32	219.2
13.46	219.2
15.2	219.2
18.33	52.92
20.05	38.13
20.56	58.63
20.81	58.63
22.76	58.63
24.84	69.55
27.11	149.24
28.78	97.15
29.73	121.99
31.26	181.38
33.98	213.5
35.66	213.5
37.02	49.93
37.27	49.93
40.57	36.41
43.33	36.41
46.4	78.13
48.55	78.13
51.97	78.13
53.69	121.56
56.68	105.72
59.07	207.7
59.87	191.84
61.85	37.61
63.35	37.61
64.38	108.38
66.05	108.38
67.52	108.38
70.27	48.85
71.15	101.68
74.31	101.68
75.19	101.68
77.91	17.82
80.91	67.66
81.27	67.66
84.32	67.66
87.47	16.41
90.93	135.12
93.43	24.73
94.51	24.73
97.9	24.73
100.18	47.07
100.63	162.05
101.23	32.37
102.62	144.42
104.89	144.42
105.08	144.42
107.05	68.15
108.43	68.15
111.24	68.15
112.23	209.81
113.6	209.81
116.99	156.18
117.43	156.18
119.87	156.18
122.59	203.61
125.2	203.61
128.18	139.19
128.9	139.19
130.08	197.52
133.03	197.52
134.45	3.29
135.04	3.29
137.07	3.29
137.42	81.24
140.4	81.24
140.97	48.77
142.09	48.77
142.75	17.92
146.25	17.92
148.38	177.91
151.52	113.65
153.5	125.84
154.35	125.84
154.68	125.81
157.99	125.81
160.05	125.81
161.52	4.03
162.04	4.03
163.43	27.15
164.65	27.15
167.46	68.65
168.64	209.95
170.29	209.95
171.74	209.95
175.02	207.56
176.84	207.56
179.39	207.56
181.49	44.48
183.77	134.98
184.08	134.98
184.77	134.98
185.12	71.25
185.33	71.25
186.32	71.25
189.07	136.47
191.42	136.47
194.82	136.47
195.78	27.29
197.52	7.24
199.94	7.24
202.17	40.25
204.92	40.25
207.0	85.12
208.44	136.79
210.57	136.79
212.84	136.79
214.86	20.63
216.6	20.63
218.04	102.55
220.73	66.76
221.17	134.58
223.46	134.58
225.96	69.98
229.4	69.98
230.77	69.98
231.15	132.97
233.94	195.42
236.01	195.42
239.03	35.53
240.86	35.53
242.41	35.53
245.8	196.9
249.08	196.9
252.06	196.9
