0.66	114.65
1.16	30.93
1.84	30.93
3.84	30.93
4.54	135.74
6.18	135.74
7.01	135.74
7.78	33.53
10.13	33.53
12.35	33.53
13.98	165.86
14.49	191.32
17.87	174.15
21.05	174.15
21.75	200.94
23.14	200.94
25.05	200.94
26.54	146.47
27.32	146.47
27.56	146.47
30.63	214.09
32.2	107.24
35.4	107.24
36.73	107.24
39.39	7.9
42.19	7.9
44.38	7.9
44.83	165.39
46.53	165.39
49.55	97.08
50.04	128.59
52.05	17.22
53.5	17.22
56.26	17.22
58.11	88.55
61.58	88.55
61.76	88.55
62.24	7.8
63.61	215.22
66.18	39.09
69.65	39.09
72.62	39.09
74.41	219.45
75.32	163.57
77.27	163.57
79.82	17.21
79.97	17.21
83.42	17.21
86.85	204.4
88.66	13.44
88.91	13.44
91.46	32.02
92.81	32.02
95.4	3.92
96.88	51.83
98.98	51.83
101.38	51.83
103.93	6.24
104.4	58.3
104.68	58.3
106.38	58.3
107.09	5.41
108.49	77.08
108.81	77.08
110.05	77.08
111.0	214.13
114.28	203.55
116.02	160.69
116.45	29.59
118.41	29.59
120.63	29.59
123.95	113.01
124.37	113.01
125.28	71.07
127.2	71.07
128.03	71.07
128.58	2.19
129.92	2.19
133.15	61.53
134.42	151.04
135.36	151.04
138.82	151.04
139.11	61.15
141.02	61.15
143.11	61.15
144.12	209.72
146.7	209.72
149.31	209.72
150.39	140.09
153.82	140.09
155.93	114.93
157.55	114.93
157.85	114.93
159.41	220.71
160.2	101.86
160.35	101.86
163.25	101.86
164.76	115.72
167.44	53.31
168.61	53.31
170.19	210.24
172.91	210.24
175.1	66.12
175.51	66.12
177.16	5.68
178.92	5.68
180.88	131.55
181.94	25.59
183.97	25.59
185.89	178.32
189.08	70.57
192.38	70.57
193.52	70.57
195.94	4.91
198.75	175.11
199.61	175.11
200.56	29.14
201.65	29.14
202.99	134.58
204.89	105.78
206.6	105.78
208.44	158.96
209.41	158.96
212.29	158.96
214.21	106.02
214.54	113.41
215.55	27.5
218.04	27.5
221.54	27.5
221.75	202.99
224.4	50.87
226.0	50.87
227.5	99.82
227.99	204.92
228.93	204.92
229.47	204.92
231.35	106.45
232.18	8.95
235.57	8.95
237.79	194.02
237.95	16.7
239.19	127.67
240.19	127.67
241.15	127.67
241.29	161.85
241.49	203.81
242.01	37.11
242.98	135.44
245.99	135.44
248.1	135.44
248.29	10.5
250.95	10.5
