1.52	53.7
2.73	53.7
6.11	218.39
6.92	144.85
7.77	144.85
10.96	144.85
12.18	6.35
15.54	6.35
18.01	30.28
19.67	30.28
22.9	30.28
26.0	173.6
26.55	173.6
29.77	173.6
32.49	47.36
34.59	47.36
37.17	47.36
37.56	203.19
40.64	203.19
42.09	203.19
43.28	17.35
44.9	208.43
47.27	156.73
48.4	156.73
50.82	32.84
53.77	32.84
55.3	32.84
58.64	112.99
59.66	167.21
62.84	81.77
65.35	216.53
66.97	216.53
68.24	173.25
69.24	173.25
70.67	173.25
72.76	215.68
73.25	215.68
74.14	215.68
74.55	198.21
77.11	198.21
79.04	151.05
80.65	105.23
83.62	105.23
85.3	105.23
86.13	73.23
89.52	73.23
90.27	182.65
92.21	79.92
93.25	156.23
93.53	156.23
94.03	156.23
94.28	146.12
96.96	146.12
99.14	146.12
100.43	111.84
103.82	111.84
106.11	111.84
107.2	176.8
107.49	176.8
108.61	197.26
109.63	197.26
110.02	166.4
110.96	85.77
112.99	194.73
114.99	220.71
117.72	220.71
118.58	220.71
118.77	73.52
120.31	73.52
122.85	106.38
123.37	106.38
123.67	97.24
125.43	97.24
126.16	97.24
126.46	140.93
126.68	140.93
128.1	142.52
128.9	142.52
129.39	142.52
131.93	152.87
132.91	152.87
134.94	152.87
137.7	150.05
139.18	150.05
139.51	150.05
140.09	155.14
141.35	155.14
141.9	155.14
145.34	166.35
146.89	166.35
147.31	137.38
148.53	37.19
149.55	37.19
149.77	37.19
152.89	189.4
155.68	189.4
158.45	189.4
160.63	4.9
161.06	170.18
162.57	32.57
165.58	32.57
165.88	32.57
166.59	116.46
167.12	116.46
170.06	116.46
171.44	2.33
172.65	2.33
172.86	2.33
175.61	69.34
177.76	49.3
179.32	49.3
182.67	49.3
184.9	124.95
185.92	176.75
189.06	176.75
190.71	176.75
193.81	74.56
195.6	159.38
197.24	93.84
199.58	217.13
200.52	217.13
201.04	143.91
202.55	143.91
205.99	143.91
207.67	28.76
211.13	28.76
213.34	28.76
215.92	131.67
219.1	117.53
220.09	104.39
223.37	104.39
223.61	104.39
224.07	44.58
226.7	44.58
230.09	44.58
232.7	153.08
233.18	143.28
236.59	143.28
236.85	143.28
238.37	207.35
241.6	207.35
244.28	207.35
245.37	70.45
246.24	70.45
248.27	70.45
249.41	111.55
251.41	111.55
