3.36	103.59
3.73	103.59
6.04	103.59
7.87	106.29
10.73	186.85
12.63	186.85
14.09	186.85
15.94	127.9
18.25	131.65
19.96	2.01
23.39	172.77
25.8	122.04
28.49	179.96
30.08	42.76
32.76	215.59
35.98	215.59
37.51	125.93
40.57	72.0
43.5	105.74
45.76	216.51
46.68	58.99
49.8	58.99
53.22	32.89
55.84	32.89
56.26	109.43
56.91	109.43
59.24	109.43
60.73	145.1
62.62	34.31
65.24	86.56
65.62	86.56
67.69	86.56
70.28	102.61
72.78	102.61
73.48	124.06
74.31	118.46
74.98	118.46
76.51	118.46
78.37	105.7
81.3	105.7
82.87	105.7
85.67	134.84
87.01	134.84
88.82	103.79
89.75	103.79
92.03	148.79
94.74	148.79
98.06	148.79
98.51	65.95
100.87	38.09
103.2	38.09
104.4	54.67
107.51	54.67
108.29	54.67
111.74	84.0
113.81	84.0
114.58	84.0
116.61	161.41
119.36	161.41
120.29	167.55
120.68	167.55
123.93	207.31
125.42	207.31
128.67	207.97
128.83	207.97
130.54	207.97
132.33	128.83
133.13	128.83
133.74	128.83
134.35	87.04
137.65	87.04
139.4	87.04
140.96	99.61
141.69	100.07
143.14	163.15
146.28	163.15
148.78	21.2
150.56	21.2
151.42	192.5
151.87	179.85
154.33	179.85
155.38	179.85
158.26	56.84
161.57	56.84
163.72	56.84
166.47	15.77
169.6	15.77
171.72	136.31
172.45	136.31
172.66	3.13
175.61	3.13
176.71	197.78
180.07	110.35
182.78	110.35
186.01	110.35
188.03	181.17
188.5	21.36
191.88	21.36
192.78	21.36
194.57	9.74
196.32	9.74
196.43	9.74
197.56	104.48
199.82	146.71
202.45	78.94
204.46	78.94
206.22	78.94
207.56	193.06
208.46	193.06
209.29	193.06
210.15	84.2
210.66	84.2
213.08	84.2
216.14	81.91
216.35	62.22
218.52	62.22
221.37	44.95
223.62	44.95
225.28	90.18
226.46	90.18
227.81	43.63
228.53	43.63
229.16	43.63
230.47	32.79
232.07	11.46
232.78	177.8
235.78	179.32
237.31	179.32
240.73	206.69
243.02	206.69
243.97	98.02
246.64	98.02
248.05	21.52
249.49	21.52
251.0	68.68
