1.15	31.14
2.13	217.65
3.78	217.65
4.09	217.65
4.86	213.23
5.39	159.27
8.28	159.27
9.64	18.47
10.34	139.13
12.68	139.13
14.27	139.13
17.4	173.92
19.83	173.92
20.55	173.92
23.23	186.14
23.99	186.14
25.55	186.14
26.44	200.69
28.96	200.69
30.67	36.6
31.83	72.21
33.95	161.11
35.65	161.11
37.41	140.97
38.05	140.97
39.27	82.7
40.9	82.7
43.05	82.7
45.25	97.17
46.02	97.17
49.36	97.17
49.51	20.95
50.25	20.95
53.0	119.36
55.6	181.42
56.4	181.42
58.03	117.2
58.33	117.2
61.25	81.12
63.3	81.12
63.82	132.63
64.6	132.63
66.89	132.63
69.63	148.03
70.97	148.03
72.77	156.25
73.82	176.13
74.83	202.33
75.18	202.33
75.57	202.33
76.54	121.68
76.68	121.68
77.0	121.68
78.96	142.46
82.39	142.46
83.95	183.04
85.11	183.04
86.4	183.04
88.67	201.09
91.61	201.09
94.51	91.36
97.45	91.36
99.73	91.36
103.06	82.03
106.2	82.03
108.88	82.03
111.41	104.97
112.64	151.66
115.44	151.66
118.59	189.34
121.44	189.34
123.06	29.26
125.62	29.26
126.74	29.26
129.64	133.97
130.63	133.97
131.1	133.97
133.51	101.78
135.64	101.78
138.45	101.78
138.91	30.05
139.13	118.15
140.49	118.15
142.56	137.31
145.92	143.97
147.83	143.97
148.41	143.97
150.79	96.76
151.79	96.76
153.76	198.47
154.99	211.81
155.48	211.81
157.05	211.81
158.91	25.64
162.34	25.64
164.4	147.35
165.94	147.35
167.13	194.62
168.52	53.2
169.47	31.1
172.26	54.67
174.55	143.7
176.51	61.71
178.93	61.71
180.88	61.71
184.02	14.37
186.68	14.37
187.94	165.7
188.07	164.3
190.01	210.21
190.22	68.61
190.62	140.33
192.06	140.33
192.22	140.33
193.69	153.71
196.74	56.36
199.74	56.36
200.56	31.67
203.96	31.67
204.22	31.67
204.45	3.57
206.83	3.57
208.18	3.57
210.85	53.88
211.47	62.66
212.34	62.66
213.42	35.59
214.37	178.68
216.2	178.68
218.84	156.11
219.96	156.11
222.2	156.11
225.11	53.07
228.38	53.07
230.66	42.34
233.35	169.15
235.64	169.15
235.78	169.15
236.7	6.11
238.43	6.11
238.93	147.0
239.35	147.0
241.47	105.17
244.03	105.17
247.17	9.79
250.45	105.2
