0.1	126.2
2.02	126.2
3.03	64.09
5.01	172.18
6.31	172.18
7.03	172.18
8.95	173.66
11.1	128.54
13.68	128.54
14.72	128.54
16.37	151.52
19.85	182.73
21.45	115.16
24.65	108.84
25.51	178.59
27.83	150.28
29.76	185.55
33.0	185.55
36.03	21.65
36.67	89.34
37.71	89.34
40.1	89.34
41.7	36.48
43.22	136.48
45.8	136.48
46.37	136.48
48.17	197.48
48.74	197.48
49.02	197.48
52.1	39.56
53.17	209.8
54.83	209.8
57.73	209.8
58.0	170.76
60.38	141.0
62.7	141.0
63.51	93.94
65.85	93.94
67.75	93.94
68.46	165.47
69.48	165.47
70.87	192.22
72.5	192.22
75.4	192.22
75.66	2.24
78.83	2.24
81.07	17.89
84.03	83.65
85.29	85.19
86.26	180.52
87.45	180.52
89.27	180.52
90.35	130.41
93.77	32.73
94.54	32.73
97.75	115.97
99.86	154.98
103.15	154.98
103.84	154.98
106.53	80.91
109.05	87.35
112.02	87.35
113.37	87.35
114.52	96.69
114.83	96.69
117.12	96.69
118.45	99.81
119.76	99.81
120.52	99.81
121.43	218.2
121.78	45.25
124.77	197.21
127.73	197.21
130.1	197.21
130.68	67.03
132.0	202.73
134.13	188.46
135.97	148.13
136.81	148.13
137.83	148.13
138.14	192.87
141.4	192.87
143.75	114.39
145.58	114.39
147.25	173.11
149.5	173.11
150.44	113.08
153.52	69.41
154.65	69.41
156.82	69.41
159.69	18.97
162.76	18.97
165.89	18.97
166.8	152.53
168.0	152.53
168.86	95.19
168.96	95.19
169.83	95.19
170.71	205.76
172.17	205.76
172.91	205.76
174.31	83.24
176.6	83.24
179.44	83.24
181.18	29.02
182.85	29.02
184.7	29.02
186.23	158.08
188.12	64.76
189.12	82.1
190.74	82.1
194.18	82.1
195.08	166.25
196.62	166.25
197.96	166.25
200.39	100.02
202.98	100.02
203.59	100.02
203.73	134.67
204.19	176.82
206.88	99.04
209.03	99.04
209.39	99.04
211.5	214.83
212.23	214.83
214.46	213.81
214.83	213.81
216.98	89.75
218.75	89.75
220.28	175.33
221.71	175.33
224.4	43.94
227.71	43.94
230.2	105.7
232.13	105.7
232.57	105.7
233.73	207.64
236.75	207.64
238.23	207.64
241.16	127.36
243.84	169.78
244.91	169.78
245.85	47.62
245.99	47.62
248.81	73.7
251.18	197.94
