2.66	57.37
5.22	57.37
7.63	57.37
10.51	203.92
13.08	99.36
13.48	196.04
16.62	8.67
20.08	84.53
22.84	84.53
25.33	84.53
28.11	101.54
29.26	101.54
32.45	101.54
34.98	168.42
35.34	168.42
36.05	106.99
39.45	106.99
40.25	46.78
40.61	46.78
41.68	46.78
43.91	205.23
45.65	44.51
48.33	44.51
51.17	203.83
53.33	203.83
53.83	184.87
55.69	78.43
58.51	78.43
61.43	78.43
63.12	174.32
63.82	174.32
66.77	8.75
67.82	13.46
71.24	13.46
73.47	13.46
76.46	11.26
77.29	11.26
79.41	93.91
81.74	13.21
85.22	177.69
87.89	177.69
90.77	177.69
91.07	189.75
92.67	189.75
93.74	189.75
94.21	121.11
96.8	154.51
98.75	154.51
99.99	154.51
101.31	76.44
104.58	76.44
107.16	76.44
109.41	70.93
109.55	70.93
111.79	18.6
114.32	18.6
117.69	18.6
119.16	88.23
121.1	88.23
123.87	88.64
126.45	88.64
129.4	48.91
129.77	48.91
133.24	203.31
133.48	203.31
134.46	203.31
135.8	19.59
139.3	19.59
141.65	114.56
144.36	200.92
147.47	200.92
148.01	47.55
149.39	47.55
151.77	194.49
152.28	194.49
153.09	117.75
155.61	94.46
157.05	59.89
159.9	38.08
163.23	159.54
166.37	159.54
168.36	69.89
171.27	69.89
174.19	69.89
174.73	47.02
177.35	161.67
178.34	161.67
178.65	135.05
180.2	135.05
183.58	135.05
185.57	83.44
187.43	83.44
190.92	178.16
193.93	178.16
196.0	83.71
198.07	83.71
199.52	83.71
201.9	208.81
202.33	208.81
205.3	208.81
206.5	59.67
208.65	59.67
211.32	195.83
211.46	195.83
211.57	196.1
213.08	196.1
214.51	196.1
216.41	212.19
216.89	212.19
218.5	209.37
219.05	209.37
222.11	209.37
223.89	217.75
226.34	207.49
227.24	207.49
229.96	163.01
231.49	163.01
232.66	163.01
235.12	55.27
237.68	55.27
238.82	37.98
242.16	37.98
242.29	9.45
244.22	9.45
246.63	9.45
246.75	130.36
249.91	130.36
251.92	185.16
