1.12	0.32
1.76	0.2
3.99	0.2
7.49	0.54
8.65	0.54
12.11	0.86
13.25	0.86
13.78	0.86
14.17	0.37
16.63	0.37
19.48	0.37
22.74	0.79
25.25	0.79
27.04	0.79
27.31	0.3
28.5	0.85
28.93	0.85
32.41	0.43
33.29	0.43
36.1	0.47
36.52	0.47
40.0	0.47
40.8	0.74
43.55	0.74
46.13	0.74
46.72	0.56
47.36	0.56
49.26	0.56
52.39	0.46
54.84	0.46
57.43	0.55
57.63	0.58
61.11	0.58
63.38	0.52
64.14	0.52
66.38	0.52
68.29	0.94
69.1	0.94
71.66	0.45
74.72	0.45
77.42	0.9
80.21	0.62
81.7	0.62
82.83	0.68
85.23	0.68
85.91	0.61
86.16	0.61
88.96	0.26
92.04	0.26
92.43	0.26
94.74	0.67
96.17	0.92
99.24	0.92
99.95	0.92
100.21	0.47
100.33	0.47
100.87	0.23
103.52	0.23
105.74	0.46
107.03	0.46
107.51	0.41
109.11	0.41
112.21	0.41
115.19	0.98
116.62	0.29
117.32	0.85
120.77	0.85
122.51	0.85
125.71	0.43
128.23	0.72
130.18	0.52
131.92	0.52
132.77	0.52
134.86	0.67
137.64	0.67
140.64	0.67
143.84	0.21
144.56	0.21
146.06	0.98
149.39	0.49
151.7	0.7
153.55	0.7
156.44	0.93
159.63	0.42
159.87	0.61
160.53	0.61
160.99	0.61
161.99	0.85
164.73	0.22
166.73	0.22
169.49	0.22
169.65	0.76
170.58	0.76
173.92	0.76
175.91	0.57
176.09	0.8
179.34	1.0
180.16	0.43
183.39	0.36
184.55	0.36
184.9	0.47
187.59	0.47
187.95	0.47
188.13	0.96
188.42	0.68
191.02	0.68
193.68	0.25
195.48	0.25
196.54	0.29
199.87	0.29
201.63	0.29
204.96	0.6
207.49	0.6
207.86	0.78
207.96	0.74
209.87	0.74
211.73	0.7
213.62	0.7
216.99	0.7
217.15	0.72
219.47	0.72
221.27	0.72
221.51	0.56
223.24	0.72
225.78	0.72
228.67	0.95
229.67	0.95
232.65	0.89
233.28	0.65
235.89	0.23
239.11	0.81
241.05	0.81
241.35	0.97
242.71	0.97
245.39	0.97
246.19	0.81
248.22	0.81
248.82	0.81
251.67	0.55
