0.63	0.22
2.71	0.22
4.49	0.22
7.96	0.26
11.08	0.34
12.53	0.34
12.68	0.57
14.81	0.95
15.84	0.82
19.33	0.82
22.28	0.82
24.99	0.22
28.1	0.22
29.32	0.22
30.42	0.33
30.69	0.33
31.52	0.75
32.12	0.75
32.67	0.75
32.87	0.61
35.82	0.61
36.78	0.73
39.28	0.7
42.28	0.82
42.68	0.65
45.92	0.65
47.63	0.27
49.14	0.27
52.5	0.27
54.37	0.77
55.54	0.77
56.23	0.75
59.35	0.75
62.62	0.75
65.29	0.3
67.48	0.3
68.91	0.7
69.14	0.7
72.15	0.52
73.79	0.91
75.12	0.49
77.12	0.49
78.28	0.26
80.24	0.26
81.21	0.64
83.45	0.81
85.56	0.99
87.62	0.67
89.66	0.67
92.41	0.7
95.15	0.7
96.19	0.67
98.4	0.67
100.86	0.49
104.04	0.49
104.76	0.92
105.03	0.92
105.8	0.92
106.91	0.47
108.5	0.47
109.47	0.47
111.89	0.71
114.02	0.58
116.24	0.58
118.32	0.58
121.08	0.83
122.93	0.83
125.77	0.83
127.6	0.21
130.75	0.21
133.81	0.21
134.45	0.34
136.83	0.95
138.19	0.33
139.72	0.27
141.94	0.27
144.02	0.37
144.36	0.99
147.2	0.86
147.84	0.86
149.03	0.86
150.32	0.91
153.37	0.91
155.8	0.59
157.88	0.59
159.03	0.81
160.31	0.81
162.87	0.88
164.46	0.88
165.02	0.72
167.37	0.72
169.2	0.72
171.78	0.38
173.8	0.38
175.09	0.38
178.14	0.3
179.4	0.3
180.87	0.3
182.02	0.2
185.37	0.2
187.05	0.2
190.52	0.62
191.66	0.86
194.19	0.86
196.05	0.86
198.96	0.35
201.01	0.35
201.78	0.35
204.79	0.76
206.83	0.76
208.68	0.76
208.97	0.76
211.74	0.76
214.6	0.64
215.82	0.64
218.49	0.64
221.79	0.37
222.6	0.37
222.9	0.97
224.94	0.97
226.87	0.97
227.27	0.62
227.98	0.62
231.29	0.43
231.61	0.69
235.07	0.69
237.64	0.69
239.34	0.6
240.44	0.33
242.62	0.33
243.61	0.33
247.02	0.35
249.34	0.59
250.78	0.66
