1.01	0.44
2.43	0.44
5.16	0.44
7.23	0.53
10.03	0.76
11.84	0.76
13.25	0.78
15.82	0.78
16.09	0.78
19.38	0.48
22.48	0.48
24.57	0.37
26.72	0.37
28.16	0.92
29.49	0.5
30.51	0.5
30.81	1.0
31.8	1.0
34.94	1.0
38.4	0.41
41.63	0.41
43.75	0.85
45.7	0.8
47.68	0.8
50.9	0.7
52.6	0.7
54.76	0.49
57.96	0.35
59.69	0.39
59.8	0.39
60.47	0.39
62.73	0.8
64.07	0.8
65.44	0.8
66.72	0.26
69.18	0.26
71.39	0.41
74.66	0.41
77.02	0.56
78.56	0.76
80.1	0.76
82.22	0.76
85.11	0.48
87.37	0.48
88.9	0.48
89.6	0.4
91.29	0.4
94.38	0.28
94.5	0.28
96.95	0.5
97.19	0.5
97.41	0.5
97.95	0.67
99.49	0.67
102.17	0.67
103.16	0.99
104.4	0.99
106.36	0.72
108.23	0.25
110.54	0.98
111.93	0.98
113.2	0.98
115.93	0.2
117.18	0.2
118.49	0.84
119.67	0.66
122.04	0.66
122.92	0.4
124.45	0.54
125.01	0.23
127.97	0.23
131.21	0.23
133.6	0.46
135.31	0.46
138.26	0.46
139.06	0.34
139.78	0.34
142.16	0.78
144.51	0.78
146.48	0.82
148.88	0.82
152.36	0.82
154.08	0.74
156.97	0.65
158.03	0.65
159.91	0.97
162.73	0.97
163.12	0.95
165.76	0.95
166.62	0.91
169.66	0.93
173.05	0.93
174.57	0.87
176.24	0.68
177.75	0.68
178.89	0.68
182.27	0.56
183.4	0.56
183.68	0.66
186.01	0.66
189.03	0.66
190.31	0.67
191.07	0.67
193.82	0.67
194.08	0.42
196.03	0.42
197.47	0.72
199.25	0.72
202.72	0.82
204.13	0.4
207.08	0.4
207.64	0.4
210.31	0.32
213.17	0.32
216.09	0.32
218.36	0.69
221.48	0.69
223.73	0.97
226.06	0.59
228.44	0.59
229.39	0.59
231.91	0.73
234.09	0.73
235.93	0.32
239.18	0.32
242.35	0.87
245.34	0.57
248.42	0.84
250.76	0.84
