0.43	0.84
2.56	0.84
2.8	0.75
5.14	0.75
5.87	0.28
6.61	0.28
7.0	0.8
7.93	0.8
9.11	0.57
12.56	0.21
14.74	0.21
17.29	0.21
18.35	0.75
21.19	0.77
24.27	0.77
27.16	0.77
30.38	0.25
32.7	0.25
33.44	0.42
34.87	0.42
35.3	0.42
37.75	0.46
38.12	0.33
39.96	0.74
43.28	0.74
43.58	0.74
47.02	0.94
48.68	0.94
51.86	0.63
55.21	0.63
57.68	0.63
59.01	0.88
59.87	0.7
61.36	0.7
61.87	0.7
62.59	0.31
63.72	0.4
64.27	0.4
67.71	0.44
69.49	0.44
69.98	0.94
71.38	0.94
74.79	0.38
76.96	0.5
78.4	0.5
80.43	0.5
82.53	0.92
84.33	0.92
85.76	0.95
87.11	0.95
90.43	0.74
90.72	0.74
93.91	0.81
96.97	0.68
97.11	0.68
98.69	0.68
100.87	0.2
102.86	0.2
104.41	0.41
105.19	0.22
107.06	0.22
109.1	0.22
111.84	0.57
113.94	0.57
116.29	0.85
117.86	0.85
118.67	0.85
121.13	0.58
124.14	0.58
124.71	0.86
127.11	0.97
129.53	0.94
130.37	0.94
131.66	0.94
134.47	0.88
136.23	0.88
137.55	0.88
140.27	0.46
141.23	0.46
143.23	0.46
146.05	0.71
147.66	0.71
148.63	0.36
150.57	0.31
150.89	0.31
154.26	0.69
155.99	0.69
158.09	0.69
160.91	0.71
162.27	0.71
164.75	0.71
165.74	0.95
166.73	0.78
169.37	0.78
169.88	0.83
170.53	0.32
171.18	0.32
172.51	0.93
173.73	0.93
176.94	0.93
178.37	0.7
181.67	0.7
183.99	0.57
186.7	0.57
190.02	0.57
191.02	0.85
191.54	0.77
194.86	0.77
197.01	0.86
199.68	0.85
202.56	0.85
204.45	0.91
205.74	0.91
208.56	0.99
210.06	0.55
211.11	0.33
214.23	0.33
216.24	0.33
219.02	0.53
220.4	0.53
223.69	0.42
225.06	0.42
227.58	0.42
228.13	0.65
229.37	0.65
229.72	0.61
230.78	0.61
232.16	0.91
232.7	0.91
235.35	0.52
237.65	0.52
237.91	0.97
239.6	0.97
242.73	0.97
243.73	0.33
246.4	0.33
249.82	0.36
251.49	0.36
