3.36	0.57
3.73	0.57
6.04	0.57
7.87	0.58
10.73	0.88
12.63	0.88
14.09	0.88
15.94	0.66
18.25	0.68
19.96	0.21
23.39	0.83
25.8	0.64
28.49	0.85
30.08	0.35
32.76	0.98
35.98	0.98
37.51	0.66
40.57	0.46
43.5	0.58
45.76	0.98
46.68	0.41
49.8	0.41
53.22	0.32
55.84	0.32
56.26	0.6
56.91	0.6
59.24	0.6
60.73	0.73
62.62	0.32
65.24	0.51
65.62	0.51
67.69	0.51
70.28	0.57
72.78	0.57
73.48	0.65
74.31	0.63
74.98	0.63
76.51	0.63
78.37	0.58
81.3	0.58
82.87	0.58
85.67	0.69
87.01	0.69
88.82	0.58
89.75	0.58
92.03	0.74
94.74	0.74
98.06	0.74
98.51	0.44
100.87	0.34
103.2	0.34
104.4	0.4
107.51	0.4
108.29	0.4
111.74	0.5
113.81	0.5
114.58	0.5
116.61	0.78
119.36	0.78
120.29	0.81
120.68	0.81
123.93	0.95
125.42	0.95
128.67	0.95
128.83	0.95
130.54	0.95
132.33	0.67
133.13	0.67
133.74	0.67
134.35	0.51
137.65	0.51
139.4	0.51
140.96	0.56
141.69	0.56
143.14	0.79
146.28	0.79
148.78	0.28
150.56	0.28
151.42	0.9
151.87	0.85
154.33	0.85
155.38	0.85
158.26	0.41
161.57	0.41
163.72	0.41
166.47	0.26
169.6	0.26
171.72	0.69
172.45	0.69
172.66	0.21
175.61	0.21
176.71	0.92
180.07	0.6
182.78	0.6
186.01	0.6
188.03	0.86
188.5	0.28
191.88	0.28
192.78	0.28
194.57	0.23
196.32	0.23
196.43	0.23
197.56	0.58
199.82	0.73
202.45	0.49
204.46	0.49
206.22	0.49
207.56	0.9
208.46	0.9
209.29	0.9
210.15	0.5
210.66	0.5
213.08	0.5
216.14	0.5
216.35	0.42
218.52	0.42
221.37	0.36
223.62	0.36
225.28	0.53
226.46	0.53
227.81	0.36
228.53	0.36
229.16	0.36
230.47	0.32
232.07	0.24
232.78	0.84
235.78	0.85
237.31	0.85
240.73	0.95
243.02	0.95
243.97	0.55
246.64	0.55
248.05	0.28
249.49	0.28
251.0	0.45
