1.08	0.29
1.98	0.78
5.32	0.78
6.42	0.92
8.7	0.92
8.91	0.92
9.7	0.98
11.69	0.45
12.28	0.31
14.16	0.31
15.4	0.58
18.66	0.58
20.2	0.58
22.74	0.91
25.24	0.91
26.34	0.85
26.95	0.85
27.6	0.68
28.15	0.68
28.76	0.68
29.22	0.65
29.62	0.46
31.63	0.46
33.25	0.46
35.31	0.38
36.83	0.38
39.03	0.44
39.31	0.44
40.45	0.93
41.96	0.93
42.45	0.3
43.46	0.3
44.4	0.3
46.62	0.27
47.15	0.27
48.69	0.79
51.69	0.4
52.75	0.48
54.79	0.48
56.67	0.48
57.54	0.35
58.94	0.94
62.4	0.5
64.0	0.52
65.83	0.52
68.72	0.52
70.67	0.21
73.05	0.45
73.26	0.45
75.35	0.46
78.77	0.88
81.23	0.88
83.89	0.88
86.66	0.51
89.9	0.51
93.33	0.51
93.57	0.51
95.31	0.76
97.93	0.76
100.15	0.76
103.26	0.98
105.32	0.98
106.94	0.98
110.39	0.57
113.33	0.57
114.03	0.92
116.0	0.92
118.54	0.92
119.19	0.88
120.75	0.43
124.1	0.97
126.45	0.97
129.84	0.69
133.23	0.97
133.76	0.35
136.41	0.35
139.57	0.22
142.45	0.22
144.28	0.84
147.02	0.63
147.83	0.63
151.08	0.96
153.51	0.96
156.01	0.96
159.08	0.53
162.28	0.53
164.96	0.53
166.36	0.9
168.74	0.38
171.18	0.64
173.39	0.64
174.07	0.64
177.2	0.22
180.19	0.22
180.95	0.73
182.34	0.73
183.78	0.73
184.3	0.84
184.91	0.84
186.24	0.34
188.26	0.34
190.08	0.34
192.17	0.25
193.93	0.25
196.92	0.25
199.8	0.9
201.69	0.9
203.89	0.9
204.55	0.98
207.43	0.66
208.06	0.66
208.29	0.3
211.01	0.3
213.4	0.3
215.68	0.34
218.03	0.32
218.34	0.32
221.69	0.98
222.72	0.46
224.99	0.46
225.89	0.55
228.02	0.33
231.44	0.33
234.25	0.8
236.73	0.8
239.29	0.8
241.17	0.89
241.87	0.89
244.89	0.88
247.29	0.34
249.77	0.34
251.96	0.34
