0.79	15.33
2.9	45.79
4.92	45.79
5.53	45.79
6.76	38.15
7.06	38.15
10.23	38.15
11.88	44.15
13.78	44.15
14.94	23.0
16.88	23.0
17.32	23.0
20.47	37.42
22.36	37.42
23.45	37.42
26.67	14.67
29.27	3.99
31.01	3.99
33.14	3.99
36.17	39.03
39.55	27.04
41.57	27.04
44.52	27.04
46.42	6.34
47.73	6.34
49.59	8.47
53.09	8.47
56.28	8.47
57.39	44.64
58.49	44.64
60.46	8.3
61.1	31.19
61.36	23.7
62.66	41.2
65.32	41.2
65.51	41.2
67.49	20.82
69.5	29.49
70.63	29.49
73.71	41.55
74.37	41.55
75.11	41.55
77.01	33.92
78.62	33.92
80.74	1.46
81.11	13.95
84.6	13.95
87.35	13.95
89.29	30.5
90.04	33.77
92.07	33.77
95.23	2.79
96.31	2.79
98.78	2.79
101.75	43.14
104.61	33.34
105.94	33.34
108.62	5.12
109.78	5.12
110.91	5.12
111.21	47.17
114.01	42.93
114.74	30.91
116.92	30.91
118.82	30.91
120.1	19.11
122.78	34.58
123.27	27.55
124.09	27.55
124.29	27.55
125.79	45.57
126.5	45.57
127.56	36.01
128.37	8.77
128.72	8.77
130.56	39.14
131.51	39.14
134.17	39.14
137.39	21.73
139.52	10.11
140.46	10.11
143.31	10.11
144.1	31.58
145.9	1.58
147.49	1.58
150.42	41.17
152.66	41.17
153.87	41.17
154.5	21.16
156.81	21.16
158.53	25.24
161.18	25.24
162.76	25.24
164.32	26.13
166.79	26.13
167.47	26.13
167.71	5.95
168.95	5.95
171.02	5.95
172.89	44.84
175.66	16.71
176.58	16.71
176.99	39.77
180.11	39.77
181.89	16.47
182.9	16.47
184.07	37.93
184.37	17.24
184.64	17.24
185.65	17.24
187.58	35.36
190.15	35.36
191.49	35.36
194.32	15.95
195.71	35.48
196.23	35.48
196.87	35.48
199.74	21.67
202.14	11.64
203.61	47.48
204.21	48.42
207.15	48.42
207.91	38.42
211.39	24.6
213.66	45.24
215.05	45.24
218.04	28.38
219.51	51.79
220.5	16.26
223.82	16.26
226.13	16.26
228.86	24.46
232.15	24.46
234.3	24.46
235.37	17.69
236.62	17.69
238.37	27.64
239.15	27.64
240.21	27.64
242.03	11.03
242.92	11.03
246.25	11.03
248.79	13.49
251.1	13.49
