1.61	21.36
2.43	34.74
3.57	34.74
6.4	26.52
9.72	3.42
11.9	3.42
12.16	3.42
13.28	36.73
14.26	36.73
15.11	11.11
18.23	11.11
21.22	11.11
24.29	16.67
25.24	16.67
27.86	48.55
30.72	48.55
30.95	25.58
33.62	25.58
36.3	25.58
38.17	1.1
40.48	1.1
41.06	47.43
41.71	47.43
44.43	3.79
44.85	3.79
45.33	27.95
45.83	16.64
46.76	12.09
49.12	12.09
51.54	12.09
53.75	25.72
54.33	10.26
55.14	50.27
57.36	50.27
60.44	50.27
63.08	39.09
65.67	47.96
68.83	47.96
70.52	47.96
71.23	4.95
73.01	28.67
75.13	33.62
76.55	33.62
77.74	14.39
79.06	40.33
80.35	40.33
80.56	0.96
82.49	3.15
82.79	3.15
85.33	3.15
88.31	26.06
90.07	4.41
93.19	4.41
95.56	4.41
95.88	30.76
96.99	30.76
98.78	30.5
100.83	51.29
101.12	51.29
103.7	15.83
106.38	14.16
107.89	14.16
109.16	14.16
109.54	24.25
109.91	24.25
111.94	24.25
114.33	48.08
116.92	41.24
119.69	41.24
122.3	2.75
124.44	18.64
125.35	27.82
125.8	42.88
126.7	20.83
129.58	43.89
132.02	43.89
132.6	43.89
134.13	41.99
134.83	3.98
135.11	17.11
135.35	17.11
135.47	17.11
136.22	16.59
137.66	16.59
139.33	16.59
142.43	47.87
145.22	19.81
147.07	42.41
149.58	42.41
152.62	34.26
156.07	34.26
158.22	51.55
159.98	21.89
160.95	21.89
161.77	21.89
163.68	25.46
164.4	25.46
167.58	38.03
170.63	38.03
171.5	46.21
173.01	1.93
173.15	1.93
175.83	27.81
176.72	27.81
177.25	9.88
180.58	9.88
182.29	9.88
182.63	9.34
183.2	9.34
184.12	9.34
186.57	49.07
187.71	49.07
188.95	10.96
189.23	10.96
190.26	10.96
190.61	25.82
191.54	25.82
192.82	25.82
195.62	45.62
196.51	45.62
199.41	45.62
201.81	15.98
202.35	4.56
205.15	4.56
207.96	4.56
210.11	32.54
212.93	32.54
215.7	43.6
217.43	43.6
218.01	43.6
220.81	37.69
222.63	37.69
225.85	11.61
228.84	11.69
230.22	11.69
232.99	11.69
235.72	34.71
236.47	33.61
236.63	33.61
239.06	33.61
242.07	10.57
242.79	10.57
244.79	47.82
245.5	33.86
246.58	1.94
247.06	1.94
248.01	20.42
248.29	20.42
251.03	20.42
