1.38	50.85
2.33	50.85
5.32	50.85
8.26	1.97
11.31	2.45
13.29	39.11
14.21	39.11
17.62	39.11
18.06	4.92
18.97	9.08
19.36	9.08
22.24	19.29
24.25	19.29
24.91	14.38
25.98	14.38
26.75	14.39
28.19	14.39
29.51	44.73
29.94	8.0
30.39	8.0
30.67	12.03
33.08	12.03
33.95	25.17
34.41	25.17
37.74	46.62
40.49	31.36
41.55	31.36
44.19	18.39
44.71	18.39
45.1	18.39
46.28	12.96
46.76	4.16
47.24	4.16
48.65	1.73
50.21	1.73
50.47	27.72
52.09	41.26
55.38	41.26
56.61	32.64
56.9	32.64
57.32	32.64
58.36	38.92
60.61	38.92
63.22	9.34
66.27	37.1
68.15	37.1
69.77	8.03
71.24	8.03
73.03	8.03
76.04	8.56
77.94	8.56
78.19	8.56
78.3	50.8
81.12	50.8
82.25	50.8
83.74	9.66
84.64	24.9
85.37	24.9
85.61	37.3
87.09	37.3
89.53	37.3
92.38	4.91
94.7	4.91
95.82	4.91
97.86	4.83
99.62	4.83
102.88	4.83
103.95	10.82
105.18	13.22
105.47	13.22
108.78	13.72
110.27	13.72
111.45	19.72
114.07	6.14
117.2	6.14
117.84	4.39
121.26	4.39
123.07	4.39
126.01	6.38
127.49	6.38
127.84	6.38
129.61	30.65
131.07	30.65
131.78	28.24
134.72	28.24
134.92	40.46
135.25	40.46
138.03	40.46
141.44	38.99
144.89	38.99
148.31	0.62
151.73	0.62
152.99	0.62
154.4	36.02
154.89	36.02
156.5	36.41
156.97	36.41
157.61	23.49
158.03	11.04
161.37	11.04
164.85	11.04
166.97	39.54
169.29	39.54
169.62	39.54
169.85	20.5
171.14	12.9
173.2	12.9
175.24	12.9
177.7	38.62
179.13	38.62
182.17	33.48
183.53	33.48
185.06	33.48
186.77	28.61
189.2	28.61
191.47	28.61
193.01	45.61
195.12	45.61
196.98	6.46
199.9	6.46
200.69	6.46
201.15	5.95
204.54	5.95
204.98	5.95
207.94	50.12
210.09	27.14
212.81	26.98
212.92	26.98
215.01	26.98
218.1	22.43
219.47	22.43
222.69	42.66
223.48	42.66
226.13	14.72
228.81	21.13
230.31	21.13
230.69	46.55
231.72	29.12
233.92	29.12
235.11	29.12
235.22	1.11
238.64	1.11
238.75	1.11
240.76	41.86
242.6	16.81
243.32	35.32
244.61	35.32
246.15	46.91
248.32	45.62
251.68	45.62
