2.19	51.79
2.68	26.03
4.81	26.03
4.96	7.74
5.64	39.11
6.05	14.16
7.24	14.16
8.06	22.21
9.67	22.21
11.72	22.21
14.31	11.31
16.67	11.31
18.81	38.39
20.67	38.39
21.68	38.39
23.24	4.26
26.3	4.26
26.65	26.55
29.65	51.24
33.05	51.24
33.36	51.24
36.2	19.54
38.94	49.43
39.48	49.43
41.48	49.43
44.01	22.99
46.02	22.99
48.89	22.99
49.44	27.97
51.88	33.59
53.8	33.59
56.83	33.59
59.38	18.22
61.67	18.22
62.87	44.28
66.36	44.28
69.26	44.28
71.22	9.25
74.48	9.25
75.25	9.25
78.7	31.77
80.65	31.77
81.58	31.77
83.78	22.8
85.02	15.3
87.82	15.3
91.22	15.3
91.71	31.74
94.98	4.84
96.91	4.84
98.28	4.84
99.74	15.09
103.07	15.09
105.89	20.95
106.33	21.97
108.58	21.97
109.81	21.97
110.89	10.03
112.72	48.53
113.55	48.53
113.71	43.62
115.52	13.49
118.5	50.08
120.08	50.08
122.2	23.09
122.62	37.54
123.89	23.52
124.61	50.04
127.03	50.04
128.08	50.04
128.87	28.14
132.22	24.57
133.07	24.57
135.11	3.98
138.13	3.98
139.67	3.98
139.86	8.48
141.37	31.11
142.76	31.11
143.42	31.11
144.99	28.93
147.34	28.93
149.9	28.93
153.22	35.58
156.36	35.58
159.71	14.11
161.04	28.22
161.17	28.22
161.79	2.96
164.3	42.91
166.5	33.98
166.66	33.98
168.34	33.98
168.81	41.71
170.46	14.12
172.26	14.12
174.3	24.9
176.66	15.9
178.57	15.9
179.61	29.34
180.37	29.34
180.7	41.42
182.44	41.42
183.51	41.42
186.57	41.44
186.84	41.44
187.87	22.37
190.16	9.39
190.9	33.13
194.37	33.13
197.22	37.12
200.15	37.12
201.59	37.12
203.07	30.45
205.4	30.45
206.52	30.45
209.47	15.4
212.03	38.8
214.27	20.51
214.7	17.41
217.05	17.41
217.69	17.41
218.21	23.01
221.61	3.76
222.59	3.76
223.09	3.76
223.44	17.6
224.52	17.6
227.61	17.6
230.36	23.45
232.04	23.45
233.61	23.45
236.7	5.76
238.48	5.76
239.66	50.55
241.7	50.55
243.98	41.99
244.91	41.99
245.28	42.92
248.12	42.92
249.71	42.92
250.85	23.51
