1.71	21.92
2.77	23.55
2.97	31.33
5.15	31.33
7.0	31.33
8.67	28.84
10.36	28.84
10.56	41.13
11.89	47.31
14.35	3.4
16.98	37.49
17.43	37.49
17.58	41.85
20.74	41.85
21.8	41.85
24.25	20.44
24.45	20.44
25.62	8.93
27.58	8.93
28.13	8.93
30.2	42.68
32.34	42.68
34.83	30.22
35.75	30.22
38.25	30.22
39.95	43.96
42.0	8.32
45.03	1.39
45.72	1.39
46.97	1.39
49.23	24.43
52.17	24.43
52.28	24.43
52.75	5.49
53.55	5.49
54.13	5.49
56.14	16.53
57.18	16.53
58.62	16.53
61.95	11.76
64.68	9.32
65.67	9.32
68.49	18.91
69.69	18.91
73.15	18.91
75.93	33.2
79.22	2.64
82.41	2.64
83.19	2.64
85.54	47.13
88.07	47.13
90.03	47.13
92.98	24.8
95.38	25.72
98.38	25.72
101.23	31.95
104.01	31.95
106.34	32.72
107.9	32.72
108.28	32.72
108.39	6.63
109.79	6.63
112.68	45.6
114.91	45.6
116.18	45.6
118.88	6.37
119.81	24.61
120.04	24.61
122.18	24.61
123.96	16.3
126.33	16.3
126.86	47.59
127.04	43.46
128.01	43.46
128.95	31.57
130.05	44.48
132.8	33.01
133.98	33.01
136.35	14.33
139.81	14.33
141.69	14.33
143.84	36.36
144.71	3.15
147.17	3.15
147.92	14.78
151.42	11.5
153.53	11.5
154.56	11.5
155.9	17.94
158.13	17.94
160.79	17.94
162.61	8.92
163.09	23.55
165.79	23.55
166.5	23.55
166.96	38.48
170.19	38.48
172.06	38.48
175.53	25.9
178.13	25.9
180.6	26.53
183.78	26.53
183.9	26.53
184.15	13.28
185.41	36.77
185.79	17.46
187.21	17.46
188.76	17.46
191.32	26.28
192.57	26.28
192.95	26.28
195.28	27.83
197.97	27.83
200.93	42.53
204.27	47.75
206.42	47.75
207.59	0.22
208.56	0.22
209.68	31.53
210.22	32.15
212.59	32.15
215.69	32.15
219.01	21.63
221.97	28.98
222.61	19.43
223.18	19.43
226.56	19.43
229.2	44.88
230.37	44.88
233.86	44.88
234.51	18.22
237.49	2.05
240.87	2.05
243.54	12.42
244.83	12.42
247.62	47.81
250.55	47.81
