1.13	31.57
1.59	31.57
4.74	37.27
6.3	37.27
8.97	43.1
12.07	43.1
13.22	43.1
14.11	38.05
15.59	38.05
18.32	40.21
21.64	40.21
24.51	48.77
26.76	48.77
27.5	6.41
30.06	23.47
31.07	23.47
34.48	23.47
37.45	3.49
39.1	3.49
40.48	3.41
43.62	3.41
43.9	3.41
46.25	21.11
47.49	21.11
47.94	21.11
50.42	42.47
51.75	42.47
54.77	29.88
56.95	29.88
57.32	5.59
59.26	5.59
59.7	15.85
59.81	15.85
63.18	32.79
65.01	32.79
65.43	39.33
66.18	23.7
68.46	35.24
69.75	35.24
71.91	35.24
73.15	8.89
76.42	8.89
77.17	8.89
78.56	25.23
81.86	25.23
83.16	27.41
83.71	27.41
86.87	27.41
87.43	43.34
88.18	16.49
91.03	21.96
93.88	21.96
96.33	21.96
99.51	19.94
102.36	19.94
105.03	19.94
105.6	48.26
108.27	48.26
109.92	46.29
112.79	46.29
115.93	3.57
118.93	40.2
119.71	51.25
121.87	42.2
122.57	42.2
123.33	3.44
125.06	3.44
126.69	3.44
129.05	26.04
130.37	26.04
133.61	26.04
135.89	51.44
137.17	51.44
138.35	44.73
139.98	44.73
141.82	44.73
143.55	6.04
144.68	6.04
145.05	34.96
147.66	24.56
148.47	24.56
150.54	24.56
151.92	23.62
153.73	23.62
156.49	21.69
159.1	21.69
159.52	21.69
160.28	42.33
160.97	42.33
163.71	42.33
164.17	12.46
166.8	16.85
170.24	16.85
172.5	51.69
175.16	51.69
176.8	42.67
179.43	42.67
179.68	42.67
181.98	35.42
185.04	35.42
187.67	35.42
188.15	7.07
189.71	7.07
190.49	39.81
191.8	39.81
192.34	7.91
193.13	7.91
195.23	37.97
197.4	37.97
199.52	37.97
202.07	49.76
202.22	29.78
205.57	29.78
206.41	16.69
207.96	32.28
209.21	32.28
212.66	32.28
215.49	32.78
218.86	32.78
219.3	32.78
220.5	20.17
221.68	4.09
224.62	4.09
227.87	0.27
230.52	0.27
231.56	0.27
232.95	6.24
233.67	6.24
237.07	6.24
240.57	19.43
243.4	19.43
245.48	37.93
246.91	37.93
247.28	37.93
247.61	10.6
250.96	10.6
