1.09	39.17
3.58	39.17
4.39	29.28
6.36	8.45
7.35	8.45
8.82	46.1
12.05	46.1
14.51	12.69
16.5	12.69
18.38	12.69
20.95	44.99
22.8	12.87
23.05	46.51
26.39	46.51
28.22	46.51
31.37	9.2
32.03	9.2
32.66	9.2
35.53	23.65
36.14	23.65
39.26	23.65
40.21	38.37
42.85	18.24
45.65	41.92
47.4	16.61
50.82	36.65
52.19	36.65
52.63	36.65
55.88	16.05
58.69	3.87
59.9	3.87
63.36	3.87
64.22	28.46
67.61	28.46
70.14	28.46
73.54	19.59
76.01	19.59
77.66	19.59
80.05	40.21
81.43	40.21
81.78	18.35
82.7	18.35
86.14	18.35
88.91	5.57
92.06	5.57
94.35	5.57
94.46	11.68
96.92	11.68
100.08	2.66
103.58	2.66
104.81	47.35
105.04	22.96
105.42	40.99
108.54	50.67
111.76	50.67
113.78	25.74
113.92	1.3
115.0	1.3
116.47	14.2
119.22	36.78
119.44	36.78
122.02	3.3
122.34	51.18
122.63	21.47
126.04	21.47
127.92	5.95
129.95	5.95
130.46	49.82
133.4	49.82
135.35	49.82
135.5	19.13
138.56	19.13
142.04	45.46
142.17	34.94
142.46	34.94
142.87	34.94
144.83	5.25
148.04	5.25
150.09	5.25
152.52	21.83
154.71	17.08
154.91	17.08
157.92	35.8
159.82	35.8
161.99	35.8
162.37	22.96
165.23	22.96
168.6	22.96
171.01	26.29
172.03	26.29
173.92	6.18
175.2	6.18
176.29	28.34
176.47	28.34
177.01	28.34
179.83	10.81
182.78	10.81
184.88	7.56
186.48	7.56
189.58	7.56
190.85	48.61
191.2	48.61
193.66	48.61
195.12	16.68
196.8	16.68
198.25	11.38
198.88	44.71
199.21	44.71
199.32	44.71
201.01	10.56
203.79	10.56
204.72	10.56
207.33	44.33
208.16	44.33
211.63	44.33
213.49	44.85
213.98	44.85
215.84	44.85
219.22	14.28
222.31	47.28
222.41	47.28
224.89	47.28
225.1	30.5
228.22	32.88
229.57	5.74
232.91	17.19
234.31	17.19
237.14	17.19
240.51	17.82
240.92	17.82
242.38	24.32
244.2	48.15
246.18	48.15
248.2	1.1
248.99	1.1
252.23	1.1
