2.65	18.38
5.05	18.38
7.76	18.38
7.95	18.86
9.17	18.86
11.55	18.86
14.74	48.46
17.74	48.46
18.62	31.19
20.22	31.19
22.83	31.19
26.03	12.72
27.45	12.72
30.72	51.58
33.06	1.88
35.48	1.88
37.02	1.88
40.03	42.82
42.29	42.82
44.62	49.81
44.72	49.81
46.76	49.81
49.81	35.3
51.66	35.3
51.98	35.3
53.05	5.08
55.06	5.08
55.51	18.78
55.63	49.79
58.13	49.79
61.52	49.79
62.81	25.28
65.95	25.28
67.85	27.88
70.97	29.92
73.91	29.92
76.88	29.92
78.58	5.3
78.9	5.3
82.16	5.3
84.52	46.02
87.81	46.02
90.55	46.02
93.48	23.41
95.68	23.41
98.77	8.03
101.23	8.03
102.6	25.4
104.77	25.4
105.52	15.52
106.37	15.52
107.35	15.52
110.21	51.46
110.35	24.58
111.69	24.58
111.99	24.34
114.94	24.34
115.22	39.21
116.29	29.68
118.98	29.68
120.74	29.68
121.08	7.47
123.84	25.45
126.32	28.72
128.21	28.72
131.44	28.72
134.71	27.66
135.37	27.66
136.02	49.5
138.86	49.5
140.26	49.5
142.16	7.1
144.56	7.1
145.72	8.12
147.23	8.12
148.3	17.14
149.05	36.27
151.59	36.27
151.9	36.27
154.57	1.37
154.72	42.49
156.16	42.49
158.46	22.26
161.0	22.26
163.32	18.84
164.12	18.84
166.5	23.64
169.45	23.64
169.76	16.86
170.13	16.86
171.42	16.86
174.1	46.45
175.08	46.45
175.82	46.45
179.11	39.82
180.84	39.82
182.51	39.82
184.77	28.62
186.92	28.62
189.53	36.29
190.49	36.29
190.66	36.29
192.22	24.94
194.95	14.27
196.41	20.02
198.82	20.02
201.59	20.02
203.0	43.78
203.65	43.78
205.74	26.16
206.06	26.16
208.63	26.16
209.13	0.91
211.05	0.91
213.9	20.59
216.85	20.59
217.68	20.59
218.39	19.58
221.1	19.58
223.67	8.37
224.25	8.37
225.88	8.37
226.64	43.6
227.09	43.6
229.82	15.53
231.41	15.53
234.74	15.53
237.0	10.8
239.03	10.8
239.25	51.94
240.04	51.94
243.17	51.94
244.77	17.15
247.53	17.15
249.85	0.73
251.54	5.77
