0.43	41.47
2.56	41.47
2.8	35.87
5.14	35.87
5.87	5.5
6.61	5.5
7.0	39.14
7.93	39.14
9.11	24.33
12.56	0.79
14.74	0.79
17.29	0.79
18.35	35.95
21.19	37.29
24.27	37.29
27.16	37.29
30.38	3.32
32.7	3.32
33.44	14.67
34.87	14.67
35.3	14.67
37.75	17.29
38.12	8.56
39.96	34.88
43.28	34.88
43.58	34.88
47.02	48.05
48.68	48.36
51.86	27.97
55.21	27.97
57.68	27.97
59.01	44.27
59.87	32.73
61.36	32.73
61.87	32.73
62.59	7.16
63.72	13.09
64.27	13.09
67.71	15.94
69.49	15.94
69.98	48.1
71.38	48.1
74.79	11.62
76.96	19.84
78.4	19.84
80.43	19.84
82.53	46.83
84.33	46.83
85.76	48.9
87.11	48.9
90.43	34.97
90.72	34.97
93.91	39.74
96.97	31.35
97.11	31.35
98.69	31.35
100.87	0.32
102.86	0.32
104.41	13.94
105.19	1.44
107.06	1.44
109.1	1.44
111.84	24.02
113.94	24.02
116.29	42.18
117.86	42.18
118.67	42.18
121.13	24.62
124.14	24.62
124.71	42.69
127.11	50.37
129.53	47.94
130.37	47.94
131.66	47.94
134.47	44.24
136.23	44.24
137.55	44.24
140.27	16.76
141.23	16.76
143.23	16.76
146.05	33.18
147.66	33.18
148.63	10.45
150.57	7.17
150.89	7.17
154.26	32.11
155.99	32.11
158.09	32.11
160.91	33.11
162.27	33.11
164.75	33.11
165.74	48.7
166.73	38.03
169.37	38.03
169.88	40.92
170.53	7.98
171.18	7.98
172.51	47.54
173.73	47.54
176.94	47.54
178.37	32.88
181.67	32.88
183.99	24.47
186.7	24.47
190.02	24.47
191.02	42.24
191.54	36.82
194.86	37.15
197.01	43.2
199.68	42.09
202.56	42.09
204.45	46.46
205.74	46.46
208.56	51.41
210.06	22.68
211.11	8.58
214.23	8.58
216.24	8.58
219.02	21.75
220.4	21.75
223.69	14.27
225.06	14.27
227.58	14.27
228.13	29.46
229.37	29.46
229.72	26.71
230.78	26.71
232.16	46.42
232.7	46.42
235.35	21.11
237.65	21.11
237.91	50.15
239.6	50.15
242.73	50.15
243.73	8.45
246.4	8.45
249.82	10.29
251.49	10.29
