1.03	4.89
4.41	4.89
4.9	39.05
6.27	39.05
8.56	38.89
11.06	38.89
12.66	38.89
12.89	16.14
14.27	16.14
16.51	4.71
17.38	4.71
20.35	48.24
21.99	48.24
24.06	48.24
24.57	13.21
27.47	34.41
27.81	46.21
29.01	46.21
31.68	12.34
32.22	12.34
34.23	12.34
34.67	5.89
37.14	5.89
39.16	5.89
42.18	41.74
43.33	41.74
46.44	41.74
46.69	16.28
48.32	16.28
50.03	16.28
50.32	38.04
51.56	38.04
52.33	38.04
52.5	35.43
52.86	39.39
53.98	35.43
56.68	35.43
57.11	6.13
59.73	6.13
62.08	35.91
65.2	35.91
67.24	16.42
69.07	16.42
71.12	16.42
71.39	11.13
74.33	11.13
74.75	11.13
75.65	13.56
76.44	13.56
79.62	13.56
80.74	38.75
82.77	38.75
84.39	12.92
85.37	12.92
86.63	39.75
89.38	32.67
89.7	32.67
91.69	32.67
92.55	0.51
93.93	0.51
95.39	0.51
95.86	51.72
98.26	51.72
98.36	6.55
98.52	6.55
100.24	6.55
102.54	30.49
104.37	35.82
107.78	35.82
109.98	35.82
111.69	30.08
113.12	30.08
114.06	30.87
116.64	51.05
119.98	35.42
120.2	35.42
120.93	40.63
121.72	40.63
124.55	40.63
126.92	18.61
129.42	18.61
132.81	18.61
135.35	4.78
137.82	38.58
138.09	38.58
140.75	38.58
143.85	12.24
146.3	12.24
147.81	12.24
150.0	9.98
151.43	9.98
153.27	40.08
154.07	48.01
156.62	48.01
158.07	48.01
159.51	24.52
160.87	24.52
163.66	24.52
164.39	34.9
167.27	34.9
170.73	14.57
173.4	18.49
176.22	45.32
176.7	45.32
176.93	11.55
179.42	2.31
180.37	2.31
181.58	41.95
184.9	41.95
185.57	41.95
186.28	4.42
189.19	4.42
189.55	41.29
190.38	10.64
192.05	10.64
195.19	10.64
195.8	12.76
198.99	12.76
199.44	2.31
202.09	2.31
203.87	18.27
205.77	10.72
207.38	10.72
209.07	23.9
209.37	23.9
212.01	23.9
212.75	34.28
213.1	34.28
214.29	27.91
215.87	27.91
216.33	27.91
218.63	26.3
222.12	26.3
223.86	36.25
224.81	36.25
225.18	36.25
227.62	33.02
230.56	33.02
232.94	33.02
234.77	7.5
235.04	28.74
236.85	39.32
238.05	39.32
239.01	39.32
239.13	29.14
241.55	29.14
241.91	29.14
244.08	35.0
246.08	35.0
248.29	35.0
251.33	50.63
