0.41	11.75
0.98	11.75
1.5	11.75
4.03	26.49
4.23	37.66
5.08	37.66
7.82	37.66
9.23	26.1
12.4	26.1
14.41	26.1
15.81	28.68
18.58	28.68
20.82	28.68
24.31	0.9
24.71	0.9
25.43	47.58
26.61	27.03
30.02	27.03
32.29	21.28
33.72	35.44
34.08	46.29
34.46	46.29
37.56	46.47
39.73	35.1
40.04	35.1
40.81	35.1
41.6	34.7
43.03	36.64
44.22	36.64
47.25	19.59
49.02	19.59
51.15	19.59
54.38	49.57
55.51	23.66
57.38	23.66
59.28	32.86
62.66	32.86
62.78	0.48
66.03	0.48
66.66	0.48
66.84	27.92
68.53	27.92
68.89	46.97
70.02	51.61
71.24	51.61
74.13	51.61
75.97	16.58
79.31	16.58
82.52	16.58
82.7	47.07
83.21	47.07
86.2	22.23
89.11	9.64
91.72	9.64
92.15	9.64
92.49	6.08
93.04	6.08
95.56	6.08
95.91	50.07
96.22	10.19
99.08	10.19
99.53	19.85
101.39	19.85
103.01	19.85
105.94	27.64
106.37	27.64
109.42	7.53
110.82	7.53
113.97	36.81
115.7	36.81
118.6	20.98
120.55	20.98
123.46	20.98
126.78	39.01
128.48	3.41
130.93	3.41
132.66	16.95
134.56	16.95
134.89	16.95
137.52	15.46
138.41	15.46
141.1	25.77
142.42	25.77
143.32	49.71
145.04	49.71
145.97	10.41
149.11	19.58
151.03	19.58
153.41	19.58
154.48	45.86
157.61	45.86
159.27	45.86
160.76	5.91
163.81	41.53
164.53	41.53
166.72	41.53
167.73	16.48
170.79	16.48
173.15	16.48
173.55	27.47
175.85	27.47
177.66	26.63
177.85	26.63
180.81	24.33
182.44	24.33
182.91	17.8
183.6	50.78
185.35	50.78
188.75	50.78
190.75	13.66
194.13	13.66
196.77	42.82
198.31	42.82
199.89	42.82
202.13	0.35
203.79	0.35
204.33	0.35
205.91	17.1
207.75	17.1
207.91	43.38
211.03	25.55
214.06	25.55
216.52	49.3
218.2	49.3
219.81	49.3
222.58	45.09
225.12	45.09
226.2	45.09
227.17	42.79
228.34	11.76
230.57	11.76
231.59	33.71
233.67	33.71
234.76	29.8
237.61	29.8
240.24	27.51
241.31	31.75
244.17	31.75
245.03	31.75
246.43	20.79
249.69	24.16
252.09	24.16
