2.95	1.21
6.06	1.21
9.1	1.21
12.56	38.69
12.72	38.69
15.53	38.69
16.09	42.35
16.31	42.35
17.34	42.35
19.65	39.71
20.71	34.87
21.0	34.87
22.52	12.26
23.09	14.36
23.9	22.5
24.07	22.5
25.24	7.32
26.34	7.32
29.15	7.32
29.9	47.91
31.44	47.91
31.77	46.75
32.86	46.75
35.87	14.72
36.54	13.03
37.85	13.03
38.37	13.03
40.65	35.43
43.8	35.43
46.96	14.99
49.18	14.99
52.04	14.99
53.98	32.09
55.78	19.48
57.83	41.54
60.13	8.57
62.37	8.57
65.78	8.57
68.69	31.94
71.26	31.94
71.5	40.28
74.87	40.28
75.89	1.94
76.17	40.27
79.45	40.27
80.67	40.27
83.04	11.94
85.37	11.94
85.57	27.23
88.95	27.23
91.44	27.23
93.95	33.22
96.23	33.22
98.73	7.42
101.59	1.97
103.49	1.97
104.08	45.11
107.4	45.11
109.36	42.83
112.27	42.83
113.8	29.54
114.96	29.54
116.93	12.13
120.33	4.02
122.51	30.87
125.82	1.84
126.22	1.84
127.02	48.94
128.19	48.94
129.95	26.69
130.32	35.86
131.37	41.73
134.51	30.88
137.39	30.92
140.19	38.24
143.43	39.64
144.4	39.64
145.49	15.96
148.14	37.12
149.94	37.12
153.36	42.49
154.22	42.49
157.48	15.8
159.77	15.8
161.04	15.8
163.06	2.3
164.66	2.3
167.72	13.45
170.25	46.98
173.46	46.98
174.22	46.98
176.07	35.02
178.99	35.02
179.59	46.81
181.43	46.81
183.3	6.04
185.19	6.04
186.68	6.04
188.06	4.58
191.16	4.58
192.18	4.58
194.98	25.87
195.96	25.87
196.54	30.97
198.31	30.97
199.7	11.24
200.25	11.24
202.39	11.24
202.6	49.35
203.75	49.35
206.28	49.35
207.06	32.95
209.09	32.95
210.82	28.45
213.1	28.45
214.23	23.85
217.28	23.85
219.93	23.85
222.87	43.52
224.66	43.52
226.54	43.52
227.33	25.43
229.53	13.54
230.86	13.54
232.14	13.54
233.2	16.66
233.75	16.66
235.04	16.66
236.26	22.55
236.96	22.55
238.47	22.55
240.28	13.7
240.84	13.7
243.34	13.7
244.01	16.35
244.87	16.35
245.0	45.94
247.08	45.94
247.27	45.94
248.02	30.31
250.28	30.31
