0.41	8.99
3.23	8.99
6.52	18.86
8.57	18.86
8.9	18.86
12.11	47.6
14.32	47.6
17.65	47.6
20.25	42.75
23.63	28.44
24.64	28.44
25.08	7.99
25.24	41.03
27.02	41.03
27.65	8.23
30.46	8.23
32.57	9.96
33.19	9.96
36.45	9.11
37.41	9.11
39.03	10.14
40.24	10.14
41.8	35.53
43.64	35.53
43.95	35.53
44.17	30.41
47.65	30.41
48.18	21.44
50.17	21.44
50.7	47.13
51.73	46.91
52.61	46.91
55.3	46.91
56.66	30.02
57.8	19.46
60.08	19.46
61.95	8.81
62.33	8.81
65.16	8.81
67.29	34.65
70.11	28.6
71.2	39.92
73.09	39.92
75.99	48.63
77.86	48.63
79.92	39.65
83.11	39.65
85.94	39.65
86.67	46.26
89.18	46.26
89.48	9.9
91.53	9.9
91.69	16.92
92.89	16.92
94.64	10.99
97.77	38.93
100.08	38.93
102.12	38.93
105.48	15.63
108.98	49.7
109.19	49.7
110.39	9.65
110.99	35.14
111.77	35.14
115.12	35.14
118.55	13.08
120.81	13.08
123.5	23.21
126.79	23.21
127.79	23.21
129.33	34.66
130.74	34.66
131.65	34.66
134.9	32.63
136.78	32.63
139.27	12.5
141.39	12.5
143.35	7.93
143.94	20.18
146.87	20.18
149.3	49.39
151.53	49.39
154.83	49.39
158.09	24.51
161.52	19.79
164.34	19.79
166.76	48.67
166.99	48.67
168.39	48.67
169.73	1.67
170.36	1.67
171.08	29.1
172.26	29.1
175.13	29.1
177.97	46.73
179.24	46.73
179.46	43.33
180.68	43.33
182.52	13.21
184.36	46.25
187.61	46.25
188.77	46.25
190.42	14.28
192.23	14.28
193.72	14.28
194.75	44.62
195.14	44.62
196.81	8.09
197.6	8.09
197.86	8.09
198.2	7.96
201.66	7.96
202.03	7.96
204.96	12.6
207.4	12.6
209.98	12.6
210.93	39.9
211.57	39.9
211.68	7.87
212.4	37.63
214.94	31.95
215.9	31.95
216.61	31.95
217.86	14.63
219.11	22.96
222.33	22.96
223.39	22.96
225.2	8.63
226.25	8.63
227.71	8.63
230.93	35.33
233.58	23.07
235.2	43.1
236.31	22.7
239.59	22.7
240.82	34.01
241.62	34.01
244.5	34.01
245.17	12.99
246.87	12.99
249.87	44.25
250.16	44.25
