1.68	28.11
2.28	28.11
2.7	9.3
2.91	9.3
3.1	11.47
3.4	11.47
6.84	2.82
9.29	2.82
12.61	37.59
14.03	37.59
17.17	15.91
17.29	15.91
20.05	25.96
21.05	25.96
23.58	8.08
24.58	6.31
27.55	6.31
29.24	34.36
30.01	5.31
32.15	5.31
34.17	1.96
35.33	1.96
38.68	1.96
41.09	13.91
42.67	13.91
44.46	13.91
45.26	23.96
45.44	23.96
46.41	23.96
47.13	27.39
50.32	27.39
53.63	27.39
56.7	27.87
58.3	27.87
60.62	27.87
63.97	47.97
65.92	47.97
68.24	47.97
71.63	21.33
73.09	22.34
74.31	22.34
76.1	22.34
79.56	27.29
80.52	28.07
81.18	28.07
81.84	28.07
83.37	47.85
85.71	47.85
86.07	42.87
88.06	11.26
88.19	13.34
90.06	13.34
91.65	13.34
92.16	35.28
94.15	17.33
96.44	17.33
96.63	17.33
98.08	14.25
100.51	14.25
100.61	6.53
103.36	6.53
104.5	6.53
107.24	38.63
107.54	38.63
107.9	38.63
108.76	21.08
112.21	21.08
112.47	21.08
115.73	10.72
117.27	9.9
119.39	9.9
122.42	1.89
125.08	1.89
125.34	29.08
126.65	29.08
128.29	25.9
131.29	38.54
133.58	18.07
136.94	32.25
140.08	32.25
143.54	34.06
144.43	34.06
145.61	34.06
146.3	41.44
148.04	41.44
150.6	41.44
152.64	12.39
155.38	3.53
157.78	3.53
161.17	20.86
163.22	34.14
166.66	33.34
170.01	33.34
170.55	50.37
171.36	27.02
171.78	27.02
175.01	27.02
176.9	51.18
177.17	51.18
180.59	6.58
181.53	6.58
184.45	31.34
187.73	31.34
189.97	49.4
191.29	36.53
194.17	48.42
195.28	48.42
198.4	48.42
200.52	30.27
201.16	40.21
202.04	40.21
203.39	40.21
204.75	41.43
206.74	41.43
207.57	41.43
209.36	31.52
210.22	31.52
211.09	17.91
213.95	17.91
216.09	17.91
218.65	30.34
222.06	29.46
224.51	10.94
227.41	10.94
228.43	10.94
231.09	23.22
231.89	23.22
232.21	23.22
233.01	17.97
233.69	17.97
236.73	17.97
238.44	38.59
240.84	36.37
241.07	36.37
241.84	37.04
242.77	37.04
245.43	37.04
246.78	46.77
248.83	46.77
252.07	46.77
