3.33	4.45
3.45	4.45
3.95	4.45
6.46	16.82
7.75	16.82
9.99	16.82
11.17	51.54
13.83	51.54
16.88	51.54
19.74	10.88
22.36	45.64
23.84	3.15
26.27	3.15
29.23	40.12
32.49	39.39
35.08	39.39
36.79	6.26
38.79	6.26
41.46	46.3
42.27	46.3
45.4	35.09
47.4	13.39
48.19	13.39
49.4	27.12
52.43	27.12
53.62	43.48
55.43	43.48
58.08	12.37
59.01	12.37
60.11	51.88
62.61	3.94
63.8	3.94
65.68	3.94
66.91	12.94
70.38	12.94
72.9	9.02
73.04	9.02
74.5	35.8
77.75	35.8
80.02	35.8
81.93	40.84
82.2	40.84
84.49	30.73
84.79	30.73
88.21	47.6
88.4	47.6
90.31	47.6
91.93	32.74
92.38	25.21
93.68	25.21
95.64	25.21
98.65	38.95
101.65	24.66
101.95	24.66
104.21	24.66
106.66	4.16
108.45	4.16
109.62	4.16
112.24	47.39
115.41	47.39
115.8	47.39
119.0	34.72
122.2	34.72
124.13	11.16
125.98	11.16
127.81	11.16
130.18	3.81
132.26	3.81
133.18	25.66
136.22	25.66
137.1	25.66
138.47	37.49
140.38	37.49
140.63	37.49
143.63	15.19
146.56	14.15
147.58	34.38
147.7	4.89
149.9	29.13
150.91	25.29
152.57	25.29
153.08	38.04
155.0	38.04
156.19	11.41
158.96	11.41
160.16	11.41
161.91	7.66
163.44	10.47
166.26	10.47
167.27	45.76
168.23	5.47
168.92	5.47
169.63	41.41
171.86	41.41
175.17	41.41
176.4	26.14
179.67	35.48
183.16	35.48
185.14	35.48
187.24	22.31
188.43	22.31
189.63	22.31
190.41	47.42
193.06	41.31
195.88	41.31
198.73	42.11
199.22	42.11
201.05	42.09
201.59	1.02
201.82	1.02
202.61	1.02
203.88	16.13
206.98	16.13
208.98	16.13
211.19	17.18
211.63	17.18
214.64	17.18
216.2	29.51
218.32	29.51
221.7	29.51
224.26	51.08
224.67	32.08
225.23	32.08
227.05	3.6
227.98	3.6
228.61	3.6
229.04	16.8
229.5	16.8
231.92	16.8
235.18	25.93
237.88	25.93
238.8	25.93
240.99	23.71
242.65	23.71
244.13	9.05
245.33	9.05
245.7	10.45
249.09	10.45
252.14	10.45
