1.67	17.27
4.14	16.25
4.24	19.19
5.47	19.19
6.71	29.83
8.11	29.83
10.75	46.83
13.41	46.83
16.22	46.83
17.21	38.01
20.18	38.01
21.43	38.01
22.27	1.42
24.88	1.42
26.66	30.49
27.74	4.87
30.43	4.87
32.09	4.87
35.03	51.36
37.02	51.36
40.32	4.27
42.79	46.47
44.01	46.47
46.48	23.52
48.13	23.52
51.54	41.11
54.54	41.11
54.83	31.32
55.87	44.23
58.37	44.23
59.04	44.23
60.51	33.92
63.07	33.92
64.87	35.33
67.06	35.33
67.29	35.33
68.77	11.62
69.38	5.41
69.49	3.03
71.96	24.1
74.41	24.1
75.57	16.08
78.15	21.06
81.44	21.06
82.08	21.06
82.37	44.31
82.98	44.31
85.78	0.56
89.14	0.56
90.69	0.56
94.11	2.76
96.17	2.76
98.37	37.85
101.23	37.85
101.65	37.85
104.3	46.05
106.41	46.05
108.99	19.78
109.24	19.78
112.37	19.78
115.57	37.9
115.82	24.73
116.69	24.73
118.93	24.73
119.88	2.56
120.46	2.56
121.12	38.25
122.23	33.09
124.77	33.09
126.03	33.09
127.0	26.17
127.64	25.75
129.95	25.75
131.32	25.75
131.82	17.59
133.18	17.59
133.95	17.59
136.2	33.84
137.97	51.63
138.19	11.8
140.75	31.41
142.58	51.65
145.34	51.65
146.49	36.99
149.11	36.99
150.66	36.99
152.28	7.11
152.75	7.11
152.97	18.86
155.7	25.58
156.91	25.58
160.3	25.58
162.15	12.81
164.56	12.81
166.09	12.81
168.36	8.56
168.87	21.75
171.62	34.81
173.16	41.02
174.66	41.02
176.97	41.02
179.88	22.35
180.15	22.35
182.68	22.35
186.02	52.0
186.78	52.0
187.69	52.0
190.3	45.81
192.7	45.81
195.18	23.99
197.59	28.21
200.68	28.21
203.75	3.61
205.93	25.21
206.91	25.21
210.08	25.21
213.06	5.36
215.62	35.94
217.43	35.94
218.46	35.94
221.52	35.51
222.84	35.51
224.92	35.51
225.35	50.78
225.67	50.78
226.35	48.55
227.71	48.55
229.16	18.42
230.23	9.06
232.52	21.54
235.3	11.67
237.56	11.67
237.81	33.09
238.04	31.53
240.92	31.53
242.53	47.4
245.09	47.4
246.33	15.93
246.93	39.46
247.17	39.46
250.2	39.69
