3.37	49.91
4.51	49.91
5.52	14.13
5.63	12.24
7.0	12.24
7.88	8.92
11.14	8.92
12.28	8.92
12.97	29.84
15.36	29.84
15.97	29.84
19.45	21.88
20.25	27.76
23.49	27.76
24.34	27.76
26.46	36.84
29.72	41.76
32.46	41.76
34.19	41.76
35.81	25.11
37.28	25.11
39.32	25.11
41.8	8.99
43.57	8.99
45.01	8.99
45.69	41.04
48.39	41.04
51.23	41.04
52.14	30.83
52.31	30.83
53.47	30.83
56.45	25.32
57.24	11.41
58.15	27.03
60.88	27.03
63.49	27.03
65.07	0.38
68.08	0.38
69.7	31.49
73.0	31.49
75.0	31.98
78.03	43.17
81.36	43.17
83.7	43.17
86.28	25.65
86.48	43.48
88.51	43.48
91.31	15.31
94.67	15.31
97.53	18.28
98.68	18.28
99.68	18.92
100.44	30.64
100.77	30.64
102.56	14.59
102.92	24.96
104.86	45.65
107.5	45.65
108.54	45.65
111.7	2.3
112.11	2.3
112.85	1.13
114.52	1.13
117.81	1.13
120.69	44.93
123.07	8.33
124.91	36.8
125.39	36.8
125.71	36.8
127.41	32.62
129.69	32.62
131.33	32.62
134.36	32.54
135.37	7.05
136.24	46.48
138.43	49.18
140.49	6.96
143.23	10.28
146.43	14.31
149.75	14.31
152.3	45.63
153.09	2.85
155.54	2.85
156.48	2.85
156.82	39.12
157.64	11.3
158.45	11.3
160.57	24.29
161.64	24.29
164.81	24.53
167.33	24.53
170.12	24.53
171.99	14.83
172.59	14.83
172.92	14.83
176.22	24.89
179.44	24.89
181.78	24.89
185.18	2.76
187.98	3.51
188.58	3.51
189.16	29.81
191.56	29.81
194.49	3.46
195.35	3.46
196.34	2.89
199.21	2.89
201.2	45.63
204.54	45.63
207.28	45.63
209.29	48.86
211.15	39.01
211.46	39.01
212.9	18.87
214.52	18.87
216.37	18.87
216.72	18.63
216.91	18.63
217.85	18.63
218.15	44.54
220.98	5.67
222.15	44.75
223.29	44.75
224.51	44.75
225.48	10.1
225.94	10.1
228.57	46.54
231.94	46.54
232.32	46.54
233.02	21.36
234.87	39.59
237.27	39.59
238.02	44.83
241.41	44.83
243.91	44.83
246.27	41.65
248.4	8.23
250.41	8.23
