1.03	0.68
4.09	0.68
5.46	32.37
6.03	32.37
8.16	32.37
8.39	36.45
9.05	41.64
9.31	41.64
10.26	41.64
13.17	12.69
16.66	12.31
19.51	23.64
19.62	23.64
20.51	23.64
21.21	15.84
23.39	15.84
25.32	48.47
26.71	13.4
27.2	5.34
28.28	5.34
29.59	35.25
29.96	35.25
31.77	35.25
34.15	1.11
37.39	43.67
39.61	43.67
39.99	43.67
42.33	19.36
44.11	12.61
46.7	12.61
48.24	4.68
49.23	4.68
50.15	5.51
53.16	33.3
55.93	33.3
56.38	33.3
59.58	33.98
60.7	34.08
61.35	34.08
64.0	34.08
66.23	39.27
67.77	39.27
68.57	50.67
71.53	43.33
73.1	48.01
76.14	48.01
79.26	35.2
82.65	35.2
85.46	17.06
87.09	4.5
90.13	41.32
92.59	41.32
94.29	38.24
97.46	38.24
100.26	38.24
102.46	3.22
105.96	3.22
108.18	47.64
111.43	47.64
111.91	35.86
113.32	35.86
115.65	19.97
118.11	19.97
120.26	19.97
122.36	25.51
123.47	14.07
125.11	14.07
127.26	17.12
129.24	49.18
132.36	6.44
132.86	15.61
135.22	15.61
137.3	45.5
140.68	45.5
142.0	45.5
144.86	8.58
147.32	8.58
150.56	48.02
150.98	48.02
153.98	12.3
154.09	12.3
155.51	28.5
157.42	37.42
160.12	37.42
162.82	37.42
163.94	20.95
165.17	20.95
167.78	8.28
169.04	39.01
170.96	39.01
171.56	39.01
172.2	28.48
174.47	50.54
177.53	50.54
180.12	27.54
183.37	27.54
186.62	12.74
189.29	13.45
192.39	13.45
193.12	13.45
194.13	36.55
196.5	42.71
198.28	34.5
200.69	34.5
201.81	22.1
204.22	22.1
205.84	13.27
208.09	13.27
208.49	13.27
210.68	28.34
211.27	28.34
211.55	45.1
213.73	5.88
216.5	5.88
218.14	42.46
220.72	42.46
221.61	42.46
222.16	1.82
224.8	1.74
225.21	1.74
226.04	1.74
229.41	33.26
230.44	33.26
232.03	33.26
232.5	8.52
235.97	46.96
237.04	19.31
240.2	30.96
243.53	30.96
246.17	30.96
246.59	14.98
247.11	46.64
247.71	46.64
251.05	46.64
