2.56	24.2
4.48	9.11
5.27	9.11
7.08	27.4
7.35	27.4
10.46	27.4
10.88	3.52
14.2	3.52
17.35	3.52
20.75	18.98
22.58	43.89
22.71	50.97
26.07	15.28
27.11	15.28
28.8	7.62
31.13	7.62
34.28	41.02
35.35	41.02
36.46	41.02
38.79	43.48
39.61	43.48
40.6	30.84
43.87	30.84
47.02	30.84
47.71	17.67
49.28	34.15
50.84	34.15
54.02	34.15
55.08	38.55
57.04	38.55
59.52	35.9
59.74	1.3
60.35	37.45
63.11	37.45
66.27	37.45
68.45	35.67
69.9	35.67
72.69	6.93
75.73	14.56
78.74	14.56
79.22	14.56
81.29	31.53
82.95	15.25
85.9	15.25
87.69	15.25
89.71	25.23
90.5	25.23
91.25	4.1
92.47	43.48
95.04	14.29
97.12	26.35
98.02	26.35
98.73	26.35
99.66	19.7
101.51	19.7
104.56	19.7
106.13	11.55
108.46	11.55
110.46	11.55
112.38	19.2
113.99	33.1
116.27	33.1
119.22	33.1
120.78	26.76
121.63	33.26
124.11	33.26
127.42	37.83
128.13	37.83
131.36	37.83
133.83	40.51
135.39	42.87
138.42	42.87
140.4	42.87
142.27	24.47
145.25	24.47
148.32	24.47
149.83	21.23
151.92	32.81
152.81	27.08
154.12	22.39
156.44	22.39
156.94	12.16
157.31	12.16
158.98	9.12
160.02	26.33
161.58	26.33
164.16	27.87
167.6	14.53
170.41	14.53
170.8	14.53
174.19	1.23
175.97	1.23
177.35	27.3
180.55	27.3
183.33	27.3
184.42	45.97
185.18	45.97
188.19	45.97
190.0	32.86
191.04	32.86
192.91	32.86
194.92	37.61
197.11	37.61
200.55	45.69
202.19	14.18
204.52	39.31
204.86	39.31
207.71	15.76
209.02	15.76
211.49	15.76
211.61	1.02
213.7	1.02
214.49	1.02
215.16	11.24
217.69	11.24
218.41	11.24
219.78	42.83
220.07	1.75
221.8	1.75
222.77	1.75
224.35	34.88
227.2	34.88
228.76	29.26
230.89	29.26
232.66	5.8
236.12	5.8
236.9	6.87
240.39	36.58
241.76	20.39
242.19	19.89
245.3	19.89
246.45	19.89
249.58	26.41
250.69	48.67
