2.33	23.02
3.98	44.9
6.45	44.9
8.1	25.54
10.95	25.54
14.37	15.46
15.39	15.46
15.74	11.63
17.09	31.22
19.96	47.77
21.2	47.77
24.08	47.77
25.6	15.38
27.81	45.76
30.05	6.25
30.42	6.25
32.68	27.5
34.46	43.61
36.04	43.61
36.32	13.39
38.07	13.39
41.04	19.4
42.62	19.4
44.15	19.4
47.26	47.3
47.47	47.3
50.75	47.3
53.62	22.68
54.01	22.68
56.32	22.68
56.62	33.15
59.54	14.3
62.9	14.3
65.43	46.72
67.4	46.72
67.81	22.48
70.04	22.48
70.79	22.48
71.23	25.25
73.97	25.25
74.69	38.74
77.47	18.41
78.29	20.27
81.35	10.47
84.84	10.47
85.63	10.47
86.86	27.34
88.6	27.34
89.94	32.3
92.47	32.3
95.04	1.92
95.73	1.92
97.06	1.92
98.73	4.75
99.44	4.75
102.41	4.75
105.62	35.0
108.1	35.0
110.2	35.0
112.09	14.59
114.31	45.83
117.09	45.83
120.34	3.78
122.26	3.78
124.7	26.11
124.85	26.11
125.93	26.11
127.28	40.46
130.33	40.46
132.2	31.96
135.36	31.96
137.88	31.96
140.74	19.74
142.22	19.74
145.34	20.27
147.18	20.27
150.59	28.77
153.11	28.77
154.35	28.77
157.15	48.97
158.49	48.97
159.74	41.76
163.2	41.76
166.48	41.76
168.31	31.58
169.77	31.58
173.23	31.58
174.96	39.29
176.31	39.29
177.29	39.29
177.94	31.65
180.61	28.79
181.48	28.79
184.28	28.79
184.77	34.22
187.69	34.22
189.02	2.18
191.23	2.18
193.3	44.4
196.58	44.4
199.88	44.4
200.37	29.74
203.09	29.74
206.33	29.74
208.14	20.8
209.03	20.8
210.25	20.8
212.37	5.79
215.65	5.79
216.37	5.79
218.43	48.44
221.62	48.44
222.94	28.91
225.35	28.91
228.67	28.91
230.45	33.88
233.09	33.88
233.86	33.88
234.84	19.55
235.25	19.55
237.12	19.55
238.13	31.7
240.16	50.33
241.23	35.43
241.76	46.46
242.4	46.46
245.9	46.46
248.85	4.97
251.77	24.83
