2.67	22.83
4.0	34.95
5.78	34.95
6.59	29.73
9.88	2.86
10.59	2.86
12.05	2.86
14.62	25.78
14.97	25.78
18.0	25.78
20.63	27.71
23.62	27.71
25.15	29.62
25.79	19.96
26.27	19.96
26.52	48.02
27.22	48.02
29.51	48.02
30.35	13.57
32.71	37.38
34.67	37.38
35.16	37.38
37.73	6.25
39.58	13.12
41.84	35.15
44.33	35.15
45.35	35.15
45.59	7.65
45.99	51.51
48.96	51.51
50.29	51.51
52.51	42.27
54.72	42.27
57.58	14.69
59.41	14.69
61.47	14.69
63.24	34.64
65.37	34.64
66.09	34.64
67.92	45.57
70.9	45.57
72.24	45.57
74.74	36.83
76.79	33.76
77.56	33.76
79.83	33.76
82.52	8.82
84.54	36.01
86.94	48.19
87.22	13.92
89.12	1.06
92.04	10.19
94.22	10.19
97.36	6.91
100.34	6.91
103.37	6.91
105.16	45.36
108.33	45.36
110.85	18.2
111.63	9.11
112.74	9.11
114.69	9.11
117.79	35.13
119.45	22.16
122.92	16.76
125.01	16.76
128.17	30.78
129.03	30.78
132.11	30.78
135.38	21.47
137.35	21.47
138.28	21.47
139.03	39.44
139.98	39.44
141.57	39.44
143.14	27.88
146.35	27.88
148.68	12.82
151.65	12.82
154.28	12.82
154.47	25.8
155.48	45.97
156.2	45.97
156.39	14.73
157.5	14.73
158.28	14.73
158.78	42.14
160.66	46.54
160.93	28.78
163.24	42.42
165.36	45.41
165.77	45.41
168.28	13.53
168.9	13.53
171.24	13.53
172.41	18.38
175.45	43.2
178.41	43.2
179.31	43.2
182.53	43.45
186.03	43.45
186.89	43.45
187.77	14.53
190.38	14.53
191.84	14.53
194.78	3.09
198.08	3.09
199.64	1.5
201.24	31.68
201.59	50.37
204.04	25.9
204.52	25.9
207.97	4.89
210.18	4.89
210.89	1.8
212.7	1.8
213.66	1.8
217.1	19.64
218.87	19.64
221.42	39.04
222.46	36.99
223.56	36.99
224.58	46.68
226.63	46.68
228.04	46.68
229.71	19.06
230.9	24.62
231.74	24.72
232.26	24.72
235.65	24.72
239.01	35.84
242.0	35.84
245.28	2.74
246.99	2.74
247.82	48.69
247.99	48.69
251.36	25.05
