2.46	16.79
5.19	41.28
8.58	41.28
9.15	29.2
9.94	29.2
11.73	29.2
12.49	21.88
15.91	21.88
16.68	21.88
16.95	5.4
18.16	7.32
21.35	7.32
21.77	7.85
22.66	21.49
23.85	21.49
25.02	44.27
25.24	44.27
25.89	37.68
29.02	51.37
29.58	51.37
30.71	48.26
34.0	48.26
36.8	48.26
39.08	21.73
41.75	21.73
41.86	0.71
42.98	0.71
44.38	0.71
46.31	44.25
49.33	14.05
50.9	14.05
53.89	14.05
54.11	47.17
55.18	10.32
55.81	43.53
56.07	43.53
57.25	43.53
60.18	2.18
62.88	13.97
64.47	21.87
67.13	21.87
69.11	21.87
71.34	21.31
73.68	21.31
76.0	47.1
77.15	9.33
80.07	14.59
81.46	50.56
84.34	27.24
86.21	27.24
88.64	47.78
89.27	47.78
91.57	47.78
92.43	27.28
93.73	27.28
96.11	27.28
97.2	43.98
99.06	8.76
102.1	8.76
103.78	8.76
106.12	6.52
106.31	6.52
107.31	9.8
107.96	9.8
108.82	9.8
111.88	21.34
113.58	21.34
114.96	48.59
117.06	48.59
119.03	18.78
121.29	18.78
123.99	18.78
124.98	0.32
125.96	8.63
127.14	8.63
130.09	8.63
131.0	46.45
133.15	46.45
134.49	39.72
137.23	39.72
139.35	39.72
142.33	35.36
144.9	35.36
147.04	35.36
148.42	40.42
149.59	40.42
150.65	40.42
152.7	12.77
153.46	20.19
154.67	20.19
156.97	20.19
158.35	17.89
161.32	17.89
164.52	8.43
165.16	8.43
167.23	8.43
169.85	2.58
172.22	1.81
174.15	1.81
176.73	45.15
177.29	45.15
179.09	11.22
182.23	11.22
183.37	11.22
185.23	44.77
186.36	44.77
189.17	44.77
191.03	24.36
191.91	24.36
193.73	24.36
194.28	32.97
197.5	32.97
197.64	33.35
197.97	33.35
198.82	1.25
202.2	1.25
204.9	30.37
207.54	21.55
209.62	6.41
212.27	6.41
213.6	6.41
213.79	18.32
216.81	13.12
219.24	13.12
221.17	13.12
222.47	24.7
225.37	24.7
228.38	24.7
229.08	10.6
231.71	8.88
232.04	8.88
233.5	8.88
235.04	8.69
235.59	8.69
236.66	19.34
239.77	33.99
241.77	4.66
245.15	4.66
246.45	44.12
248.94	44.12
249.66	44.12
253.14	9.54
