1.45	38.33
4.05	38.33
6.54	38.33
9.93	18.8
11.32	18.8
13.97	18.8
14.5	38.81
16.55	38.81
18.15	31.28
19.62	31.28
20.38	31.28
21.35	27.71
23.19	27.71
25.68	39.48
27.73	39.48
28.17	39.48
28.43	32.87
29.12	32.87
31.23	31.42
32.45	31.42
34.76	26.22
34.98	26.22
35.15	11.8
37.01	11.8
40.03	11.8
41.92	36.46
43.42	36.46
46.1	36.46
48.97	33.54
50.23	33.54
51.99	32.79
54.51	32.79
56.38	15.54
58.08	27.67
58.41	27.67
59.68	48.45
62.1	48.45
63.79	2.68
64.31	2.68
66.47	2.68
67.89	23.65
70.21	6.49
71.96	6.49
73.32	41.92
73.67	11.0
76.81	11.0
78.83	10.21
80.18	51.21
81.53	3.26
83.62	3.26
86.44	24.44
88.61	24.44
89.85	24.44
91.53	46.25
92.44	24.82
94.16	4.61
94.54	4.61
96.95	13.17
98.65	13.17
100.36	25.03
103.5	25.03
106.14	5.91
108.39	5.91
111.67	10.07
113.76	10.07
115.29	10.07
117.78	30.2
119.51	30.2
121.0	33.08
124.36	9.82
127.26	15.88
129.6	15.88
131.86	15.88
133.75	47.74
136.41	47.74
138.37	47.74
138.68	11.58
142.09	11.58
145.46	45.41
147.63	1.59
150.35	1.59
151.05	1.59
151.96	37.56
154.53	37.56
156.77	32.29
160.26	2.18
162.36	2.18
162.47	51.17
165.73	51.17
168.56	51.17
170.27	3.01
172.21	3.01
174.39	26.8
177.8	26.8
179.58	26.8
182.08	2.28
183.07	30.91
184.35	30.91
186.89	43.46
188.75	39.1
190.2	9.9
192.1	9.9
193.86	9.9
195.49	20.15
196.38	40.81
197.71	17.87
200.85	0.51
201.6	0.51
204.51	16.31
205.15	26.9
206.26	25.12
206.36	25.12
208.7	25.12
212.15	31.35
214.49	31.35
215.36	31.7
218.48	31.7
219.12	31.7
221.31	37.99
222.36	37.99
223.52	13.27
226.67	1.83
226.78	1.83
229.2	37.06
230.33	37.06
231.95	37.06
234.78	27.23
236.84	27.23
238.93	27.23
240.32	39.17
243.51	1.72
246.38	35.67
249.6	35.67
249.81	8.43
251.92	8.43
