2.24	36.22
5.25	36.22
6.23	9.49
8.09	9.49
10.0	9.49
10.85	28.46
13.14	28.46
16.0	28.46
16.12	30.77
18.27	21.52
20.69	21.52
22.43	30.02
25.24	30.02
28.37	3.69
28.49	25.72
31.53	25.72
33.14	8.12
36.45	8.12
37.26	8.12
39.14	35.84
42.22	7.28
42.54	0.95
43.93	0.95
44.8	6.91
47.22	6.91
49.54	44.49
49.66	44.49
52.08	18.14
52.6	18.14
54.22	9.44
54.96	9.44
56.76	9.44
57.23	38.51
60.01	38.51
62.73	38.51
65.09	11.01
65.49	11.01
65.72	11.01
68.98	45.07
71.56	45.07
74.12	41.11
76.01	41.11
79.38	41.11
81.69	51.92
84.99	51.92
85.71	51.92
87.12	25.43
90.52	25.43
91.04	25.43
91.88	37.84
92.52	37.84
95.26	23.88
98.22	12.09
100.04	51.95
101.45	23.28
103.04	23.28
103.51	31.66
105.28	31.66
108.28	31.66
111.51	42.3
114.47	42.3
116.63	46.39
117.8	46.39
119.17	46.39
121.42	12.23
123.31	12.23
125.04	39.46
128.31	39.46
128.57	39.46
130.38	9.74
131.55	9.74
135.02	3.1
138.27	3.1
140.06	3.71
140.44	3.71
143.24	3.71
144.83	10.09
148.12	10.09
151.54	10.09
151.68	22.71
154.72	22.71
154.82	22.71
156.92	33.83
157.99	33.83
160.1	4.32
161.96	4.32
164.35	4.32
166.36	45.6
166.49	45.6
166.93	45.6
169.44	17.48
170.76	17.48
173.38	17.48
176.11	51.74
177.89	51.74
179.22	51.74
180.11	12.65
182.75	12.65
185.31	12.65
186.3	43.36
187.94	43.36
188.55	14.1
190.05	14.1
193.49	14.1
194.17	3.34
196.92	3.34
199.01	0.23
199.86	0.23
200.68	24.03
201.59	24.03
202.4	23.39
204.62	23.39
206.41	23.39
206.65	20.59
209.62	32.34
212.77	32.34
215.68	32.34
216.96	2.49
219.59	22.77
221.81	22.77
224.98	48.66
227.04	44.9
228.54	44.9
228.87	44.9
232.36	4.41
233.25	51.9
234.81	51.9
236.48	20.91
239.56	35.1
242.9	35.1
244.47	36.04
247.23	36.04
250.39	25.76
