0.99	0.61
3.29	0.61
4.52	49.42
5.07	49.42
7.77	49.42
8.16	44.13
8.59	44.13
10.17	44.13
11.23	51.57
12.97	51.57
13.87	51.57
14.98	28.77
16.85	29.97
17.67	29.97
19.47	32.31
21.73	13.85
21.97	13.85
23.26	13.85
24.5	15.68
26.46	40.93
26.7	40.93
28.48	40.93
31.94	30.68
33.91	30.68
35.98	30.68
38.82	26.94
40.47	26.94
43.15	26.94
45.52	26.26
45.89	26.26
49.17	26.26
50.11	30.94
50.84	30.94
52.4	7.44
53.58	7.44
53.96	7.44
55.87	46.06
57.56	46.06
57.74	45.13
58.45	45.13
60.47	35.95
61.12	35.95
64.46	35.95
64.93	11.88
68.29	34.31
68.47	46.57
69.16	46.57
69.55	46.57
70.02	31.74
72.97	31.74
73.25	1.98
75.95	1.98
79.17	1.98
81.7	23.58
84.75	23.58
85.56	23.58
86.7	9.41
88.95	9.41
89.25	35.52
90.48	13.58
92.34	13.58
94.42	48.74
96.59	48.74
98.6	48.74
99.89	9.61
103.28	9.61
105.17	7.23
108.15	7.23
108.71	7.23
110.62	11.72
111.63	3.68
112.41	3.68
114.67	13.16
118.14	13.16
119.72	13.16
122.27	30.48
124.46	30.48
127.48	30.48
129.79	25.01
130.77	25.01
131.21	29.12
132.89	44.59
135.07	44.59
135.36	38.41
138.24	38.41
140.67	38.41
141.27	38.69
143.33	38.69
146.25	38.69
147.15	39.44
148.3	39.44
149.82	51.24
152.51	51.24
153.29	51.24
155.25	17.33
158.51	48.55
158.98	37.27
159.12	23.51
159.23	25.68
162.62	25.68
164.98	46.97
166.74	8.17
169.2	8.17
172.4	8.17
174.02	5.54
175.83	5.54
178.8	5.54
179.75	30.84
180.04	22.0
181.34	34.6
183.43	36.73
185.64	36.73
188.59	36.79
189.91	49.86
192.35	49.86
194.71	35.74
198.16	7.24
198.6	7.24
201.55	43.89
203.32	37.56
205.48	37.56
206.13	37.56
206.27	45.91
208.91	45.91
210.0	45.91
213.34	23.63
213.8	23.63
216.88	27.31
220.12	27.31
223.03	3.34
224.35	3.34
226.07	3.34
228.37	39.97
228.9	39.97
229.17	39.97
230.31	31.51
232.61	31.51
234.5	31.51
237.89	16.54
238.3	16.54
240.32	16.54
241.16	0.41
241.6	0.41
242.41	7.13
244.59	7.13
247.27	7.13
248.45	49.29
250.65	0.79
