0.11	16.88
2.78	16.88
4.02	18.06
5.61	18.06
7.54	16.91
8.62	16.91
10.77	16.91
11.71	36.91
12.43	39.47
12.75	48.63
14.4	9.9
15.33	9.9
16.58	9.9
18.12	12.99
18.78	12.99
20.45	12.99
23.2	7.42
25.07	7.42
26.34	18.87
28.1	24.94
30.03	2.82
32.64	2.82
34.7	2.82
35.49	26.18
37.17	26.18
39.45	26.18
41.16	44.21
42.58	44.21
45.64	44.21
46.26	37.66
48.37	16.76
51.26	16.76
51.86	16.76
54.04	26.07
57.34	26.07
59.09	6.62
59.92	6.62
62.79	6.62
64.31	35.45
66.02	35.45
66.21	35.45
69.7	12.69
71.5	18.02
71.97	18.02
74.29	27.66
76.37	27.66
78.63	50.57
80.96	50.57
84.25	1.59
85.22	1.59
86.3	47.61
88.37	47.61
89.53	47.61
92.89	31.39
95.48	31.39
95.85	31.39
97.43	48.75
98.11	48.75
99.49	34.61
102.45	34.61
102.73	34.61
105.12	23.06
107.82	9.82
108.91	2.8
109.47	2.8
112.97	48.35
115.56	39.81
116.24	18.29
117.8	18.29
120.3	10.08
121.15	10.08
123.83	10.08
126.95	51.56
129.38	8.77
130.12	8.77
131.73	47.48
134.24	42.27
135.99	19.91
138.75	14.71
139.94	7.92
142.99	7.92
146.41	7.92
149.19	14.63
152.5	14.63
155.91	0.36
156.07	41.56
157.34	41.56
159.21	41.56
161.12	28.2
163.43	28.2
166.33	28.2
168.01	22.76
169.56	22.76
169.8	22.76
170.16	18.5
172.3	32.21
174.41	41.36
177.17	4.37
179.84	43.5
180.67	41.62
181.44	41.62
184.62	21.71
187.99	13.48
189.25	13.48
190.77	13.48
193.54	29.23
194.81	29.23
195.57	29.23
196.07	2.77
198.22	14.79
201.46	14.79
203.34	14.79
205.65	21.01
207.24	21.01
209.82	26.6
210.32	26.6
211.44	34.67
212.38	10.5
214.49	10.5
216.58	46.55
218.65	45.75
220.53	45.75
223.78	45.75
224.06	13.13
225.73	16.14
226.47	16.14
226.82	23.84
227.27	23.84
227.82	23.84
229.09	49.52
232.48	49.52
234.04	29.91
235.85	13.18
238.25	13.18
240.77	37.96
243.4	20.79
246.79	47.76
247.03	47.76
249.94	48.39
250.86	48.39
