1.89	15.05
4.85	15.05
5.15	15.05
7.04	41.51
8.89	37.84
10.4	37.84
13.12	28.32
14.36	28.32
16.12	28.32
18.14	25.5
20.33	25.5
23.6	25.5
25.83	19.88
29.05	19.88
32.42	47.28
35.85	47.28
37.31	47.28
38.35	17.03
40.92	17.03
41.43	3.35
43.63	3.35
44.71	3.35
45.59	4.83
48.04	4.83
49.93	4.83
51.38	12.91
52.07	12.91
54.91	20.57
56.1	20.16
58.57	20.16
61.33	0.62
63.89	0.62
65.61	0.62
68.13	43.42
69.94	36.11
72.69	36.11
72.93	25.46
73.45	25.46
73.83	25.46
74.31	21.75
77.8	21.75
80.71	21.75
82.99	40.45
86.29	2.1
89.44	2.1
89.71	18.18
91.67	18.18
92.97	18.18
93.42	19.43
94.5	20.4
95.22	25.9
95.92	25.9
99.26	25.9
100.27	51.18
103.14	51.18
104.29	51.18
105.53	45.74
106.48	45.74
107.15	15.34
110.0	42.73
113.29	42.73
113.8	42.73
115.53	10.86
118.75	10.86
119.99	10.86
123.29	42.01
125.56	42.01
126.07	14.76
128.6	14.76
130.9	14.76
131.1	26.5
131.98	26.5
132.62	36.29
134.17	36.29
136.09	22.22
136.33	22.22
138.94	34.28
139.87	36.44
140.95	23.66
143.87	23.66
146.66	39.7
148.09	39.7
149.09	39.7
152.33	34.06
153.75	34.06
154.94	27.18
156.28	27.18
159.52	27.18
161.93	44.85
162.67	11.84
163.51	11.84
164.24	11.84
165.51	3.61
168.94	3.61
170.73	34.93
171.07	34.93
173.13	34.93
175.74	49.26
176.31	6.4
178.23	25.41
179.51	25.41
180.97	24.43
181.45	24.43
183.12	24.43
186.14	15.96
188.74	15.96
191.2	43.82
192.55	43.82
196.0	4.85
196.78	4.85
200.05	4.85
202.83	44.45
204.19	44.45
205.18	44.45
206.55	48.05
209.86	44.16
213.21	25.02
216.61	22.73
217.35	22.73
218.87	34.03
219.64	34.13
222.36	34.13
224.83	34.13
225.07	17.17
226.51	17.17
229.69	17.17
230.11	41.66
231.79	41.66
233.3	41.66
234.27	21.08
237.46	21.08
240.5	31.45
241.03	19.74
244.44	19.74
246.14	31.46
247.77	31.46
250.21	18.17
