2.63	19.63
4.77	37.59
8.03	44.59
9.97	30.09
12.25	30.09
13.16	45.76
16.02	45.76
18.71	48.77
19.76	38.8
22.74	38.8
25.36	37.83
26.59	49.46
27.74	31.42
29.77	3.62
30.55	23.69
32.29	23.69
34.87	45.38
35.4	43.3
38.06	43.3
39.95	43.3
43.06	35.29
44.81	35.29
46.54	24.4
48.06	24.4
50.47	17.45
52.87	48.53
53.1	48.53
55.0	48.53
56.88	17.49
59.27	17.49
62.5	17.49
64.58	2.38
65.87	9.28
68.22	44.74
70.21	44.74
72.39	13.33
75.79	32.02
76.1	24.0
76.79	14.34
78.32	46.48
79.01	3.35
81.68	28.13
82.69	11.78
85.53	11.78
88.56	11.78
88.95	27.95
92.24	27.95
92.67	33.37
93.13	33.37
94.14	29.82
94.26	29.82
97.33	29.82
98.3	14.77
98.89	14.77
99.2	14.77
99.48	7.11
102.89	16.97
104.09	16.97
107.49	46.33
110.01	46.33
111.68	46.33
114.32	41.38
114.9	14.49
116.19	14.49
119.66	14.49
119.89	26.58
123.27	26.58
123.98	26.58
126.67	30.83
127.03	11.9
129.49	11.9
131.45	45.81
133.5	48.21
135.82	48.21
137.35	48.21
140.09	23.33
143.12	23.33
143.94	23.33
144.23	42.69
147.25	16.96
150.31	39.12
153.65	39.12
156.53	38.64
158.85	42.06
161.52	42.06
164.57	33.02
167.21	33.02
167.55	33.02
170.8	42.44
172.55	42.44
172.76	42.44
174.99	42.84
178.18	42.84
179.55	42.84
181.12	7.74
183.29	7.74
185.83	25.4
188.21	25.4
188.57	25.4
191.17	21.96
192.07	4.8
193.98	29.94
197.33	40.98
198.84	33.0
200.42	33.0
201.43	33.0
203.74	48.66
205.69	15.41
207.73	10.07
208.25	10.07
211.67	10.07
212.86	18.36
215.42	35.77
216.23	35.77
219.05	35.77
221.92	3.48
222.27	3.48
223.11	45.07
225.65	45.07
227.35	45.07
229.74	32.77
231.2	32.77
233.94	27.77
236.42	27.77
238.89	27.77
239.01	2.21
239.87	2.21
241.93	51.96
244.92	51.96
245.85	30.47
249.14	24.65
251.95	10.78
