0.82	22.23
3.26	22.23
4.91	20.15
7.2	9.27
10.68	9.27
13.5	42.13
16.77	31.4
19.74	31.4
22.13	31.4
22.89	26.93
24.02	26.93
26.16	11.11
26.55	24.67
26.87	24.67
28.17	24.67
30.9	24.31
32.75	24.31
35.96	51.09
38.35	39.26
40.9	5.91
43.27	5.91
45.46	5.91
46.71	15.75
49.84	18.76
51.13	18.76
53.12	18.76
53.51	14.7
54.27	22.79
57.44	22.79
59.72	22.79
60.63	40.64
63.24	40.64
65.44	0.94
68.34	28.58
70.07	28.58
71.7	28.58
72.86	23.73
73.71	4.83
76.05	4.83
78.9	4.83
80.73	18.25
81.72	18.25
85.02	1.42
85.33	1.42
87.73	19.23
90.51	19.23
92.22	18.95
94.14	18.95
95.18	12.33
97.36	29.36
99.2	29.36
101.74	26.14
104.12	0.49
104.45	0.49
107.23	7.42
107.5	7.42
108.69	7.42
111.22	16.12
112.88	4.4
114.84	5.12
115.45	5.12
115.75	8.42
118.21	8.42
121.61	8.42
122.21	13.83
124.65	48.04
126.95	48.04
127.13	47.52
130.01	47.52
131.77	47.52
134.84	27.6
136.31	8.55
138.75	8.55
142.06	8.55
142.53	29.21
144.85	29.21
148.32	6.17
148.56	31.22
149.99	31.22
150.69	31.22
151.58	1.97
152.81	49.7
154.08	49.7
157.24	49.7
160.46	7.9
161.01	7.9
163.59	32.72
166.09	32.72
166.7	29.16
170.04	43.75
170.97	43.75
173.61	34.38
175.68	34.38
177.32	34.38
179.35	41.93
180.48	41.93
181.48	24.21
184.96	24.21
188.31	24.21
191.76	43.52
193.64	43.52
194.79	3.11
196.57	42.7
196.73	20.55
199.02	21.2
202.26	28.77
202.88	28.77
205.28	28.77
207.39	36.59
209.77	36.59
212.76	15.32
214.8	36.95
217.74	10.16
221.17	10.16
223.43	30.91
224.45	30.91
225.87	30.91
227.1	13.99
229.32	13.99
230.4	5.37
233.14	5.37
235.11	18.16
237.74	18.16
238.94	51.24
240.95	39.79
243.64	39.79
246.19	39.79
247.23	49.4
247.33	49.4
248.13	5.62
250.19	5.62
