0.95	49.63
4.26	49.63
7.06	49.63
9.24	16.75
12.73	16.75
14.88	16.75
18.11	36.76
20.4	40.44
22.22	40.44
25.7	40.44
26.86	49.03
27.31	31.28
30.15	31.28
30.73	5.27
32.87	5.27
36.07	5.27
38.43	20.7
40.72	9.65
43.83	9.65
45.71	9.65
46.02	35.27
46.65	35.27
49.22	36.8
50.33	36.8
53.37	28.79
56.21	41.17
58.13	41.17
59.91	8.91
60.21	46.81
62.29	19.49
64.21	51.57
66.09	51.57
67.43	51.57
70.4	4.23
72.72	4.23
75.37	4.23
76.74	26.33
79.93	5.23
80.19	5.23
83.6	5.23
86.87	10.94
89.94	10.94
92.69	32.32
94.28	32.32
94.62	32.32
97.48	44.28
98.09	44.28
100.95	44.28
103.8	13.11
104.04	13.11
104.24	13.11
107.11	23.68
107.25	23.68
108.47	23.68
109.46	45.04
111.91	42.58
112.54	43.53
114.81	43.53
115.34	43.53
115.84	25.1
116.37	25.1
119.68	25.1
123.0	11.04
125.07	11.04
126.62	11.04
127.14	8.85
127.36	8.85
129.31	21.58
129.54	21.58
132.47	44.71
134.47	44.71
135.38	7.76
137.48	7.76
140.44	7.76
143.33	22.39
143.64	2.08
144.87	2.08
147.27	18.55
149.05	19.28
151.03	19.28
153.86	19.28
154.21	22.62
157.26	22.62
160.41	22.62
160.95	9.83
162.33	9.83
163.4	9.83
166.71	11.66
168.9	11.66
169.48	11.66
169.79	45.98
172.36	45.98
173.3	45.98
176.33	22.47
176.82	22.47
179.07	22.47
179.86	12.77
182.35	47.26
185.15	47.26
187.81	5.68
189.51	19.36
189.96	19.36
192.62	19.36
195.72	34.64
198.57	43.38
200.55	5.38
201.4	23.78
201.86	23.78
204.33	20.83
204.46	20.83
207.19	20.83
210.57	27.43
212.64	35.75
215.06	25.81
216.42	25.81
219.36	45.06
221.7	29.49
223.71	29.49
225.13	29.05
226.1	29.05
229.23	29.05
229.99	30.53
231.55	30.53
234.08	21.2
236.82	21.2
238.02	23.04
240.76	23.04
243.61	35.55
246.73	35.55
248.7	30.43
251.45	50.61
