1.35	46.38
1.52	46.38
2.64	46.38
2.93	27.29
4.42	27.29
5.21	51.61
5.88	6.49
6.6	6.49
7.09	28.26
9.96	28.26
11.06	51.72
12.66	51.72
14.64	36.77
17.31	36.77
20.34	36.77
23.33	51.85
25.74	51.85
28.86	51.85
29.48	47.52
30.35	47.49
33.32	34.94
35.41	34.94
36.77	3.58
39.9	16.97
40.94	38.34
41.17	38.34
44.28	38.34
47.34	13.12
49.01	13.12
49.96	21.74
50.99	21.74
53.87	51.26
55.26	51.26
57.19	51.26
58.75	17.56
61.29	17.56
61.77	20.85
62.26	20.85
63.41	37.46
66.07	37.46
67.18	37.46
70.34	50.46
70.97	50.46
71.24	28.5
72.91	48.34
73.34	21.5
75.8	21.5
79.07	21.5
81.14	41.61
82.47	41.61
85.13	34.09
87.02	34.09
87.54	34.09
90.48	22.73
92.27	18.54
92.4	18.54
93.03	18.54
94.67	44.41
96.57	44.41
98.29	8.54
101.21	8.54
102.28	21.07
104.27	21.07
106.26	44.88
109.53	44.88
112.8	33.61
114.74	33.61
116.24	33.61
117.76	13.12
118.19	13.12
120.84	16.21
121.52	22.78
124.22	44.54
125.38	44.54
128.28	44.54
129.63	17.83
132.95	9.87
133.23	9.87
133.73	9.87
134.41	19.47
134.73	19.47
135.23	10.66
137.49	10.66
140.28	14.14
141.46	14.14
144.32	14.14
145.27	39.31
147.07	27.17
147.61	27.17
149.14	27.17
149.98	37.29
153.25	37.29
155.93	17.17
158.16	17.17
160.47	36.49
161.43	34.04
164.37	34.04
165.3	41.31
168.35	41.31
170.39	49.04
172.01	49.04
173.56	49.04
174.56	10.73
175.85	10.73
179.07	35.34
181.12	13.79
181.53	13.79
184.23	13.79
185.28	6.84
187.71	6.84
188.25	3.34
190.91	3.34
193.11	3.34
196.06	20.33
199.39	20.33
202.56	20.33
202.95	19.8
203.47	19.8
205.42	23.5
208.08	23.5
209.01	40.38
209.16	28.17
211.61	8.55
214.79	8.55
214.92	8.55
215.8	51.15
216.85	51.15
220.29	51.15
221.44	51.54
224.74	51.54
225.49	12.59
225.75	12.59
226.07	12.59
226.92	2.26
229.43	2.26
230.53	1.6
232.72	1.6
234.6	1.6
237.69	25.01
240.6	25.01
243.58	25.01
243.96	2.46
244.1	16.67
244.62	16.67
247.14	45.99
249.26	45.99
252.71	30.29
