3.3	43.44
5.13	43.44
7.91	43.44
8.43	35.06
11.27	35.06
14.58	34.37
16.37	34.37
16.49	34.37
17.27	17.27
19.2	17.27
19.65	17.27
21.95	22.13
24.92	22.13
27.69	22.13
29.69	14.51
32.94	14.51
33.12	31.55
34.46	11.08
37.77	11.08
40.87	16.14
41.45	16.14
43.3	16.14
44.32	35.81
44.84	35.81
46.44	35.81
46.66	7.45
49.09	10.62
50.93	10.62
53.67	10.62
54.81	28.07
57.26	28.07
57.82	28.07
60.44	11.36
61.15	12.02
61.68	12.02
62.38	12.02
63.1	24.14
66.53	24.14
69.41	29.56
71.34	37.54
73.07	37.54
76.43	41.77
79.09	41.77
81.83	41.77
82.27	47.24
85.48	47.24
88.74	47.24
91.03	38.44
93.44	38.44
96.86	38.44
97.08	41.99
98.86	41.99
101.89	27.15
103.18	27.15
106.22	27.15
108.17	38.59
110.42	38.59
112.24	7.06
115.32	7.06
116.99	7.06
118.81	30.85
120.13	30.85
121.67	51.54
122.65	51.54
123.33	51.54
124.14	13.88
126.69	13.88
126.97	13.88
130.18	43.11
132.95	43.11
135.87	43.11
136.63	35.83
139.94	35.83
143.02	25.8
143.86	25.8
146.11	25.8
146.92	39.54
148.74	12.13
149.35	12.13
151.23	6.99
152.17	6.99
155.15	39.58
155.29	39.58
156.82	20.88
159.01	20.88
159.16	20.88
161.5	51.79
162.49	51.79
165.97	51.79
169.05	18.23
170.26	36.22
170.47	36.22
172.37	36.22
174.26	46.06
175.98	0.49
177.87	0.49
180.77	0.49
182.16	33.22
184.01	40.37
187.1	40.37
189.42	40.37
191.54	22.6
191.77	48.71
194.33	48.71
196.78	48.71
197.4	51.17
200.61	36.15
203.95	36.15
204.46	36.15
206.49	33.37
209.73	33.37
210.51	33.37
212.53	44.62
215.25	44.62
215.8	29.99
218.75	29.99
218.98	29.99
219.12	2.2
220.97	2.2
221.98	2.2
222.94	23.42
224.45	23.42
226.5	23.42
229.02	26.56
230.09	26.56
231.33	49.65
232.18	50.53
234.91	50.53
236.38	50.53
237.53	39.9
237.85	39.9
237.97	41.85
239.4	50.47
239.97	32.81
240.54	32.81
241.34	22.84
243.85	2.83
246.29	2.83
248.3	2.83
251.02	30.71
