2.36	40.75
5.84	40.75
6.63	3.31
8.29	49.39
9.84	47.34
12.23	49.34
13.73	49.34
14.63	49.34
15.79	33.8
18.39	33.8
20.14	33.8
23.43	42.2
25.15	37.29
26.86	37.29
28.06	18.41
29.14	18.41
30.76	18.41
33.77	20.4
37.23	20.4
39.31	20.4
40.83	12.14
41.73	1.32
41.99	15.68
42.89	35.81
44.06	3.38
45.33	24.51
46.9	24.51
50.03	24.51
52.78	26.4
55.13	26.4
56.17	26.4
59.45	34.21
62.28	34.21
64.93	14.81
66.01	14.81
66.69	14.81
69.98	14.87
71.33	14.87
72.74	14.87
73.71	7.78
74.86	17.68
76.18	17.68
76.95	17.68
80.08	20.62
82.2	0.58
82.81	33.32
84.32	33.32
84.8	50.53
85.15	50.53
88.06	50.53
90.01	37.56
92.58	37.56
93.13	37.56
94.77	1.27
97.83	42.7
100.26	7.74
102.0	7.74
105.48	14.87
107.36	12.54
107.58	12.54
108.88	12.54
110.09	40.23
112.46	40.23
113.18	38.59
116.24	38.59
119.24	38.59
120.13	4.59
122.16	4.59
124.55	4.59
127.58	22.07
128.94	22.07
130.88	2.91
132.64	2.91
135.13	32.97
135.83	38.74
136.46	30.45
139.63	30.45
140.73	20.34
143.32	20.34
146.48	20.34
148.91	36.17
149.35	28.39
150.75	41.75
151.18	38.92
152.7	38.92
152.98	17.46
154.76	17.46
155.35	46.71
158.3	46.71
161.0	38.0
161.98	38.0
164.77	47.52
166.47	47.52
167.87	34.23
171.19	3.32
172.17	3.32
175.23	3.86
175.69	3.86
176.34	32.33
179.3	32.33
179.9	34.19
180.93	12.08
183.04	12.08
184.85	12.08
187.69	36.47
189.63	36.47
191.77	49.98
194.18	11.0
196.39	11.0
199.12	11.0
200.82	44.77
201.99	44.77
205.33	43.85
206.45	43.85
207.2	40.13
207.75	48.23
209.68	48.23
211.54	48.23
214.59	28.51
215.87	28.51
216.88	28.51
220.26	37.17
220.82	37.17
223.7	44.77
224.43	44.77
226.45	44.77
229.35	24.58
231.11	29.24
231.22	29.24
233.24	19.07
234.01	19.07
237.51	29.15
239.64	14.1
240.69	9.62
242.48	9.62
245.66	9.62
245.81	50.79
247.74	31.48
248.37	31.48
249.99	31.48
250.24	20.59
