0.76	50.39
0.99	35.63
3.81	35.63
4.63	35.63
6.53	42.53
8.87	46.06
11.52	46.06
12.32	19.26
15.24	19.26
16.6	3.15
19.84	3.15
21.52	10.91
22.01	10.91
25.39	10.91
26.46	37.2
29.5	37.2
31.7	38.61
35.11	6.16
36.7	6.16
39.43	6.16
40.41	20.08
42.66	51.66
45.73	51.66
47.88	21.2
50.24	21.2
53.72	2.97
54.78	2.97
58.02	2.97
59.52	21.8
60.31	45.51
63.6	45.51
65.62	45.51
66.51	25.09
67.29	25.09
67.85	25.09
69.33	23.56
72.74	23.56
72.97	9.11
75.33	9.11
78.03	6.32
78.22	6.32
81.25	30.59
83.87	14.47
84.49	14.47
87.49	14.47
88.24	51.83
90.44	16.21
93.63	16.21
94.98	51.75
98.1	51.75
100.22	12.78
100.75	12.78
101.54	26.79
101.7	26.79
102.76	26.79
106.04	18.25
107.57	16.4
108.14	16.4
109.88	16.4
111.61	8.3
114.96	8.3
115.87	27.13
118.59	27.13
121.01	6.09
124.09	6.09
125.97	40.78
129.35	17.48
129.84	17.67
131.92	17.67
134.15	17.67
137.02	2.49
140.42	2.49
141.73	0.4
143.4	27.43
145.2	27.43
148.22	20.36
149.44	20.36
149.63	20.36
152.15	15.77
154.85	15.77
158.08	15.77
159.92	2.21
162.03	2.21
163.1	2.21
164.43	34.71
167.12	34.71
168.61	7.08
169.39	7.08
169.57	13.31
170.92	13.31
171.33	13.31
173.14	24.15
173.79	24.15
174.62	24.15
175.78	34.25
177.58	17.36
178.39	17.36
179.88	17.36
182.63	40.39
185.06	37.43
185.49	33.48
188.79	33.48
190.38	33.48
193.48	2.87
194.36	2.87
194.49	51.64
197.9	51.64
198.77	23.41
200.55	42.54
201.07	42.54
202.69	42.54
205.08	49.32
206.03	2.0
207.85	2.0
211.14	2.0
214.57	8.54
218.04	27.12
219.47	9.88
221.74	9.88
224.71	47.22
227.28	47.22
230.3	47.22
231.22	16.92
232.28	16.92
233.78	16.92
235.07	24.98
235.21	50.89
235.8	50.89
236.92	16.62
239.12	16.62
240.96	19.03
241.8	33.39
242.49	33.39
242.69	33.39
243.4	29.83
244.76	50.39
247.03	50.39
249.52	11.03
251.45	11.03
