2.66	13.61
5.22	13.61
7.63	13.61
10.51	47.99
13.08	23.46
13.48	46.14
16.62	2.19
20.08	19.98
22.84	19.98
25.33	19.98
28.11	23.97
29.26	23.97
32.45	23.97
34.98	39.67
35.34	39.67
36.05	25.25
39.45	25.25
40.25	11.13
40.61	11.13
41.68	11.13
43.91	48.3
45.65	10.6
48.33	10.6
51.17	47.97
53.33	47.97
53.83	43.52
55.69	18.55
58.51	18.55
61.43	18.55
63.12	41.05
63.82	41.05
66.77	2.2
67.82	3.31
71.24	3.31
73.47	3.31
76.46	2.79
77.29	2.79
79.41	22.18
81.74	3.25
85.22	41.84
87.89	41.84
90.77	41.84
91.07	44.67
92.67	44.67
93.74	44.67
94.21	28.57
96.8	36.4
98.75	36.4
99.99	36.4
101.31	18.09
104.58	18.09
107.16	18.09
109.41	16.79
109.55	16.79
111.79	4.52
114.32	4.52
117.69	4.52
119.16	20.85
121.1	20.85
123.87	20.95
126.45	20.95
129.4	11.63
129.77	11.63
133.24	47.85
133.48	47.85
134.46	47.85
135.8	4.75
139.3	4.75
141.65	27.03
144.36	47.29
147.47	47.29
148.01	11.31
149.39	11.31
151.77	45.78
152.28	45.78
153.09	27.78
155.61	22.31
157.05	14.2
159.9	9.09
163.23	37.58
166.37	37.58
168.36	16.55
171.27	16.55
174.19	16.55
174.73	11.18
177.35	38.08
178.34	38.08
178.65	31.84
180.2	31.84
183.58	31.84
185.57	19.73
187.43	19.73
190.92	41.95
193.93	41.95
196.0	19.79
198.07	19.79
199.52	19.79
201.9	49.14
202.33	49.14
205.3	49.14
206.5	14.15
208.65	14.15
211.32	46.1
211.46	46.1
211.57	46.16
213.08	46.16
214.51	46.16
216.41	49.93
216.89	49.93
218.5	49.27
219.05	49.27
222.11	49.27
223.89	51.24
226.34	48.83
227.24	48.83
229.96	38.4
231.49	38.4
232.66	38.4
235.12	13.12
237.68	13.12
238.82	9.06
242.16	9.06
242.29	2.37
244.22	2.37
246.63	2.37
246.75	30.74
249.91	30.74
251.92	43.59
