1.43	16.69
1.57	13.68
3.94	13.68
4.51	13.68
6.87	29.63
7.62	12.74
10.62	17.94
11.72	17.94
11.85	17.94
13.88	35.06
16.39	35.06
19.58	35.06
22.63	0.93
24.35	0.93
27.24	3.85
28.68	35.35
31.29	18.04
34.09	18.04
35.36	18.04
37.32	18.77
37.47	18.77
40.75	11.98
43.86	11.98
46.55	11.98
50.04	11.41
53.26	19.72
56.68	19.72
59.49	38.53
61.48	27.72
61.7	27.72
64.52	19.91
66.72	19.91
67.25	49.83
69.85	40.02
71.66	40.02
74.99	40.02
75.4	28.4
77.25	28.4
79.12	28.4
81.05	51.39
83.69	13.2
85.47	13.2
87.37	27.81
89.57	27.81
91.88	3.09
93.03	29.66
96.09	26.05
96.29	44.16
98.09	44.16
99.21	44.16
102.26	49.76
105.51	49.76
106.81	49.76
108.18	1.45
108.33	1.45
111.69	1.45
113.07	2.2
114.65	2.2
117.63	2.2
117.86	46.43
119.61	46.43
122.96	46.43
123.35	5.56
124.37	5.56
124.72	5.56
127.6	51.26
130.45	44.99
132.87	36.28
135.58	36.28
138.33	36.28
141.23	45.97
141.63	45.97
143.97	45.97
146.52	40.22
149.88	40.22
152.21	40.22
155.2	47.91
158.24	14.55
159.9	28.04
162.05	22.69
165.25	22.69
167.09	35.81
170.09	35.81
172.44	35.81
175.78	45.85
177.73	45.85
178.6	45.85
179.58	5.32
180.44	24.18
182.47	24.18
184.46	24.18
185.53	36.3
186.82	36.3
189.6	36.3
191.19	34.56
192.88	40.01
193.95	20.01
194.17	51.95
196.6	51.95
198.21	51.95
200.59	31.18
202.97	22.46
205.01	22.46
207.79	5.74
208.56	5.74
209.81	5.74
212.88	40.24
213.88	40.24
215.66	40.24
217.19	12.41
217.59	19.43
218.04	44.93
219.66	44.93
222.65	44.93
224.13	19.79
226.27	19.79
227.78	19.79
230.51	11.01
233.86	11.01
237.31	23.47
238.54	23.47
241.81	22.7
243.41	22.7
244.49	25.08
245.06	38.14
247.25	15.59
249.91	15.59
253.03	15.59
