2.72	37.83
4.02	2.51
4.29	10.22
4.46	38.94
5.32	38.94
7.04	38.94
9.51	20.46
10.93	20.46
14.23	2.34
14.73	2.34
16.71	48.12
19.45	48.12
22.56	6.77
24.86	6.77
26.09	33.03
29.08	33.03
29.22	34.6
29.82	35.87
30.89	35.87
33.37	49.08
35.42	31.77
35.8	15.0
39.08	15.0
40.16	2.87
42.9	2.87
46.2	2.87
49.49	50.35
52.67	50.35
54.3	50.35
56.72	5.3
56.91	5.3
60.37	5.3
62.34	11.77
63.48	11.07
64.92	37.95
66.23	37.95
67.72	37.95
70.9	28.75
73.54	28.75
76.84	37.14
77.33	37.14
80.73	27.82
81.78	20.56
82.44	20.56
83.33	35.63
83.6	35.63
84.04	46.48
85.74	46.48
88.86	47.54
91.61	47.54
92.31	45.91
94.32	45.91
95.88	22.93
99.13	25.62
102.27	25.62
102.59	39.56
103.25	38.95
106.17	38.95
109.58	22.68
111.63	50.72
112.43	50.72
115.29	50.72
117.91	11.43
121.11	11.43
123.22	21.26
125.11	21.26
126.59	21.26
129.95	13.08
132.47	17.56
134.03	17.56
136.32	1.42
136.93	1.42
139.86	8.88
140.92	15.03
142.43	15.03
145.51	47.29
147.76	17.95
148.27	23.48
148.59	23.48
151.0	23.48
151.95	40.21
152.51	22.76
155.74	22.76
158.96	22.86
162.46	22.86
163.35	22.86
166.79	46.71
167.89	46.71
169.53	21.14
172.25	21.14
172.87	48.39
174.71	48.39
177.34	47.21
179.91	47.21
180.56	47.21
182.42	1.97
183.62	23.42
184.5	23.42
185.72	23.42
187.85	10.22
189.47	10.22
190.33	10.22
193.23	18.48
193.43	48.97
194.82	48.97
197.52	48.97
199.84	13.59
203.28	13.59
205.9	13.59
207.03	40.88
210.25	40.88
212.22	40.88
214.91	22.24
217.75	25.19
218.24	25.19
218.77	31.87
220.31	31.87
222.16	50.47
224.13	50.47
226.16	18.81
227.86	5.5
228.18	5.5
229.37	23.41
232.7	23.41
235.86	1.6
237.51	47.93
239.25	47.93
239.85	47.93
241.8	12.48
244.37	6.2
244.7	6.2
245.76	6.2
246.6	6.26
247.78	6.26
249.59	26.99
250.15	26.99
