3.46	16.86
4.3	10.15
6.32	10.15
9.36	10.15
10.01	45.7
11.13	40.96
11.35	40.96
13.04	26.89
14.22	26.89
14.96	1.36
18.03	12.67
19.53	12.67
20.97	27.4
22.51	27.4
23.9	30.97
25.14	30.97
27.88	43.4
28.28	43.4
30.66	50.39
32.04	50.39
35.06	46.03
38.08	31.55
41.41	31.55
42.97	18.86
43.8	18.86
46.18	18.86
48.94	28.75
51.44	15.78
51.9	50.62
53.36	34.73
56.35	34.73
58.39	34.73
59.14	37.1
59.38	37.1
62.83	37.1
63.74	34.53
65.03	34.53
65.41	34.53
65.86	1.2
69.14	33.39
70.41	33.39
71.82	33.39
74.26	49.09
74.38	49.09
77.22	49.09
79.12	32.72
81.18	42.07
83.32	42.07
84.91	45.11
88.1	45.11
90.74	22.29
92.84	22.29
94.85	14.72
96.86	14.72
97.78	41.9
101.01	41.9
103.54	41.9
106.09	28.29
108.8	28.29
112.26	28.29
114.54	34.19
115.01	9.38
115.64	26.86
118.18	26.86
119.15	14.53
120.89	14.53
122.98	14.53
126.01	37.16
128.69	40.48
129.2	40.48
131.39	3.08
131.52	31.53
132.21	31.53
133.03	31.53
133.27	38.35
135.71	29.75
138.37	11.15
139.84	7.02
141.25	7.02
144.35	7.02
146.33	18.63
146.69	18.63
149.42	18.63
150.85	12.89
153.31	12.89
154.23	18.08
156.42	18.08
159.09	18.08
161.24	2.22
163.12	2.36
164.47	2.36
166.0	2.36
168.27	28.5
171.66	28.5
172.65	34.97
174.01	34.97
176.46	34.97
179.03	2.72
179.48	49.75
180.62	4.12
183.54	4.12
184.93	0.55
186.02	0.55
188.36	0.55
190.56	28.3
193.06	18.89
194.21	50.51
195.93	50.51
196.87	25.47
198.32	27.87
200.6	27.87
202.89	27.87
205.25	9.66
208.66	9.66
211.34	38.43
213.83	38.43
215.35	21.2
218.8	21.2
221.94	21.2
223.69	9.9
224.69	9.9
227.22	19.3
229.59	19.3
230.17	45.97
230.59	45.97
231.11	45.97
231.94	28.1
235.42	28.1
235.59	47.75
237.24	47.75
239.41	47.75
241.53	50.57
242.09	50.57
243.53	50.57
243.75	46.01
247.23	46.01
250.38	13.05
