3.09	41.96
5.97	27.11
6.93	39.25
9.35	39.25
11.73	33.08
12.57	33.08
15.95	33.08
19.36	18.74
22.23	0.85
24.91	0.85
25.02	17.87
27.09	17.87
27.2	41.47
30.25	6.14
31.59	6.14
33.76	33.85
37.19	39.18
38.09	39.18
41.53	1.87
42.36	1.87
45.78	1.87
48.85	17.04
49.81	17.04
50.18	28.65
51.49	28.65
52.43	21.24
54.98	21.24
56.74	36.61
59.51	36.61
61.63	36.61
63.05	37.65
65.67	49.97
67.39	49.97
68.83	49.73
69.72	33.85
70.85	15.21
71.18	15.21
71.95	7.2
73.8	7.2
75.23	13.94
77.25	12.51
77.94	12.51
78.08	12.51
80.64	8.04
80.91	8.04
81.42	18.06
84.0	18.06
86.75	10.3
88.72	10.3
89.3	10.3
92.17	12.76
94.39	12.76
96.84	30.82
97.99	41.76
101.04	41.76
102.47	0.39
103.25	26.97
104.26	26.97
106.2	26.97
106.97	39.98
110.05	39.98
111.49	39.98
114.39	9.69
116.88	9.69
117.29	23.28
119.15	23.28
122.07	8.18
125.18	8.18
128.52	21.46
129.87	21.46
130.82	21.5
131.02	21.5
133.47	21.5
136.12	26.94
138.05	26.94
138.56	18.55
141.88	18.55
144.06	18.55
145.13	22.06
148.06	22.06
149.09	22.31
152.53	22.31
153.78	22.31
155.93	1.89
156.47	1.89
158.18	1.89
160.05	39.71
163.45	39.71
163.62	39.71
166.19	4.36
167.63	7.23
168.28	7.23
171.33	7.23
173.31	11.78
174.67	11.78
176.58	11.78
177.61	12.67
177.98	12.67
179.79	3.85
180.61	31.74
183.14	31.74
186.27	31.67
186.77	31.67
190.01	31.67
190.21	18.77
192.8	18.77
195.44	18.77
196.07	23.54
197.83	23.54
199.61	23.54
201.3	22.61
203.53	22.61
204.84	22.61
205.74	51.11
207.67	51.11
208.07	51.11
210.05	1.56
210.97	32.01
211.49	32.01
212.61	16.32
213.38	16.48
214.94	16.48
216.31	45.95
218.48	45.95
220.88	45.95
223.98	2.83
225.75	23.8
229.22	18.43
231.1	31.55
234.17	31.55
234.42	31.55
235.91	46.74
239.36	5.96
241.39	5.96
244.11	20.38
245.69	20.38
247.74	20.38
251.18	15.85
