0.24	49.42
1.13	49.42
3.86	49.42
7.18	15.63
9.49	0.43
11.99	25.75
12.83	25.75
14.75	7.45
18.22	5.48
21.67	5.48
22.16	5.48
25.22	12.68
28.42	12.68
29.73	12.68
32.23	7.65
35.03	7.65
36.12	5.94
36.71	5.94
39.94	15.86
42.93	51.47
43.44	7.21
45.2	7.21
45.54	25.74
45.69	25.74
46.47	25.74
48.34	39.57
48.61	14.74
50.32	14.74
52.71	24.84
55.5	24.84
56.33	30.54
56.93	4.56
57.63	25.08
59.97	5.65
62.51	5.65
64.11	5.65
65.98	13.9
68.44	13.9
69.94	13.9
71.23	24.23
71.5	24.23
73.67	24.23
74.21	25.2
75.86	25.2
76.04	14.48
79.39	14.48
80.79	14.48
81.29	13.63
82.74	13.63
85.12	13.63
87.78	36.06
89.88	36.06
90.84	36.06
94.0	26.02
96.41	50.98
98.91	50.98
100.72	19.89
104.06	9.15
106.45	9.15
109.47	9.15
110.59	36.33
111.89	36.33
115.14	48.14
117.93	48.14
118.54	48.14
119.42	21.22
122.75	21.22
125.02	21.22
126.21	11.73
129.7	11.73
129.82	9.44
131.54	9.44
134.69	9.44
135.05	6.79
137.19	6.79
137.5	22.19
138.13	50.33
138.64	50.33
141.72	45.51
141.83	45.51
142.67	14.8
145.37	14.8
148.21	14.8
151.04	46.4
151.51	3.31
154.99	3.31
155.63	3.31
156.01	43.65
156.48	43.65
157.41	43.65
160.22	47.81
163.55	47.81
165.01	21.41
166.22	21.41
167.53	21.41
169.92	51.65
170.3	51.65
171.35	51.65
171.85	49.23
172.95	49.23
174.43	49.23
177.0	45.05
177.36	45.05
180.82	14.96
183.73	22.35
187.03	22.35
187.8	22.35
189.13	8.94
192.37	8.94
194.97	38.7
195.36	38.7
198.38	38.7
199.06	34.66
202.53	34.66
204.39	34.66
205.98	4.52
206.68	24.12
207.77	3.38
210.84	3.38
213.61	25.88
215.77	25.88
217.19	42.94
219.81	42.94
222.95	42.94
223.45	37.69
223.79	37.69
225.66	12.49
228.56	42.78
229.64	42.78
231.55	36.46
232.28	21.01
234.71	21.01
235.0	32.43
236.37	51.94
238.49	51.94
241.92	18.02
242.22	48.92
244.48	48.92
247.4	33.2
248.72	33.2
249.85	9.31
251.17	8.17
