0.22	4.13
3.46	2.62
6.62	2.62
7.16	2.62
8.76	48.81
11.85	48.81
14.85	48.81
15.24	8.04
16.37	8.04
16.83	40.96
18.48	40.96
20.4	18.85
21.72	18.85
22.48	18.85
22.84	14.3
23.72	14.3
24.91	13.34
25.07	13.34
27.08	13.34
30.45	21.85
32.92	21.85
35.87	21.85
36.8	24.04
40.09	44.74
40.92	44.74
44.32	22.11
47.02	40.57
49.82	40.57
51.32	40.57
53.71	22.52
56.03	22.52
58.44	22.52
59.84	32.32
60.44	11.11
62.57	32.85
64.65	32.85
66.87	32.85
69.52	39.43
71.8	39.43
72.66	39.99
73.45	39.99
73.83	39.99
74.7	4.0
76.68	4.0
80.12	4.0
82.81	45.31
82.94	45.31
85.72	45.31
87.94	36.08
89.01	31.78
91.52	31.78
92.68	36.43
93.27	36.43
96.57	47.17
97.89	47.17
98.52	36.24
100.85	36.24
101.54	36.24
102.45	40.16
104.16	40.16
104.87	40.16
107.27	41.22
110.6	41.22
113.45	11.79
115.54	16.84
117.77	16.84
118.86	7.14
121.64	7.14
123.02	19.75
124.52	8.71
125.48	7.97
126.21	7.97
127.26	0.55
130.63	5.42
131.62	5.42
134.11	5.42
137.43	41.52
138.84	41.52
139.04	41.52
141.53	13.64
143.98	13.64
144.53	48.45
146.51	48.45
148.69	48.45
148.98	10.51
150.93	45.57
154.28	38.43
157.45	36.21
157.82	7.19
161.21	28.85
161.91	9.0
164.45	9.0
166.3	2.55
167.74	2.55
170.12	2.55
171.28	9.34
172.03	9.34
173.51	22.86
176.08	22.86
178.58	22.86
181.3	0.22
184.41	0.22
187.15	18.55
189.55	18.55
192.07	18.55
193.02	19.6
193.65	19.6
195.45	35.54
198.11	36.1
201.51	36.1
203.59	36.1
206.52	0.48
209.89	0.48
211.84	0.48
214.74	22.98
216.23	22.98
216.47	22.27
219.28	22.27
221.67	22.27
223.33	4.57
225.04	36.82
225.55	36.82
228.56	36.82
231.12	32.22
232.16	32.22
232.67	32.22
234.68	34.95
237.48	34.95
239.4	34.95
241.6	10.21
245.04	19.57
246.07	19.57
247.46	19.57
250.75	51.11
