0.18	28.33
1.78	28.33
2.4	28.33
5.71	7.36
6.58	20.64
8.9	20.64
11.61	27.25
12.03	26.26
12.55	22.93
12.69	23.99
15.77	3.68
18.63	32.61
21.93	26.28
22.6	47.79
25.92	29.72
27.72	29.72
30.21	29.72
32.75	48.16
34.53	48.83
36.28	27.78
38.98	27.78
41.92	27.78
43.21	26.9
45.43	26.9
46.06	1.06
46.42	1.06
47.28	51.48
48.35	51.48
51.64	51.48
53.98	35.07
54.33	13.37
54.92	3.7
57.51	3.7
58.31	3.7
60.28	35.12
63.37	35.12
65.06	22.19
66.8	33.95
68.0	33.95
69.16	33.95
71.21	31.15
73.89	11.46
74.22	11.46
74.94	11.46
77.54	22.82
80.05	22.82
83.44	22.82
86.85	25.62
89.62	25.62
91.22	42.21
91.38	42.21
92.29	42.21
95.39	48.41
98.47	48.41
101.16	48.41
103.37	31.06
103.51	24.84
103.82	24.84
104.16	34.8
105.89	24.15
108.26	15.57
108.69	15.57
111.68	21.2
112.97	21.2
113.43	21.2
114.61	14.86
116.42	14.86
117.39	14.86
120.11	22.99
121.63	39.97
124.89	20.8
127.51	40.66
128.23	40.66
129.97	40.66
132.58	40.32
135.3	40.32
137.69	40.32
138.39	12.91
141.81	12.91
142.42	12.91
144.72	15.05
147.53	15.05
149.24	17.76
152.01	17.76
155.3	17.76
157.54	4.42
159.95	4.42
160.73	31.66
163.91	31.66
167.19	29.0
169.89	7.42
170.72	7.42
171.74	7.42
172.19	3.59
174.1	3.59
176.85	36.46
177.12	36.46
178.86	36.46
180.01	24.53
181.98	24.53
183.71	24.53
185.71	17.71
189.17	28.16
191.17	28.16
191.64	28.16
192.43	48.7
194.43	48.7
195.33	48.7
197.99	34.43
201.44	44.06
203.49	20.43
204.3	20.43
206.97	47.96
209.68	47.96
211.86	35.29
214.82	35.29
217.93	23.37
219.47	23.37
219.9	36.77
220.09	18.33
221.63	18.33
221.87	18.33
224.88	26.19
227.7	36.39
228.11	34.79
230.11	41.36
232.0	49.54
234.67	49.54
234.89	20.68
236.4	20.68
239.82	20.68
240.59	11.55
243.21	11.55
243.72	11.55
244.98	15.69
247.04	15.69
250.04	15.69
