2.28	36.88
4.27	36.88
7.61	36.88
8.32	10.86
8.82	10.86
10.75	10.86
12.55	36.02
13.46	7.5
13.97	4.42
14.96	4.42
16.54	43.12
18.15	43.12
19.46	43.12
22.2	12.96
22.99	12.96
25.51	6.43
26.2	46.46
29.67	19.37
31.19	19.37
34.24	19.37
35.69	10.4
39.07	29.75
42.0	34.37
42.71	29.83
44.44	29.83
47.73	49.33
50.68	28.01
50.88	28.01
52.23	28.01
53.95	37.16
57.02	37.16
57.52	27.38
58.03	4.18
59.85	4.18
61.95	40.98
62.64	40.98
64.55	40.97
67.63	15.72
71.09	15.72
73.11	46.03
73.86	41.05
74.67	49.3
76.38	51.78
78.65	7.03
80.36	7.03
82.12	24.8
84.98	24.8
85.37	38.75
87.77	38.75
90.46	17.21
92.48	17.21
95.77	51.93
96.16	37.66
98.59	37.66
101.86	18.63
102.13	18.63
102.89	23.95
105.24	23.95
107.31	23.95
107.94	35.19
110.98	35.19
113.1	35.19
114.45	45.08
115.27	45.08
118.46	45.08
120.92	19.93
123.28	19.93
125.29	27.32
125.53	27.32
127.42	27.32
130.27	35.47
131.43	35.47
134.18	41.13
135.8	41.13
136.37	32.23
139.01	2.36
142.38	18.35
144.28	26.74
147.0	26.74
150.28	4.53
151.03	4.53
151.78	38.71
152.13	23.61
154.14	33.32
156.75	17.32
157.74	17.32
158.01	16.44
161.46	16.44
163.1	3.57
164.66	34.78
166.37	34.78
169.63	30.7
170.11	30.7
171.39	30.7
173.57	41.03
174.66	41.03
176.81	41.03
179.43	41.6
182.44	41.6
183.94	38.49
184.41	33.3
187.82	31.43
188.15	13.23
188.27	13.23
190.72	13.23
191.15	0.71
192.59	0.71
194.47	10.88
196.83	10.88
199.45	10.88
200.81	40.65
203.09	40.65
205.14	40.65
208.47	29.27
209.93	29.27
212.09	28.65
212.21	21.75
215.65	21.75
216.25	9.15
217.91	9.15
221.25	0.22
222.25	14.65
224.27	2.8
226.04	2.8
226.72	14.87
227.65	14.87
228.16	26.88
231.59	26.88
232.37	31.86
233.2	15.19
236.6	27.23
237.84	6.34
238.98	6.9
241.84	6.9
242.47	6.9
243.86	47.77
244.72	47.77
245.9	47.77
249.31	7.28
251.64	7.28
