3.19	26.48
4.48	27.8
6.13	27.8
6.57	27.8
7.63	37.55
8.41	4.74
11.48	16.42
12.41	16.42
13.68	46.91
14.24	36.95
15.62	36.95
17.06	27.39
19.52	27.39
20.27	27.39
21.78	41.6
22.92	41.6
25.87	37.83
29.28	7.96
31.04	7.1
31.43	7.1
32.88	13.78
34.64	21.8
35.81	32.18
36.89	47.49
38.03	47.49
40.26	28.32
41.46	28.32
44.48	28.32
47.76	16.11
50.08	16.11
50.28	15.3
52.65	15.3
54.59	15.3
56.61	15.11
58.58	15.11
60.99	15.11
62.5	27.1
63.01	27.1
63.4	25.46
66.68	3.32
66.8	3.32
67.42	3.32
69.1	20.87
69.35	20.87
72.67	20.87
73.33	35.52
75.55	35.52
78.24	40.17
81.02	40.17
81.17	40.17
83.79	38.76
87.22	24.31
89.92	50.94
91.2	50.94
91.72	30.01
94.52	30.01
95.09	38.99
96.09	38.99
96.48	38.99
97.76	36.61
99.68	36.61
100.71	36.61
102.31	24.26
103.98	24.26
107.29	1.43
109.57	1.43
110.49	33.01
111.51	33.01
113.84	38.95
115.81	38.95
119.14	46.82
121.91	46.82
123.56	10.93
124.16	10.93
126.72	48.21
129.01	38.34
129.92	38.34
132.15	30.33
133.2	40.2
136.53	40.2
137.28	40.2
138.72	8.47
139.69	8.47
141.24	8.47
144.23	29.38
147.49	39.46
147.79	39.46
150.46	39.46
153.01	27.26
153.14	27.26
154.48	12.14
156.84	12.14
158.05	12.14
159.84	17.53
161.49	30.15
163.93	33.81
164.39	33.81
165.29	15.62
168.2	47.62
171.35	40.13
174.28	40.13
176.44	40.13
176.63	1.5
178.77	1.5
178.9	1.5
180.09	2.88
183.48	27.21
186.33	27.21
186.89	27.21
188.23	17.65
191.24	17.65
191.95	17.65
194.17	46.23
195.39	46.23
198.15	46.23
201.39	7.48
202.86	7.48
204.68	7.48
206.62	27.14
209.17	27.14
212.21	37.15
214.69	37.15
214.89	16.03
217.07	16.03
219.18	20.17
221.97	20.17
223.64	20.17
224.58	31.03
226.15	31.03
227.01	2.43
229.83	2.43
231.33	2.43
233.11	5.29
235.25	5.29
236.45	12.37
239.0	19.29
242.01	19.29
243.95	32.94
246.3	32.94
248.62	32.94
251.47	46.47
