3.0	20.21
4.54	20.21
5.24	20.21
8.33	1.96
9.13	46.31
12.17	17.37
14.56	17.37
14.96	7.21
17.45	7.21
18.89	7.21
21.48	2.29
21.72	24.23
25.12	24.23
25.55	50.28
28.62	29.96
29.4	29.96
29.53	29.96
30.4	20.0
31.34	20.0
34.64	20.0
36.38	28.6
36.87	28.6
37.78	4.07
41.21	33.0
43.59	12.28
44.8	12.28
45.01	35.67
47.32	35.67
48.12	35.67
49.16	13.76
51.87	13.76
54.67	13.76
54.78	13.27
57.84	13.27
58.79	16.52
60.21	16.52
62.2	16.24
64.53	16.24
67.25	23.76
68.3	23.76
68.46	23.76
70.92	45.96
73.79	45.96
74.48	18.03
76.47	18.03
78.15	18.03
80.57	11.26
80.96	11.26
82.33	11.26
83.33	25.44
86.36	25.44
89.28	23.71
92.36	23.71
95.71	23.71
97.47	33.87
99.8	33.87
100.59	33.87
100.88	35.88
104.05	25.99
105.63	25.99
107.89	25.99
108.3	22.42
110.28	6.09
112.13	22.82
113.65	22.82
115.7	8.31
118.92	8.31
121.62	8.31
123.25	39.65
123.45	39.65
124.31	17.46
125.39	17.46
128.29	14.19
129.82	14.19
131.67	14.19
133.51	33.64
134.19	33.64
135.02	33.64
136.05	37.85
136.38	37.85
139.5	8.8
141.22	8.8
141.64	8.8
144.12	45.29
146.26	49.28
148.13	49.28
149.68	34.58
152.95	12.13
153.62	12.13
153.96	12.13
155.8	27.99
158.08	23.83
161.43	23.83
163.42	30.51
163.73	30.51
166.27	30.51
168.81	4.71
169.77	4.71
171.73	4.71
173.53	2.52
176.82	2.52
179.33	48.74
182.42	48.74
184.4	33.16
186.73	33.16
188.67	47.31
190.49	47.31
192.43	47.31
194.12	3.97
195.69	3.97
198.83	2.14
199.91	6.45
201.82	6.45
203.19	9.17
204.32	9.17
206.96	46.02
207.22	46.02
210.43	43.36
213.42	40.92
216.57	40.92
218.97	40.92
219.72	18.44
221.56	29.83
222.95	29.83
224.96	37.11
228.05	37.11
229.91	37.11
233.4	35.19
234.79	35.19
237.4	20.13
239.92	20.13
241.21	20.13
243.92	40.29
246.19	40.29
248.34	40.29
250.21	23.55
