3.21	8.94
5.77	8.94
7.1	8.94
10.31	35.68
13.21	35.68
14.77	49.69
16.78	43.77
19.28	43.77
20.82	51.2
23.96	10.96
25.7	10.96
27.95	21.68
31.07	21.68
32.42	17.91
34.48	28.45
36.63	28.45
37.17	2.58
37.51	0.7
38.69	0.7
39.23	2.55
39.53	2.55
41.58	16.77
42.28	16.77
45.02	16.77
47.1	38.29
49.86	38.29
51.56	43.74
52.32	43.74
54.24	43.74
56.8	12.92
59.09	12.92
61.38	37.63
61.84	37.63
63.73	37.63
64.87	37.84
66.34	47.68
67.21	48.53
69.26	25.02
70.73	7.1
71.7	7.1
73.27	14.25
75.26	14.25
77.96	28.42
78.38	10.3
81.16	18.2
81.44	18.2
81.72	2.83
84.36	2.39
87.83	2.39
90.34	24.23
93.55	48.81
95.34	48.81
95.51	48.81
97.79	16.1
99.2	16.1
101.95	16.1
102.3	41.6
105.37	41.6
105.83	41.6
107.46	24.19
110.7	24.19
113.67	24.19
116.45	28.77
119.33	39.88
122.26	39.88
124.7	39.88
125.82	1.02
127.17	1.02
127.91	49.08
130.1	19.98
132.77	19.98
132.91	45.67
133.43	7.89
133.63	7.89
134.07	32.48
137.07	11.8
139.63	8.41
142.11	8.41
143.09	3.85
146.36	3.85
148.98	3.85
149.56	24.15
151.6	36.33
152.84	46.01
155.26	46.01
156.02	6.2
157.27	6.2
160.23	28.51
161.78	28.51
162.89	24.65
165.38	5.98
168.15	23.83
168.95	19.04
171.02	19.04
172.98	19.04
174.17	17.62
177.17	50.16
180.41	50.16
182.15	37.97
184.27	37.97
186.42	37.97
189.79	47.48
192.9	47.48
194.8	39.1
196.14	37.57
197.8	37.57
199.82	46.12
202.21	46.12
204.49	34.44
204.98	10.48
205.71	40.75
206.4	40.75
209.37	40.75
210.02	17.01
212.91	34.86
215.75	34.86
215.86	42.49
218.69	42.49
220.75	24.51
223.53	24.51
226.97	24.51
228.59	50.06
229.51	50.06
232.5	13.81
234.16	36.41
235.88	36.41
239.29	36.41
240.73	7.76
242.21	7.76
244.73	7.76
247.96	19.61
250.41	19.61
