2.56	36.69
3.29	36.69
6.0	19.79
8.68	19.79
11.83	20.59
13.09	20.59
14.32	20.59
16.6	33.58
16.79	44.14
18.26	44.14
21.19	44.14
21.75	32.45
22.56	36.38
25.76	36.38
26.36	50.07
27.37	50.07
29.97	50.07
31.11	8.5
33.53	8.5
34.84	8.5
37.0	13.27
38.12	13.27
40.58	40.66
40.68	0.45
42.11	0.45
43.57	42.4
46.16	42.4
47.74	42.4
51.18	0.8
53.42	0.8
53.77	7.58
56.67	7.58
57.98	31.55
58.18	31.55
61.05	5.94
62.13	5.94
64.7	17.38
67.82	17.38
69.4	17.38
72.01	31.9
74.64	36.51
76.09	36.51
77.41	36.51
80.61	45.09
81.17	45.09
84.44	45.09
84.58	36.85
87.21	36.85
88.89	44.25
91.23	44.25
92.44	44.25
95.67	11.93
97.47	11.93
100.14	11.93
103.46	29.34
104.05	29.34
107.04	9.99
110.34	22.23
112.89	9.0
115.86	29.77
117.29	19.08
120.07	19.08
123.1	51.0
124.0	41.22
124.43	41.22
125.22	3.32
127.48	3.32
130.03	3.32
130.77	15.77
132.15	32.17
135.4	4.54
138.32	4.54
140.19	4.54
140.86	45.85
143.12	45.85
144.62	37.77
144.91	37.77
146.88	10.36
148.61	10.36
149.36	10.36
150.58	2.89
151.15	2.89
154.0	2.89
154.88	14.91
155.25	14.91
157.62	14.91
158.49	51.27
161.88	17.86
163.74	30.51
166.81	30.51
168.2	30.51
169.21	15.2
170.56	15.2
172.41	15.2
175.15	26.01
175.99	26.01
176.42	10.58
178.77	47.05
179.12	47.05
180.19	12.11
181.73	15.73
182.34	15.73
183.18	24.33
183.96	24.33
187.13	24.33
188.09	12.66
190.2	12.66
192.45	47.24
194.83	47.24
195.58	39.63
197.41	39.63
200.07	0.23
200.53	0.23
202.47	36.85
203.1	36.85
205.69	50.64
206.6	50.64
207.92	8.1
209.43	8.1
210.8	8.1
212.98	1.54
213.65	1.54
217.11	15.42
220.0	15.42
222.07	15.42
225.53	16.22
228.8	16.22
231.54	16.2
233.45	16.2
234.49	44.76
235.62	48.37
236.25	48.37
237.97	39.32
239.05	3.75
241.08	3.75
244.37	34.31
245.95	34.31
247.86	16.16
250.75	48.97
