1.15	7.46
2.13	51.21
3.78	51.21
4.09	51.21
4.86	50.18
5.39	37.52
8.28	37.52
9.64	4.49
10.34	32.79
12.68	32.79
14.27	32.79
17.4	40.96
19.83	40.96
20.55	40.96
23.23	43.82
23.99	43.82
25.55	43.82
26.44	47.23
28.96	47.23
30.67	8.74
31.83	17.09
33.95	37.95
35.65	37.95
37.41	33.22
38.05	33.22
39.27	19.55
40.9	19.55
43.05	19.55
45.25	22.95
46.02	22.95
49.36	22.95
49.51	5.07
50.25	5.07
53.0	28.15
55.6	42.71
56.4	42.71
58.03	27.65
58.33	27.65
61.25	19.18
63.3	19.18
63.82	31.27
64.6	31.27
66.89	31.27
69.63	34.88
70.97	34.88
72.77	36.81
73.82	41.47
74.83	47.62
75.18	47.62
75.57	47.62
76.54	28.7
76.68	28.7
77.0	28.7
78.96	33.57
82.39	33.57
83.95	43.1
85.11	43.1
86.4	43.1
88.67	47.33
91.61	47.33
94.51	21.59
97.45	21.59
99.73	21.59
103.06	19.4
106.2	19.4
108.88	19.4
111.41	24.78
112.64	35.73
115.44	35.73
118.59	44.57
121.44	44.57
123.06	7.02
125.62	7.02
126.74	7.02
129.64	31.58
130.63	31.58
131.1	31.58
133.51	24.03
135.64	24.03
138.45	24.03
138.91	7.2
139.13	27.87
140.49	27.87
142.56	32.37
145.92	33.93
147.83	33.93
148.41	33.93
150.79	22.85
151.79	22.85
153.76	46.71
154.99	49.84
155.48	49.84
157.05	49.84
158.91	6.17
162.34	6.17
164.4	34.72
165.94	34.72
167.13	45.81
168.52	12.63
169.47	7.45
172.26	12.98
174.55	33.87
176.51	14.63
178.93	14.63
180.88	14.63
184.02	3.52
186.68	3.52
187.94	39.03
188.07	38.7
190.01	49.47
190.22	16.25
190.62	33.07
192.06	33.07
192.22	33.07
193.69	36.21
196.74	13.38
199.74	13.38
200.56	7.58
203.96	7.58
204.22	7.58
204.45	0.99
206.83	0.99
208.18	0.99
210.85	12.79
211.47	14.85
212.34	14.85
213.42	8.5
214.37	42.07
216.2	42.07
218.84	36.78
219.96	36.78
222.2	36.78
225.11	12.6
228.38	12.6
230.66	10.09
233.35	39.84
235.64	39.84
235.78	39.84
236.7	1.59
238.43	1.59
238.93	34.64
239.35	34.64
241.47	24.83
244.03	24.83
247.17	2.45
250.45	24.83
