0.23	3.44
3.55	3.44
4.16	3.44
4.5	11.92
5.07	11.92
6.41	17.89
8.78	17.89
11.24	21.68
13.92	21.68
15.17	51.88
18.13	51.88
19.33	19.55
22.41	19.88
23.13	1.45
24.82	1.45
28.11	1.45
29.18	23.2
29.99	31.73
31.04	50.11
32.15	50.11
33.9	23.39
35.93	23.39
36.37	43.43
39.26	43.43
41.54	27.24
44.23	27.24
47.45	27.24
49.44	49.9
51.88	49.9
54.86	49.9
57.21	37.58
59.72	24.95
61.52	24.95
62.33	6.76
63.89	6.76
67.09	6.76
70.13	48.84
71.74	35.61
73.32	6.41
75.03	6.41
75.56	15.94
78.64	15.94
80.68	14.56
83.69	48.52
83.9	48.52
87.09	51.6
87.75	51.6
90.08	50.48
93.37	25.37
95.28	25.37
97.04	25.37
98.91	46.82
100.83	46.82
103.89	46.82
107.02	1.78
108.91	1.78
111.63	18.4
111.85	18.4
113.16	18.4
116.06	32.6
119.07	0.25
121.44	30.32
122.67	30.32
125.38	30.32
127.06	34.51
128.51	34.51
129.33	5.5
129.78	5.5
132.2	5.5
134.65	28.62
134.89	28.62
136.84	33.51
138.2	48.6
140.0	48.6
141.47	48.6
142.48	9.73
144.43	2.39
146.75	2.39
147.85	10.94
149.41	10.94
151.02	10.94
153.78	49.56
154.15	49.56
156.46	49.56
159.41	21.06
161.31	47.63
164.21	47.63
166.87	47.63
167.59	17.57
168.41	17.57
169.68	29.64
170.85	29.64
174.26	46.83
176.69	46.83
179.73	30.19
179.98	28.53
183.12	28.53
185.81	37.92
186.37	37.92
187.8	19.24
189.53	19.24
191.61	19.24
193.73	2.44
197.1	2.44
200.5	35.93
202.01	44.51
203.08	32.15
205.53	32.15
206.64	20.22
207.28	20.22
209.33	18.35
209.68	45.7
211.04	45.7
212.29	45.7
212.52	7.02
215.75	10.6
218.19	10.6
220.64	5.95
222.89	26.57
224.18	26.57
226.18	26.57
228.55	41.95
231.18	41.95
232.62	41.95
235.37	50.81
238.2	50.81
241.69	31.25
242.99	31.25
245.02	6.86
245.24	6.86
246.86	34.24
248.58	39.89
250.94	39.89
