3.42	7.26
5.19	7.26
8.54	7.26
11.28	39.38
13.46	39.38
15.06	39.38
15.88	46.98
18.49	46.98
20.14	46.98
22.09	24.29
22.71	24.29
22.96	24.29
24.11	46.25
24.67	46.25
27.31	11.54
29.22	3.12
30.59	3.12
33.85	3.12
34.1	41.21
35.57	41.21
37.89	43.47
40.63	43.47
40.79	42.76
41.52	42.76
42.71	42.76
43.07	41.92
44.75	35.73
45.27	16.16
48.09	16.16
51.12	16.16
54.1	48.49
55.27	48.49
56.27	48.49
57.67	18.97
59.26	18.97
60.71	18.97
63.46	45.52
65.15	45.52
68.52	45.52
69.67	11.5
71.85	11.5
72.14	52.0
73.56	21.18
73.71	27.66
74.14	27.66
76.54	43.7
79.39	43.7
81.6	43.7
84.51	16.6
84.91	41.58
85.37	41.58
85.47	43.03
88.97	11.57
89.31	11.57
89.72	19.6
92.08	11.98
94.36	3.12
97.39	3.12
99.61	36.9
101.78	36.9
102.44	36.9
102.77	8.38
103.8	8.38
106.65	42.62
107.99	42.62
109.29	16.86
110.18	16.86
111.95	12.9
115.07	4.53
116.36	4.53
118.14	4.53
119.39	51.95
120.06	51.95
122.52	51.95
124.98	50.03
125.34	50.03
128.69	38.36
130.41	38.36
132.22	27.59
132.89	27.59
134.81	12.21
136.65	2.83
137.72	26.45
137.9	22.22
138.88	22.22
140.32	22.22
143.02	42.66
145.31	12.92
146.26	12.92
147.05	18.57
148.39	18.57
151.66	43.97
152.21	43.97
154.74	49.43
156.73	30.64
157.93	30.64
159.98	30.64
161.98	32.2
162.95	32.2
165.33	40.63
166.86	40.63
169.73	40.63
172.03	16.66
174.06	22.85
176.58	35.54
179.33	45.06
182.15	45.06
184.67	45.06
185.79	17.85
189.24	30.04
191.28	30.04
194.28	47.28
197.64	19.77
198.85	46.62
200.96	12.41
202.57	40.88
204.16	40.88
205.98	20.59
208.69	41.98
211.98	41.98
213.46	41.98
215.34	15.1
217.15	33.68
218.35	33.68
221.71	42.61
224.63	19.51
225.72	19.51
226.82	22.14
228.88	22.14
230.34	11.28
233.2	11.28
236.35	5.11
238.42	5.59
239.88	5.59
240.91	31.94
243.93	31.94
246.79	31.94
248.0	45.63
249.63	25.24
252.89	25.24
