2.61	11.67
4.77	11.67
6.77	40.71
9.6	25.98
9.98	25.98
11.7	25.98
14.62	46.17
14.77	38.4
17.91	38.4
20.32	38.4
22.66	40.54
24.87	40.54
26.69	7.11
29.44	7.11
29.76	5.46
31.11	5.46
31.36	20.76
33.76	4.46
36.92	15.84
39.43	11.73
40.85	11.73
43.82	49.71
46.72	49.71
50.06	1.12
51.6	51.31
52.63	37.96
54.48	31.37
57.33	31.37
58.87	12.37
60.55	37.43
64.04	37.43
67.23	37.43
69.58	37.03
70.16	37.03
71.78	37.03
75.25	42.22
76.71	42.22
77.43	42.22
80.56	41.81
83.35	26.94
84.48	26.94
87.38	26.94
88.2	6.48
90.52	6.54
91.41	31.82
93.34	31.82
96.23	31.82
97.44	18.62
98.49	18.62
98.97	18.62
100.85	16.18
104.26	16.18
106.64	16.18
108.32	42.96
109.99	42.96
110.54	42.96
112.92	50.96
115.43	37.52
115.56	37.52
116.51	37.52
118.51	37.49
121.6	37.49
121.84	16.77
123.46	16.77
124.78	32.42
125.13	32.42
125.54	32.42
127.8	25.6
130.66	25.6
131.26	36.0
133.95	10.43
134.52	35.71
137.8	43.62
139.58	43.62
141.16	43.62
142.5	31.99
145.15	31.99
147.02	17.77
149.52	17.77
150.08	11.22
150.89	11.22
151.65	4.39
154.32	4.39
155.54	4.39
156.33	10.43
156.47	22.61
158.37	22.61
161.33	22.61
162.88	19.12
164.08	19.12
166.78	19.12
169.52	34.59
170.02	34.59
173.51	34.59
176.97	9.61
179.83	28.63
182.04	4.41
183.64	4.41
186.49	29.71
189.59	42.02
192.91	42.02
195.16	23.18
195.86	23.18
198.68	39.38
199.64	39.38
200.18	39.38
201.16	15.16
201.49	15.16
202.19	15.16
205.06	36.22
206.85	36.22
209.78	14.61
210.43	14.61
212.98	14.61
213.48	18.02
214.09	18.02
216.34	18.02
217.01	1.94
220.3	1.94
221.51	1.94
222.8	15.45
223.83	45.87
225.92	45.87
226.96	51.05
227.88	51.05
228.79	19.57
229.79	19.57
232.71	20.09
235.8	46.34
236.23	46.34
237.89	46.34
240.38	22.24
243.61	0.47
244.57	0.47
247.23	0.47
250.46	7.28
