2.97	38.45
3.8	38.45
4.38	32.01
5.69	32.01
7.89	32.01
9.59	35.12
12.21	35.12
13.92	35.12
17.31	46.93
17.72	46.93
20.04	46.93
20.63	14.59
21.02	14.59
21.33	14.59
22.51	3.48
24.67	43.83
24.93	43.83
25.21	24.26
26.79	9.26
27.19	9.26
27.82	17.34
30.1	17.34
30.73	17.34
30.86	36.9
31.76	36.9
33.71	36.9
36.42	8.78
37.1	8.78
38.27	8.78
41.34	48.53
43.89	3.05
46.98	3.05
47.17	9.37
47.66	9.37
50.73	40.59
50.94	17.89
51.86	17.89
54.22	17.89
56.04	0.33
56.37	0.33
59.19	8.73
59.52	8.73
61.51	20.07
62.5	20.07
65.99	32.36
66.7	32.36
68.6	21.97
70.98	21.97
71.11	31.67
72.61	31.67
73.3	13.44
76.11	12.45
78.02	12.45
80.04	12.45
83.29	44.25
85.19	44.25
86.48	47.88
86.89	47.88
88.1	47.88
91.1	14.03
94.06	14.03
96.82	26.72
98.86	26.72
99.35	29.66
101.84	29.66
103.55	29.66
104.86	16.38
105.55	16.38
105.94	16.38
108.8	12.12
109.53	12.12
112.11	18.4
114.25	39.91
117.43	39.91
117.93	31.61
121.27	19.71
123.72	2.1
126.95	2.1
128.28	2.1
129.58	36.04
130.77	36.04
131.67	36.04
132.37	4.78
133.76	34.48
134.76	34.48
137.57	34.48
138.28	22.94
139.82	22.94
142.86	22.94
143.61	6.02
146.96	6.02
149.35	47.13
150.02	47.13
152.39	47.13
154.42	32.41
155.57	32.41
158.1	32.41
160.0	51.25
160.43	51.25
160.57	48.23
162.7	48.23
166.01	17.52
166.74	17.52
169.67	22.61
172.29	22.61
174.35	22.61
177.0	50.48
177.59	47.17
179.49	25.94
180.02	30.74
183.08	31.87
184.42	31.87
186.24	14.95
187.28	14.95
188.85	22.36
190.92	22.36
194.22	27.81
197.54	27.81
199.31	27.81
199.65	43.26
201.13	43.26
201.29	43.26
204.75	30.24
206.58	30.24
208.01	30.24
210.83	28.7
211.19	28.7
211.92	32.17
212.26	32.17
214.65	44.01
215.71	44.01
217.94	44.01
220.66	30.56
224.1	30.56
225.99	28.68
228.58	17.99
230.61	17.99
231.84	17.99
232.74	28.68
233.66	40.84
235.84	1.67
236.35	1.67
236.95	42.07
237.62	42.07
239.21	3.64
240.98	3.64
241.64	2.54
241.95	2.54
245.33	33.04
246.6	33.04
248.4	33.04
251.74	46.2
