1.12	7.78
1.76	0.25
3.99	0.25
7.49	22.2
8.65	22.2
12.11	43.23
13.25	43.23
13.78	43.23
14.17	10.92
16.63	10.92
19.48	10.92
22.74	38.48
25.25	38.48
27.04	38.48
27.31	6.72
28.5	41.97
28.93	41.97
32.41	15.23
33.29	15.23
36.1	17.86
36.52	17.86
40.0	17.86
40.8	35.4
43.55	35.4
46.13	35.4
46.72	23.76
47.36	23.76
49.26	23.76
52.39	17.16
54.84	17.16
57.43	23.12
57.63	24.49
61.11	24.49
63.38	20.72
64.14	20.72
66.38	20.72
68.29	48.08
69.1	48.08
71.66	16.18
74.72	16.18
77.42	45.38
80.21	27.14
81.7	27.14
82.83	31.06
85.23	31.06
85.91	26.53
86.16	26.53
88.96	4.09
92.04	4.09
92.43	4.09
94.74	30.85
96.17	46.73
99.24	46.73
99.95	46.73
100.21	17.46
100.33	17.46
100.87	2.09
103.52	2.09
105.74	17.25
107.03	17.25
107.51	13.87
109.11	13.87
112.21	13.87
115.19	50.66
116.62	5.85
117.32	41.97
120.77	41.97
122.51	41.97
125.71	15.3
128.23	34.06
130.18	20.64
131.92	20.64
132.77	20.64
134.86	30.66
137.64	30.66
140.64	30.66
143.84	0.73
144.56	0.73
146.06	50.96
149.39	19.22
151.7	32.81
153.55	32.81
156.44	47.75
159.63	14.51
159.87	27.07
160.53	27.07
160.99	27.07
161.99	42.23
164.73	1.32
166.73	1.32
169.49	1.32
169.65	36.26
170.58	36.26
173.92	36.26
175.91	24.22
176.09	39.3
179.34	51.72
180.16	15.08
183.39	10.79
184.55	10.79
184.9	17.55
187.59	17.55
187.95	17.55
188.13	49.2
188.42	31.55
191.02	31.55
193.68	3.21
195.48	3.21
196.54	5.75
199.87	5.75
201.63	5.75
204.96	25.87
207.49	25.87
207.86	38.06
207.96	35.3
209.87	35.3
211.73	32.81
213.62	32.81
216.99	32.81
217.15	33.86
219.47	33.86
221.27	33.86
221.51	23.52
223.24	34.19
225.78	34.19
228.67	48.88
229.67	48.88
232.65	45.06
233.28	29.47
235.89	2.25
239.11	39.81
241.05	39.81
241.35	49.97
242.71	49.97
245.39	49.97
246.19	39.39
248.22	39.39
248.82	39.39
251.67	23.11
