0.18	26.5
3.1	26.5
6.39	26.5
6.62	27.29
8.88	5.56
9.5	13.95
10.46	13.95
13.3	39.24
14.2	39.24
15.66	19.68
18.78	19.68
19.14	19.68
21.6	9.72
24.51	9.72
24.83	9.72
26.33	33.72
29.6	33.72
32.1	33.72
32.75	37.84
34.25	6.11
35.31	49.82
37.23	49.82
37.48	49.82
38.15	9.59
38.67	9.59
42.07	6.21
44.72	6.21
44.95	36.05
45.12	48.1
46.21	42.46
48.93	42.46
50.02	43.93
51.56	43.93
52.91	47.52
53.88	8.09
54.85	21.12
57.0	21.12
59.24	14.9
59.69	14.9
60.52	20.0
63.89	20.0
65.17	6.43
65.88	6.43
68.48	6.43
69.0	38.5
70.8	38.5
74.24	38.5
75.39	7.9
78.33	7.9
78.95	30.57
79.61	30.57
81.74	15.54
84.6	0.41
86.74	48.81
89.65	48.81
92.17	42.33
92.76	42.33
96.01	42.79
98.03	4.7
101.02	4.7
103.84	4.7
105.81	51.48
108.0	51.48
108.55	51.48
109.19	22.08
110.58	22.08
111.38	22.08
113.41	19.6
114.22	19.6
115.59	37.67
118.28	37.67
121.3	37.67
123.49	26.86
125.55	41.25
128.08	39.57
128.49	39.57
131.72	29.05
134.24	29.05
135.87	29.05
136.31	25.82
138.08	25.82
141.38	21.75
143.23	21.75
143.89	21.75
144.57	6.49
144.9	6.49
146.43	9.55
147.71	15.1
149.88	15.1
152.81	15.1
153.07	3.28
155.66	17.23
159.12	17.23
162.33	3.18
163.02	3.18
163.72	3.18
167.01	18.87
168.98	12.96
169.19	12.96
170.15	22.69
170.28	22.69
170.47	22.69
171.43	21.31
173.88	21.31
177.1	21.31
179.97	9.86
180.93	9.86
181.07	3.11
181.54	18.83
182.32	10.83
183.65	10.83
185.32	10.83
188.01	5.49
188.97	9.35
190.12	9.35
191.84	9.35
193.69	15.6
194.15	2.1
194.59	2.1
196.66	2.1
198.44	46.98
199.47	46.98
200.98	4.84
202.56	4.84
205.68	46.39
207.73	46.39
209.22	12.28
212.63	12.28
213.02	12.28
216.31	44.92
217.56	44.92
217.93	25.27
218.74	25.27
221.81	25.27
222.66	36.26
226.12	50.35
227.25	36.23
227.8	9.8
230.7	25.18
230.89	25.18
231.88	25.18
232.36	39.41
234.98	39.41
236.26	28.39
239.05	28.39
242.17	37.75
243.78	37.75
245.92	2.7
246.49	2.7
249.98	2.7
251.49	29.34
