2.44	31.59
4.18	31.59
7.35	27.14
10.65	50.04
13.96	50.04
15.76	45.3
16.8	24.04
17.48	24.04
20.29	24.04
23.52	39.62
26.81	18.2
29.44	18.2
32.59	18.2
33.8	36.58
36.56	0.65
36.77	47.15
40.04	47.15
42.6	21.79
45.19	21.79
45.87	51.39
47.94	22.44
51.01	15.18
52.41	15.18
55.18	32.73
57.27	32.73
59.82	32.73
62.37	28.93
62.65	41.97
65.33	41.97
68.01	1.82
69.97	1.82
70.91	42.93
72.18	42.93
74.51	42.93
77.24	17.36
77.46	42.7
78.07	42.7
80.5	9.25
83.16	9.25
84.83	9.25
85.77	33.4
87.68	35.01
88.12	44.35
88.32	44.35
90.7	34.39
93.0	34.39
94.27	34.39
96.96	26.52
99.79	26.52
100.31	7.25
100.81	7.25
101.89	7.25
102.47	1.34
105.46	4.96
106.49	4.96
108.31	27.92
108.45	27.92
110.59	12.7
113.0	12.7
113.88	12.7
115.42	21.6
116.54	35.43
119.39	46.58
121.48	46.58
121.65	46.58
123.7	9.22
125.45	9.22
127.72	13.99
130.32	13.99
132.76	11.21
135.67	11.21
138.1	26.15
139.58	26.15
142.68	26.15
143.68	46.09
146.17	46.09
149.6	46.09
151.86	47.93
155.03	7.1
158.08	13.39
160.88	13.39
164.32	19.54
165.73	19.54
166.35	11.28
169.13	11.28
172.16	11.28
173.36	1.43
173.76	15.42
174.51	15.42
176.02	37.08
179.49	37.08
180.77	37.08
183.43	2.56
184.23	2.56
187.38	2.56
190.12	24.83
191.97	24.83
195.14	33.51
196.87	33.51
197.07	33.51
198.72	45.59
200.63	0.97
201.64	0.97
204.75	13.73
205.34	13.73
205.55	36.93
207.12	36.93
209.32	36.93
210.01	19.87
212.41	12.54
215.82	12.54
219.04	12.54
220.42	31.52
223.16	40.25
224.96	4.54
226.59	4.54
229.63	4.54
230.42	6.65
231.77	6.65
232.58	6.65
234.81	4.03
237.47	4.03
240.08	29.14
242.01	29.14
243.87	35.15
244.86	35.15
245.54	35.15
246.3	4.37
246.45	35.04
247.18	35.04
248.73	11.41
249.94	22.87
251.67	22.87
