2.05	39.08
3.98	2.14
5.93	35.47
6.89	35.47
8.03	35.47
10.64	44.12
12.87	43.54
15.27	25.81
16.1	15.93
18.77	28.46
19.21	28.46
19.34	3.08
19.8	0.86
22.33	50.24
25.71	50.24
28.83	50.24
29.74	35.54
30.1	19.32
32.22	19.32
35.2	19.32
36.09	2.0
38.58	19.44
40.51	19.44
41.52	19.44
43.08	8.0
44.11	8.0
46.04	8.0
48.44	34.67
50.14	34.67
53.03	34.67
55.13	8.99
56.36	8.99
59.42	8.99
59.95	42.92
61.95	42.92
64.47	7.87
65.08	8.04
65.46	8.04
66.35	8.04
66.59	21.01
67.2	2.22
69.17	2.22
70.31	2.22
71.46	37.79
74.47	37.79
76.89	37.79
77.67	32.32
80.96	50.21
81.21	50.21
84.68	47.95
85.04	47.95
88.09	47.74
90.88	47.74
92.23	44.57
95.59	44.57
97.52	44.57
98.48	47.32
101.08	25.3
103.46	33.17
105.8	33.17
109.15	20.55
110.72	20.55
111.64	20.55
113.19	29.71
113.78	29.71
114.83	29.71
115.77	43.54
117.49	43.54
118.36	43.54
120.81	34.75
121.4	34.75
122.76	34.75
125.21	47.87
126.72	47.87
126.95	47.87
127.85	24.83
130.55	24.83
131.03	24.83
133.48	30.76
134.13	30.76
136.2	30.76
136.95	6.28
140.15	6.28
141.87	23.5
144.62	24.1
147.83	24.1
148.89	24.1
152.14	14.05
152.47	43.97
153.46	43.97
154.03	43.97
155.0	51.26
157.12	51.26
159.89	51.26
162.08	15.34
164.52	42.78
165.83	7.34
168.75	7.34
171.79	17.17
172.85	17.17
176.13	4.35
178.26	4.35
179.96	4.35
180.65	26.54
183.83	26.54
187.31	26.54
188.47	6.99
190.88	32.8
191.82	32.8
193.29	49.09
193.77	49.09
196.35	49.09
197.55	42.41
199.94	42.41
202.23	19.93
203.78	3.72
204.0	3.72
205.86	2.51
207.94	2.51
210.86	2.51
212.43	29.08
212.74	2.84
214.36	2.84
214.71	4.27
217.84	1.44
218.72	1.44
221.76	1.44
225.21	36.62
228.11	36.62
231.23	36.62
233.24	25.08
234.53	3.11
235.16	3.11
235.62	16.81
239.06	16.81
242.54	49.87
244.9	49.87
247.04	49.87
248.99	22.62
251.31	16.45
