0.93	8.34
2.2	8.34
2.61	21.69
4.06	21.69
5.23	28.64
5.46	28.64
8.8	28.64
9.06	36.3
10.0	9.41
10.16	9.41
12.73	50.89
15.93	19.03
19.38	19.03
22.69	19.03
24.47	26.07
26.07	26.07
26.47	26.07
27.44	0.84
28.88	0.84
31.12	0.84
32.63	11.9
33.4	11.9
35.61	16.02
36.73	35.05
37.82	35.05
40.47	26.23
42.59	26.23
44.54	9.16
45.73	1.99
47.89	1.99
49.45	1.99
52.27	11.06
53.27	11.06
53.95	11.06
54.68	1.52
56.1	1.52
59.47	51.76
60.73	26.74
62.3	26.74
63.65	48.63
65.62	48.63
67.73	17.5
70.38	43.77
71.0	5.1
71.88	5.1
72.15	5.1
74.04	33.76
74.52	31.48
75.21	30.52
77.64	40.48
80.38	38.67
82.18	43.59
83.26	43.59
83.38	43.59
86.62	51.53
88.66	51.53
88.84	51.53
90.68	43.95
91.5	43.95
92.67	46.26
93.43	12.77
95.8	12.77
98.05	12.77
98.58	47.11
100.62	50.39
104.05	39.23
107.51	39.23
108.6	16.96
109.2	16.96
112.24	29.88
115.27	29.88
115.81	29.88
117.67	23.61
118.8	38.46
120.43	23.71
122.85	23.71
123.93	13.16
124.92	4.73
127.12	4.73
130.22	36.0
131.56	15.55
134.66	15.55
137.73	37.27
140.95	18.74
142.66	18.74
143.76	37.58
145.82	9.9
148.25	9.9
148.74	23.43
151.17	23.43
153.17	23.43
155.19	37.93
156.13	43.32
159.61	37.9
160.62	37.9
161.49	37.9
163.69	25.96
165.82	43.65
167.66	43.65
170.06	19.88
173.22	16.6
175.73	12.05
179.18	12.05
181.81	12.05
182.95	33.34
185.75	33.34
186.57	33.34
189.39	37.29
191.85	37.29
193.92	42.78
197.17	42.78
198.23	13.09
200.8	13.09
203.32	48.45
204.03	48.53
207.35	48.53
209.0	48.53
211.26	39.71
213.72	39.71
215.35	39.71
215.81	2.55
217.54	2.55
218.78	2.55
221.29	1.88
222.87	14.89
224.96	2.22
228.3	2.22
229.27	42.18
232.15	29.74
233.03	29.74
235.32	30.55
235.93	26.72
239.06	26.72
240.74	26.72
241.94	15.37
242.22	15.37
244.34	40.22
244.65	16.98
246.55	16.98
247.59	16.98
249.88	36.48
251.72	36.48
