0.93	26.56
1.92	26.56
4.91	26.56
7.39	5.23
10.56	5.23
11.19	1.96
13.26	23.44
14.18	23.44
15.15	38.15
18.13	38.15
19.83	1.68
21.54	1.68
23.59	1.68
24.97	15.29
27.96	15.29
30.43	15.29
32.02	36.28
34.23	48.91
35.77	48.91
35.87	48.91
38.08	21.11
38.42	21.11
39.28	21.11
40.53	23.46
43.05	37.42
43.52	40.29
45.37	40.29
48.04	6.99
50.37	44.02
51.14	0.92
53.24	49.76
53.71	49.76
54.24	49.76
57.59	48.38
58.86	45.14
59.04	45.14
59.82	4.93
63.01	47.78
66.04	42.75
69.43	42.75
71.73	42.75
74.08	42.57
77.1	42.57
77.43	42.57
80.44	31.03
82.68	37.81
84.0	37.81
85.12	37.81
86.74	32.39
87.64	32.39
90.83	46.56
93.2	25.25
93.8	20.39
96.56	20.39
98.17	20.39
100.64	27.8
102.36	21.86
103.26	21.86
105.39	21.86
107.83	34.76
111.12	34.76
114.38	44.66
115.96	44.66
118.75	35.75
121.07	35.75
121.52	35.75
121.66	25.91
124.03	25.91
127.0	25.91
128.9	2.98
130.09	19.87
131.72	45.39
133.31	45.39
135.86	48.64
139.24	5.38
139.76	5.38
141.52	29.16
143.83	33.37
146.87	33.37
147.48	2.44
147.82	2.44
150.62	45.91
151.58	11.81
152.6	35.97
155.53	42.49
157.26	19.07
158.79	19.07
160.03	19.07
161.17	40.91
163.17	40.91
164.77	36.59
167.18	36.59
168.05	9.39
170.25	0.78
173.1	0.78
174.07	35.21
175.6	35.21
176.54	35.21
177.58	39.06
178.79	30.74
181.88	30.74
182.95	33.02
183.21	39.22
184.41	39.22
187.59	9.36
190.87	9.36
192.93	9.36
195.68	47.75
196.98	15.43
199.02	41.7
199.54	31.58
201.09	25.85
201.46	25.85
202.18	25.43
204.43	38.97
207.49	38.97
209.98	38.97
213.25	16.5
214.67	16.5
217.94	16.5
221.21	3.14
224.24	41.4
227.62	41.4
230.24	41.4
230.96	18.27
232.7	18.27
234.61	18.27
235.25	39.65
237.78	39.65
238.53	39.65
238.98	4.47
240.28	4.47
242.29	4.47
243.46	40.29
245.82	23.67
247.93	23.67
248.69	2.39
251.8	13.64
