2.66	32.71
3.31	32.71
3.67	32.71
4.13	13.24
6.94	50.75
7.13	50.75
9.5	20.28
11.23	47.08
14.22	47.08
16.83	2.52
17.66	2.52
20.85	2.52
23.94	26.6
24.38	49.38
27.02	49.38
30.3	47.07
31.16	47.07
32.86	47.07
33.86	23.15
36.51	23.15
37.35	8.87
38.19	8.87
41.08	31.62
43.55	31.62
45.6	31.62
46.89	19.69
49.89	21.97
53.32	21.97
56.0	38.52
56.62	38.52
56.73	38.52
59.99	50.58
62.78	50.58
63.8	31.93
67.24	31.93
67.6	22.52
69.6	22.52
72.74	22.52
73.37	22.38
75.89	22.38
77.77	51.33
80.86	51.33
84.26	48.54
84.38	48.54
86.32	48.54
86.85	9.09
87.1	9.09
89.95	28.82
92.07	28.82
92.75	28.82
96.1	24.82
97.58	34.3
99.57	34.3
100.59	34.3
102.18	26.68
102.35	26.68
103.38	34.41
106.19	34.41
109.56	8.54
110.77	8.54
113.99	8.76
116.43	37.93
117.92	37.93
121.02	6.94
121.45	6.94
121.6	49.82
124.87	49.82
126.58	49.82
129.38	50.75
130.27	50.75
131.55	50.75
133.15	20.37
133.54	20.37
135.98	20.37
138.39	31.58
141.84	50.53
144.36	50.53
147.55	50.53
148.82	47.55
150.09	47.55
150.59	47.55
152.46	31.71
155.75	41.89
159.15	41.89
162.49	10.01
164.49	10.01
165.42	10.01
167.88	9.9
171.28	9.9
174.71	9.9
175.36	45.68
177.26	45.68
178.55	45.68
178.66	20.03
182.12	2.55
184.69	2.55
185.77	6.89
188.28	6.89
190.23	47.31
192.36	47.31
195.24	47.31
197.19	0.38
200.49	45.42
203.3	45.42
205.74	24.06
209.21	24.06
209.84	36.22
211.42	50.8
214.7	30.17
217.61	30.17
218.05	38.98
220.26	34.2
220.36	50.04
221.61	50.04
224.03	50.04
224.94	29.99
225.28	29.99
227.15	32.83
227.67	32.83
229.24	32.83
229.79	20.79
230.73	2.66
231.03	2.66
233.63	36.59
233.84	36.59
234.89	4.54
236.91	25.82
238.73	25.82
240.69	33.5
242.34	41.44
244.92	41.44
245.04	41.44
247.05	0.35
247.21	0.35
249.69	33.74
252.17	16.74
