3.03	2.49
5.68	2.49
7.54	20.57
10.34	20.57
13.82	20.57
16.23	15.78
17.54	15.78
20.64	15.78
22.02	2.17
23.12	2.17
23.85	2.17
24.79	7.51
25.75	7.51
26.71	7.51
30.13	43.84
32.53	43.84
34.71	43.84
35.85	29.23
37.51	29.23
38.56	23.94
41.86	49.1
44.34	39.13
44.49	39.13
44.85	14.43
46.5	14.43
48.77	45.22
49.89	45.22
50.8	45.22
53.21	45.21
55.0	45.21
58.16	45.21
61.32	25.52
64.47	25.52
67.64	25.52
68.15	16.64
68.74	16.64
71.32	16.64
72.14	41.57
72.33	7.29
73.87	7.61
75.99	7.61
78.14	7.61
78.43	9.83
81.44	9.83
84.68	40.2
86.57	40.2
87.68	28.67
88.67	31.37
91.5	31.37
91.95	31.37
94.23	45.51
94.82	45.51
97.09	25.6
97.72	6.88
99.62	34.47
100.58	31.86
103.73	31.86
105.34	31.86
105.85	29.07
108.37	3.26
109.99	3.26
111.22	3.26
111.63	13.55
114.94	13.55
115.96	41.24
116.49	41.24
118.21	9.7
119.55	46.86
121.82	46.86
122.07	47.51
122.51	47.51
124.45	33.45
126.86	33.45
129.98	33.45
133.18	33.74
133.54	33.74
135.61	33.74
136.54	36.2
139.69	11.81
143.13	11.81
146.03	11.81
147.38	0.49
150.17	0.49
151.18	31.96
152.25	31.96
155.4	4.14
158.69	4.14
161.18	24.73
163.59	24.73
164.81	24.73
165.11	22.46
165.31	22.46
165.8	32.36
166.61	12.0
167.12	12.0
168.52	39.18
171.09	39.15
171.33	39.15
173.53	39.15
176.16	13.43
179.46	39.55
181.69	39.55
182.49	39.55
183.92	44.97
185.69	39.84
186.84	39.84
188.89	39.84
190.64	4.28
191.62	4.28
194.71	4.28
197.22	20.88
199.32	47.81
201.45	47.81
204.92	37.21
205.47	16.93
206.42	16.93
207.37	19.59
208.92	19.59
210.0	11.2
212.38	11.2
215.63	42.86
218.45	42.86
221.31	9.17
224.47	9.17
227.55	9.17
228.76	8.52
229.12	8.52
231.76	8.52
235.24	12.49
235.61	12.49
237.44	51.68
237.71	51.68
239.46	51.68
242.79	46.49
244.07	46.49
244.31	46.49
245.02	47.6
246.61	47.6
247.43	47.6
250.54	9.23
