1.93	48.03
3.06	15.23
3.73	40.49
4.94	15.55
7.3	33.46
9.62	11.87
10.07	11.87
12.03	14.96
13.79	14.96
15.15	14.96
18.08	36.03
19.65	39.43
22.0	39.43
23.18	46.49
24.74	25.1
27.99	14.61
30.59	36.1
33.58	36.1
34.92	36.1
36.16	32.36
39.27	7.56
41.13	7.56
44.39	18.13
45.66	18.13
48.16	18.13
49.24	35.68
51.18	35.68
52.09	35.68
53.39	6.23
56.55	6.23
58.89	6.23
59.27	33.67
62.6	31.62
62.95	33.46
63.33	33.46
65.81	33.46
67.26	37.5
67.58	37.5
69.86	17.96
72.79	17.96
74.3	38.11
77.58	38.11
79.02	38.11
82.1	1.48
82.83	1.48
84.69	8.33
86.72	8.33
88.6	8.33
89.54	12.43
90.27	12.43
92.69	12.43
94.16	11.11
95.27	22.57
95.51	32.36
96.68	18.76
99.93	40.89
102.88	40.89
106.24	40.89
107.77	15.44
109.77	50.15
110.89	50.15
112.45	50.15
113.56	5.1
116.24	1.62
119.4	1.62
120.43	1.62
121.15	28.43
121.76	3.79
124.55	23.72
127.76	27.84
130.25	27.84
130.72	22.26
133.15	0.33
135.8	43.25
136.66	43.25
136.96	43.25
139.26	23.75
139.72	23.75
142.18	39.04
142.92	39.04
145.15	28.86
148.12	28.86
149.87	14.93
151.62	14.93
153.3	34.29
155.64	34.29
157.0	34.29
157.6	25.98
158.39	25.98
160.69	25.85
161.32	25.85
163.48	10.48
166.54	10.48
168.23	10.48
171.19	6.36
172.93	34.01
173.42	34.01
176.47	41.25
178.51	2.23
178.89	2.23
181.34	2.23
182.67	13.93
184.61	13.93
187.28	13.93
189.79	36.46
190.13	36.46
193.08	36.46
194.17	9.5
195.98	12.27
196.87	12.27
199.55	12.27
199.95	19.01
202.94	17.18
204.23	27.14
206.93	27.14
209.56	27.14
210.81	35.63
212.94	40.02
214.4	40.02
216.72	23.7
220.11	23.7
221.41	41.2
221.62	3.28
222.83	38.2
226.13	35.12
229.28	35.12
232.12	17.63
233.67	17.63
235.9	17.63
239.33	27.04
241.4	27.04
242.28	27.04
243.12	16.7
243.46	16.7
243.9	45.7
247.24	48.53
250.32	48.53
