0.98	17.89
3.84	17.89
4.9	50.27
8.37	50.27
9.29	43.84
9.72	43.84
12.84	43.84
14.58	10.26
17.62	10.09
20.61	10.09
23.47	22.84
25.58	22.84
28.41	22.84
29.56	22.3
31.82	22.3
34.79	22.3
37.32	11.29
39.12	11.29
39.93	11.29
40.26	42.6
41.31	27.0
44.34	27.0
47.29	13.67
48.43	13.67
50.54	16.76
52.74	8.45
54.74	8.45
57.34	8.45
58.88	6.85
62.12	6.85
62.65	51.13
64.76	2.32
66.4	2.32
67.22	2.32
68.54	40.92
70.2	40.92
72.65	40.92
75.8	48.27
76.56	48.27
78.23	48.27
80.11	24.06
82.21	24.06
85.33	24.06
88.41	32.43
89.66	38.29
92.29	38.29
95.53	6.36
95.78	6.36
98.85	6.36
101.38	24.36
102.81	24.36
105.57	24.36
107.59	50.78
110.09	50.78
112.4	22.34
115.6	22.34
117.09	22.34
119.68	8.3
123.13	8.3
125.81	30.95
129.04	8.59
131.92	10.68
135.4	28.17
138.61	28.17
140.28	28.17
142.7	40.87
146.01	31.73
146.45	31.73
148.46	21.82
149.74	21.82
151.94	33.87
154.86	33.87
155.68	22.35
156.8	22.35
159.45	22.35
161.4	50.57
163.34	14.13
163.77	14.13
166.19	29.08
168.68	29.08
171.97	10.29
175.29	10.29
177.31	10.29
179.85	2.34
180.34	2.34
182.47	16.99
182.88	16.99
185.65	44.39
189.02	8.21
191.85	46.26
192.41	44.05
194.48	44.05
195.36	44.05
196.73	4.42
198.34	49.88
199.99	24.25
202.61	24.25
203.42	49.18
205.9	49.18
207.68	7.11
209.7	7.11
213.2	7.11
215.13	32.97
217.32	32.97
218.58	28.77
220.48	31.59
221.45	31.59
223.34	41.99
224.99	29.62
226.73	9.2
229.72	9.2
232.67	0.82
236.03	0.82
236.4	45.61
236.98	45.61
239.23	3.41
239.87	3.41
241.66	3.41
242.59	27.53
242.72	27.53
242.96	27.53
243.23	17.29
243.58	17.29
244.72	43.31
244.82	43.31
246.54	43.31
249.66	42.52
253.15	35.09
