1.72	12.98
4.44	22.43
6.48	22.43
8.28	22.43
9.96	19.63
13.28	19.63
15.0	19.63
17.14	38.49
17.59	38.49
19.61	20.58
20.8	20.58
22.1	8.96
23.65	36.76
24.92	36.76
27.47	13.86
28.28	13.86
29.36	36.78
32.17	36.78
33.19	17.88
33.44	17.88
35.74	29.22
35.84	37.29
36.49	37.29
38.75	37.29
41.19	22.83
41.37	22.83
43.74	22.83
47.04	22.1
48.01	22.1
50.45	10.61
51.09	10.61
51.79	19.67
53.56	19.67
56.54	10.43
58.44	10.43
61.76	33.86
65.08	33.86
68.07	22.93
69.16	51.55
71.06	15.18
72.61	15.18
75.9	15.18
79.29	41.71
80.52	20.2
81.91	3.72
83.6	5.7
83.95	5.7
87.0	5.7
89.26	11.9
91.57	47.42
91.7	12.3
92.76	12.3
93.6	12.3
95.09	11.96
96.48	22.53
99.85	22.53
102.89	22.53
104.83	2.58
106.42	4.57
106.65	45.97
109.6	45.97
111.39	49.8
112.99	49.8
116.44	17.95
117.27	17.95
119.76	12.3
120.77	12.3
123.11	12.3
124.14	30.01
126.55	30.01
129.34	30.01
129.66	21.58
131.19	21.58
132.14	41.89
134.87	41.89
137.92	13.0
140.17	13.0
143.26	13.0
146.37	25.22
146.85	38.5
149.82	15.83
153.25	28.73
155.6	28.73
156.65	1.98
157.56	1.98
159.86	1.98
161.42	40.94
163.03	40.94
164.3	40.94
165.91	2.02
168.81	5.32
170.59	5.32
172.42	11.44
173.11	11.44
175.41	11.44
178.82	50.91
181.99	50.91
185.45	50.91
188.6	34.79
192.09	34.79
193.28	0.35
195.4	0.35
195.89	27.09
197.66	41.03
200.18	41.03
200.31	33.87
203.61	33.87
205.76	33.87
207.77	30.04
208.6	30.04
210.98	30.04
212.88	48.08
213.77	6.45
216.89	6.45
217.1	6.45
219.11	3.42
220.69	3.42
222.13	16.23
225.17	40.33
227.39	40.33
227.71	40.33
229.27	39.04
230.83	39.04
232.6	39.04
233.67	39.24
236.4	39.24
238.12	28.65
241.04	28.65
242.4	28.65
242.9	10.01
244.0	3.25
244.99	3.25
246.48	9.74
249.84	9.74
252.51	9.74
