3.19	1.43
6.44	33.75
8.69	23.9
10.44	15.41
13.61	15.41
14.93	15.41
15.06	35.51
15.9	35.51
18.06	35.51
20.36	2.54
20.9	2.54
23.59	2.54
26.19	12.7
27.54	28.13
28.79	28.13
32.11	28.13
32.88	28.11
35.58	28.11
38.65	28.11
40.77	8.37
43.96	8.37
45.46	8.37
45.79	10.37
47.43	10.37
48.82	46.85
51.64	27.74
54.48	37.14
55.21	37.14
58.24	37.14
58.86	26.98
61.81	26.98
63.69	13.76
65.87	13.76
68.52	13.76
70.02	27.75
70.88	27.75
71.88	34.45
74.33	34.45
76.16	36.71
79.18	5.02
79.48	41.83
82.07	41.83
84.36	41.83
87.39	49.19
90.37	40.09
93.41	40.03
96.02	40.03
96.18	48.91
98.52	49.94
99.72	34.38
102.06	34.38
104.59	47.83
106.78	47.83
109.0	47.83
109.76	30.29
112.68	30.29
112.98	12.94
115.64	50.7
119.13	38.12
121.74	19.65
123.74	19.65
124.87	46.82
126.25	46.82
126.7	43.23
126.88	43.23
128.11	43.23
129.26	3.89
130.94	3.89
131.63	28.95
133.64	38.24
136.53	44.02
138.74	44.02
139.73	44.02
142.16	13.7
144.34	13.7
146.32	13.7
147.25	19.33
148.86	19.33
149.2	39.98
151.61	39.98
152.98	23.71
154.2	50.68
154.66	3.68
155.1	4.05
157.43	4.05
159.91	4.05
162.56	16.65
163.87	16.94
165.08	16.94
165.41	16.94
167.86	13.56
171.02	13.56
173.46	13.56
175.98	51.87
178.36	42.77
179.13	37.6
181.93	9.5
183.8	9.5
185.85	9.5
186.81	16.46
189.86	37.65
191.74	37.65
194.57	39.69
196.14	39.69
199.18	39.69
201.76	32.34
205.02	32.34
205.42	32.34
208.48	17.66
210.73	40.06
212.77	36.71
215.9	43.17
219.31	10.01
221.22	10.01
221.91	49.64
223.02	49.64
224.69	49.64
227.5	15.66
230.63	1.47
232.48	12.09
233.78	12.09
234.29	0.73
234.64	0.73
237.21	0.73
238.39	36.64
241.57	5.79
242.92	45.41
245.05	45.41
246.81	45.41
249.25	8.12
250.42	8.12
