0.43	7.05
3.28	7.05
5.22	7.05
8.07	25.51
8.67	25.51
11.36	24.6
14.14	30.76
15.1	30.76
18.35	19.86
21.76	19.86
23.54	26.44
24.65	0.95
27.69	23.59
27.98	23.59
29.82	23.59
32.16	3.13
34.51	42.43
35.84	20.88
36.71	20.88
37.62	20.88
39.12	22.99
41.75	22.99
42.81	41.54
44.46	20.48
47.04	20.48
49.94	20.48
51.4	16.16
51.66	16.16
52.29	41.46
53.17	41.46
56.15	37.55
56.3	40.37
56.52	45.98
58.17	45.98
59.31	12.67
60.84	12.67
64.11	26.25
66.13	41.66
68.4	41.66
69.37	41.66
72.81	15.93
75.46	15.93
76.73	17.92
78.75	17.92
79.67	17.92
80.9	47.16
82.31	47.16
83.43	6.42
86.13	44.6
87.93	44.6
90.99	44.6
93.22	34.76
94.09	34.76
95.34	34.76
96.65	40.6
98.82	40.4
100.85	40.4
102.64	18.17
103.75	17.18
105.44	3.84
106.43	47.38
109.63	47.38
111.09	8.86
113.57	8.86
113.77	8.86
114.79	30.46
118.24	30.46
118.63	30.46
121.49	35.79
124.93	35.79
125.63	24.38
128.29	24.38
130.52	24.38
133.69	25.69
133.96	25.69
134.32	25.69
136.87	18.64
140.03	18.64
140.14	18.64
142.56	10.49
143.81	10.49
146.45	10.49
149.14	10.47
149.75	10.47
152.08	10.47
155.57	9.07
158.12	23.17
161.25	10.02
161.83	10.02
161.95	10.02
162.58	28.27
164.26	28.27
166.22	28.27
168.15	44.77
168.39	39.91
170.26	39.91
171.63	39.91
171.78	29.52
173.91	29.52
177.24	29.52
178.72	11.9
179.25	11.9
180.62	32.6
182.88	32.6
184.43	48.13
186.27	48.13
186.43	3.72
189.52	14.45
191.32	14.45
191.89	47.58
193.78	47.58
195.03	5.79
197.95	5.79
201.24	5.79
201.41	3.56
201.58	3.56
203.89	3.56
206.35	4.43
208.63	0.32
211.54	0.32
211.76	25.84
213.56	25.84
215.95	25.84
218.56	30.79
219.97	30.79
220.74	18.54
222.29	18.54
225.68	6.03
226.53	6.03
227.67	6.03
229.77	11.89
230.96	11.89
231.6	11.89
234.68	11.69
237.11	51.9
238.59	0.35
240.66	0.35
243.68	0.35
247.12	48.84
249.52	48.84
252.89	48.84
