2.93	1.91
4.26	1.91
6.97	1.91
9.07	5.24
11.92	22.47
13.65	22.47
15.56	14.48
18.41	14.48
19.9	45.64
22.2	13.7
24.59	13.7
25.3	13.7
26.92	50.33
27.61	50.33
29.02	50.33
31.59	23.86
34.93	23.86
36.31	37.74
36.89	37.74
37.36	8.5
39.22	20.55
42.07	20.55
43.8	23.09
45.4	23.09
46.61	11.35
48.26	11.35
50.5	11.35
53.32	33.68
56.47	33.68
58.11	33.68
60.97	10.05
64.45	7.73
66.38	7.73
68.37	45.93
70.69	45.93
74.13	24.48
77.1	24.48
80.49	50.68
82.67	50.68
84.85	10.96
86.25	10.96
86.49	10.96
89.55	19.06
90.35	0.29
92.67	0.29
94.33	0.29
94.87	43.0
95.74	31.45
98.01	31.45
100.77	51.61
102.23	26.9
102.7	26.9
105.76	26.9
106.81	5.66
108.17	5.66
111.59	35.88
114.98	35.88
116.68	47.2
117.44	8.91
119.19	13.25
121.96	13.25
122.26	13.25
125.19	26.13
125.93	26.13
126.33	9.86
126.66	9.86
129.18	43.6
131.14	43.96
132.56	21.35
134.5	1.76
135.75	1.76
137.26	20.78
139.61	49.96
142.97	36.37
143.51	36.37
146.86	36.37
147.59	23.86
148.83	23.86
150.69	51.11
151.49	51.11
151.74	9.49
154.77	9.49
156.19	9.49
156.58	35.96
158.13	49.1
158.56	49.1
159.99	10.7
161.38	36.0
164.02	36.0
165.65	14.43
167.03	14.43
169.69	28.24
172.96	19.22
174.36	19.22
177.34	5.92
179.18	5.92
181.58	5.92
183.13	6.79
185.33	4.77
187.53	4.77
190.28	21.86
193.08	21.86
195.66	7.78
197.4	7.78
197.63	7.78
200.79	26.01
202.15	39.61
204.73	39.61
207.92	39.61
210.83	18.11
214.06	18.11
215.7	18.11
218.52	48.15
221.28	48.15
221.79	36.08
221.9	36.08
225.08	26.92
225.43	26.92
228.46	8.85
229.2	8.85
230.51	8.85
233.48	0.2
236.97	38.04
239.48	1.36
239.74	1.36
242.25	7.73
243.8	7.73
245.81	7.73
248.01	2.81
248.73	2.81
249.46	2.81
251.68	3.06
