0.61	116.27
1.77	116.27
2.32	184.97
3.69	162.64
5.09	153.36
5.23	179.37
7.54	179.37
7.91	129.93
8.72	129.93
11.66	108.33
13.28	136.43
14.59	112.54
17.76	112.54
18.45	112.54
19.33	47.79
19.53	47.79
21.66	203.88
24.04	203.88
25.32	203.88
28.2	148.83
28.79	148.83
31.96	148.83
34.9	30.5
36.75	75.82
40.22	84.56
43.64	84.56
45.78	84.56
48.41	167.98
50.28	167.98
53.4	167.98
53.79	120.7
56.66	120.7
58.54	120.7
60.94	190.32
61.2	190.32
62.77	78.46
63.42	78.46
65.83	78.46
68.64	132.78
68.8	212.94
70.0	31.01
71.65	62.65
72.56	62.65
74.27	62.65
74.49	97.13
77.57	97.13
80.39	97.13
83.23	8.54
84.66	8.54
85.03	8.54
85.74	67.36
88.91	67.36
90.6	26.09
90.8	26.09
92.9	40.4
93.67	40.4
96.22	72.92
97.0	72.92
98.05	112.36
98.48	46.81
99.24	124.05
99.76	124.05
102.73	23.35
105.61	23.35
107.11	23.35
107.95	62.5
110.21	62.5
112.24	62.5
113.74	54.98
116.86	54.98
117.67	203.58
119.06	203.58
120.77	159.35
121.71	159.35
124.87	9.85
127.41	9.85
130.69	9.36
131.62	202.94
132.82	155.72
133.5	187.75
134.78	187.75
135.38	187.75
137.82	119.13
138.55	119.13
139.37	39.82
142.47	158.57
143.33	158.57
146.81	158.99
148.13	158.99
149.53	158.99
151.52	139.92
154.48	209.22
155.28	141.5
156.56	73.18
159.27	196.14
160.31	178.52
161.16	85.09
161.84	85.09
162.44	23.36
164.64	195.45
166.71	195.45
167.29	195.45
170.41	212.79
173.17	212.79
176.32	212.79
177.82	167.96
178.32	167.96
180.33	167.96
180.72	84.25
184.15	84.25
186.76	133.96
189.15	133.96
190.61	133.96
193.86	195.47
196.46	195.47
197.18	195.47
200.58	146.53
202.66	146.53
205.32	146.53
207.02	172.86
209.5	172.86
211.82	172.86
213.58	64.83
216.29	64.83
218.9	64.83
219.39	176.31
221.92	176.31
223.92	176.31
224.84	149.14
226.19	149.14
227.9	128.8
231.08	128.8
234.39	70.95
235.01	70.95
236.0	126.06
239.21	37.61
242.45	37.61
243.16	37.61
245.2	187.62
248.04	52.16
250.67	52.16
