1.31	27.64
3.39	76.61
6.88	76.61
7.99	76.61
10.16	11.87
12.7	11.87
15.72	11.87
17.89	97.22
20.75	97.22
21.82	109.98
24.69	109.98
26.84	109.98
29.51	167.14
30.31	167.14
33.01	167.14
33.67	56.6
35.07	56.6
38.02	56.6
39.58	120.25
42.83	120.25
43.96	120.25
47.27	15.01
50.46	15.01
52.27	177.62
55.2	132.86
55.36	132.86
56.01	132.86
59.29	178.3
61.78	175.46
62.55	175.46
62.82	199.09
65.27	199.09
66.28	199.09
68.99	116.75
69.1	126.83
71.88	126.83
72.15	111.42
73.62	111.42
74.8	82.2
77.31	21.45
77.59	21.45
78.11	21.45
81.2	117.92
82.09	117.92
83.43	116.52
86.3	116.52
86.68	145.97
88.55	145.97
88.79	134.65
91.7	44.17
94.55	44.17
95.61	154.07
97.6	154.07
100.76	29.79
101.62	29.79
103.0	29.79
103.76	36.39
106.73	36.39
108.19	36.39
108.83	53.72
109.83	53.72
112.05	74.6
114.85	74.6
115.86	76.4
117.91	76.4
120.31	208.39
120.46	63.46
122.86	63.46
123.95	63.46
126.63	112.82
128.83	112.82
131.84	62.86
134.81	132.59
137.21	136.75
138.67	136.75
141.26	136.75
143.46	103.26
145.48	89.73
146.67	89.73
147.2	90.9
147.3	90.9
149.86	90.9
150.25	56.57
153.57	67.9
155.57	67.9
156.34	67.9
158.2	92.22
159.33	92.22
160.66	92.22
162.61	201.41
165.21	193.54
165.57	193.54
165.83	193.54
167.08	20.19
170.26	19.3
172.21	19.3
175.68	19.3
177.44	162.96
179.84	162.96
179.95	162.96
180.81	208.58
182.94	208.58
183.18	166.57
184.44	166.57
187.55	146.11
189.65	146.11
191.19	146.11
193.26	194.74
195.4	128.64
195.64	128.64
196.39	128.64
199.39	197.11
201.09	197.11
201.96	197.11
204.1	197.94
206.36	197.94
208.29	197.94
208.43	67.23
211.29	67.23
212.12	67.23
214.05	150.02
215.7	150.02
218.35	207.55
220.39	207.55
220.61	18.22
223.99	61.88
227.02	61.88
227.28	61.88
227.93	43.89
230.04	43.89
231.83	179.39
233.22	179.39
233.38	179.39
236.49	125.89
236.89	194.65
240.09	194.65
241.84	194.65
243.88	141.74
244.91	141.74
247.32	161.28
250.7	161.28
