3.12	82.98
5.41	82.98
8.35	82.98
10.99	98.36
12.46	185.2
15.17	185.2
16.45	185.2
18.6	2.1
21.77	2.1
24.45	2.1
27.35	75.91
30.11	36.05
33.43	36.05
35.19	36.05
38.54	16.06
39.77	16.06
41.34	16.06
44.73	112.04
44.91	112.04
45.44	186.47
46.93	186.47
49.82	196.74
52.36	196.74
55.13	196.74
56.47	82.34
57.36	82.34
60.32	82.34
61.41	193.89
64.18	193.89
67.53	193.89
70.71	173.57
70.91	136.79
72.36	136.79
72.58	136.79
73.3	43.81
76.48	110.72
77.33	113.23
80.39	113.23
83.04	181.69
86.5	181.69
88.12	100.51
88.37	100.51
90.58	48.6
91.95	155.52
95.32	155.52
97.68	197.21
99.02	197.21
100.0	108.88
101.5	108.88
104.47	108.88
106.54	135.34
107.48	115.88
110.78	5.07
113.99	5.07
117.06	5.07
118.22	194.84
120.33	124.24
121.91	35.45
125.18	35.45
127.59	35.45
130.22	137.14
131.36	16.76
133.96	200.78
134.35	200.78
136.51	200.78
139.47	117.19
142.91	6.67
145.16	79.82
146.79	79.82
148.73	61.92
149.81	61.92
152.29	61.92
155.03	168.92
156.72	168.92
157.87	40.4
161.18	40.4
161.93	179.68
164.35	179.68
165.55	179.68
168.04	162.73
168.95	162.73
172.14	162.73
174.4	107.38
174.62	141.46
176.46	141.46
178.92	8.75
181.28	8.75
183.0	200.38
185.9	200.38
186.38	200.38
186.83	175.83
190.3	175.83
191.49	175.83
192.27	148.35
193.98	148.35
194.81	148.35
196.92	69.82
197.59	152.33
197.79	152.33
198.97	57.15
199.48	57.15
202.34	57.15
202.54	134.75
204.64	176.87
204.79	176.87
207.29	176.87
209.03	76.4
209.46	76.4
209.85	76.4
210.17	101.31
211.66	90.37
212.44	168.87
215.12	168.87
216.67	168.87
217.23	159.09
217.77	189.38
218.19	159.68
220.18	61.25
221.63	61.25
223.09	200.41
224.23	200.41
227.62	200.41
229.85	35.03
232.91	35.03
233.14	199.0
233.94	199.0
237.44	106.7
240.18	5.4
241.98	193.49
242.44	193.49
244.79	193.49
245.64	109.86
246.69	80.34
249.11	175.33
251.62	175.33
