3.2	103.5
5.44	103.5
8.91	15.71
9.49	15.71
12.09	15.71
14.4	210.68
15.05	210.68
17.21	210.68
20.23	159.89
20.44	159.89
22.38	159.89
23.16	67.17
26.06	67.17
26.81	67.17
29.73	191.46
33.05	79.3
35.45	202.97
36.28	202.97
39.6	202.97
40.39	69.41
41.95	69.41
44.81	8.23
45.55	181.17
48.19	181.17
49.55	99.31
53.0	99.31
54.97	10.16
58.04	10.16
60.87	211.4
64.3	25.55
65.37	25.55
66.2	25.55
68.53	167.83
71.63	20.36
73.65	20.36
75.6	54.83
77.71	54.83
80.58	54.83
83.88	186.18
85.7	177.55
86.06	111.96
87.73	111.96
89.06	116.95
89.54	17.86
91.84	17.86
92.44	102.49
93.43	132.3
96.23	132.3
97.59	140.63
98.51	140.63
101.35	62.73
102.94	62.73
105.85	62.73
106.39	8.59
106.87	8.59
109.72	8.59
112.9	90.01
113.84	90.01
115.18	90.01
116.53	67.59
116.97	67.59
119.21	67.59
119.39	46.11
120.03	46.11
120.43	147.66
121.3	194.4
123.73	194.4
125.72	194.4
126.39	60.27
129.87	60.27
130.91	150.74
134.01	150.74
137.18	150.87
138.27	1.25
139.27	46.55
142.3	152.42
142.58	152.42
145.65	195.82
148.91	195.82
151.98	195.82
153.95	38.74
156.9	212.54
160.31	78.28
160.97	78.28
163.62	157.89
167.04	39.92
169.67	22.12
172.75	113.98
175.04	113.98
177.64	113.98
179.77	16.5
183.09	16.5
183.57	16.5
185.5	59.28
188.9	59.28
190.9	184.45
194.28	189.51
195.65	189.51
197.21	189.51
200.62	29.16
203.92	29.16
205.02	194.78
205.69	72.45
206.38	72.45
206.71	72.45
208.63	117.23
210.89	117.23
212.67	117.23
215.13	168.69
215.28	168.69
218.3	27.47
220.99	27.47
221.65	27.47
223.05	136.81
224.0	136.81
226.37	136.81
227.54	100.04
230.34	100.04
230.92	100.04
232.28	48.38
234.5	128.78
237.96	128.78
241.37	210.61
242.48	210.61
245.35	70.73
248.67	70.73
250.76	70.73
