0.79	51.72
1.29	51.72
2.22	51.72
4.89	110.27
7.66	110.27
10.06	110.27
13.3	146.67
14.11	45.8
14.36	45.8
17.6	45.8
19.41	127.59
21.51	15.85
21.95	15.85
23.49	15.85
24.09	130.75
24.97	130.75
27.25	140.53
29.8	78.57
31.29	188.78
32.9	188.78
34.53	196.12
35.59	196.12
37.64	196.12
40.85	148.61
41.13	18.65
43.92	18.65
46.63	71.69
46.81	71.69
47.1	194.5
49.18	194.5
50.65	124.05
51.9	124.05
53.73	124.05
54.48	110.21
57.81	110.21
60.83	110.21
63.18	158.7
63.6	9.31
66.99	8.4
69.98	8.4
73.41	8.4
75.19	12.91
78.6	12.91
79.22	38.8
80.36	38.8
83.57	38.8
85.38	132.29
87.64	132.29
90.26	93.74
90.38	6.39
91.93	6.39
93.14	6.39
95.2	25.69
97.74	131.39
99.48	131.39
99.74	131.39
99.9	210.91
102.12	62.94
104.07	62.94
106.65	62.94
108.79	211.21
110.62	176.37
112.92	176.37
115.95	176.37
116.91	179.82
119.57	26.58
122.73	26.58
124.43	91.47
125.72	91.47
128.3	166.52
130.9	166.52
131.45	166.52
133.63	43.19
136.76	43.19
139.89	43.19
140.59	147.13
141.59	128.38
143.97	60.82
144.93	60.82
147.18	153.95
149.59	183.82
151.33	183.82
154.43	177.18
155.81	118.17
159.06	166.02
160.08	31.45
162.23	31.45
163.36	31.45
166.27	191.25
167.68	191.25
171.18	186.76
173.36	186.76
174.53	186.76
176.11	125.33
179.52	125.33
182.82	53.66
185.5	53.66
187.3	23.12
188.94	23.12
191.23	23.12
194.45	102.32
194.74	102.32
195.11	79.51
197.19	79.51
199.71	111.91
200.65	111.91
203.11	111.91
204.51	132.56
204.94	111.75
206.84	111.75
207.44	136.17
210.61	15.08
212.15	15.08
212.75	154.29
213.62	87.25
214.71	87.25
217.84	87.25
221.07	202.85
223.58	202.85
224.96	202.85
228.28	188.46
228.7	160.92
229.42	160.92
232.28	160.92
234.02	128.54
235.78	200.4
237.09	200.4
237.31	200.4
239.7	42.11
241.94	42.11
243.27	186.18
244.17	186.18
244.48	106.23
245.53	193.74
247.38	193.74
248.91	132.08
252.17	17.83
