3.09	30.85
5.76	30.85
6.97	197.45
9.07	197.45
9.86	197.45
12.25	84.07
14.53	84.07
15.68	86.1
16.35	86.1
19.33	144.16
21.91	144.16
22.91	34.54
24.02	133.97
26.29	133.97
27.43	133.97
28.96	93.9
30.76	93.9
32.79	93.9
35.44	142.41
35.74	142.41
37.72	32.15
40.08	93.21
41.08	93.21
41.3	93.21
42.95	141.35
45.12	141.35
46.29	141.35
48.55	40.36
50.4	70.62
52.11	70.62
52.41	70.62
54.06	153.68
56.77	153.68
58.86	112.61
59.31	112.61
62.76	110.95
63.97	110.95
66.11	29.9
68.4	117.92
71.64	119.53
75.0	127.87
75.31	127.87
76.8	127.87
79.85	207.66
81.65	207.66
82.7	137.9
85.61	137.9
87.44	137.9
88.16	100.58
91.64	24.89
92.21	24.89
94.59	58.52
97.63	58.52
98.22	168.35
99.26	180.23
101.89	180.23
104.01	180.23
104.64	140.7
107.24	140.7
109.51	15.57
110.23	15.57
112.63	15.57
114.17	79.24
114.4	79.24
116.87	79.24
117.61	91.4
120.76	8.84
121.51	96.75
124.44	96.75
125.44	103.55
128.77	103.55
129.06	144.06
129.93	144.06
130.34	144.06
132.14	185.97
133.72	185.97
136.32	185.97
137.07	89.34
137.9	89.34
140.75	89.34
141.11	147.76
142.4	147.76
144.72	147.76
147.55	63.85
148.39	63.85
150.64	114.63
151.72	152.88
153.73	30.43
155.92	30.43
157.92	142.65
158.68	142.65
160.18	142.65
162.15	81.26
163.44	81.26
166.59	133.97
168.99	133.97
170.56	133.97
172.83	74.97
176.08	74.97
176.51	74.97
179.64	2.83
180.21	2.83
183.53	2.83
185.07	18.0
186.23	18.0
189.58	18.0
190.05	77.77
193.36	77.77
195.68	77.77
199.17	119.46
201.09	99.03
201.22	99.03
201.62	99.03
204.06	171.91
204.37	171.91
206.77	171.91
208.92	108.94
209.56	108.94
210.32	53.49
212.43	53.49
212.58	53.49
214.88	1.18
217.83	1.18
219.33	74.77
220.35	102.25
222.35	34.85
224.64	34.85
225.49	44.37
227.94	58.33
228.12	192.34
230.46	192.34
231.36	152.76
232.62	152.76
233.08	142.14
233.56	77.16
235.86	77.16
236.97	133.34
240.46	133.34
242.57	124.72
245.58	124.72
246.37	124.72
247.61	118.32
249.03	20.88
250.83	20.88
