1.67	70.32
4.14	66.15
4.24	78.23
5.47	78.23
6.71	121.93
8.11	121.93
10.75	191.75
13.41	191.75
16.22	191.75
17.21	155.53
20.18	155.53
21.43	155.53
22.27	5.2
24.88	5.2
26.66	124.62
27.74	19.4
30.43	19.4
32.09	19.4
35.03	210.39
37.02	210.39
40.32	16.91
42.79	190.27
44.01	190.27
46.48	95.99
48.13	95.99
51.54	168.26
54.54	168.26
54.83	128.04
55.87	181.1
58.37	181.1
59.04	181.1
60.51	138.72
63.07	138.72
64.87	144.53
67.06	144.53
67.29	144.53
68.77	47.13
69.38	21.62
69.49	11.81
71.96	98.37
74.41	98.37
75.57	65.45
78.15	85.88
81.44	85.88
82.08	85.88
82.37	181.41
82.98	181.41
85.78	1.68
89.14	1.68
90.69	1.68
94.11	10.7
96.17	10.7
98.37	154.86
101.23	154.86
101.65	154.86
104.3	188.57
106.41	188.57
108.99	80.66
109.24	80.66
112.37	80.66
115.57	155.06
115.82	100.97
116.69	100.97
118.93	100.97
119.88	9.89
120.46	9.89
121.12	156.53
122.23	135.31
124.77	135.31
126.03	135.31
127.0	106.88
127.64	105.17
129.95	105.17
131.32	105.17
131.82	71.66
133.18	71.66
133.95	71.66
136.2	138.4
137.97	211.47
138.19	47.84
140.75	128.4
142.58	211.54
145.34	211.54
146.49	151.33
149.11	151.33
150.66	151.33
152.28	28.58
152.75	28.58
152.97	76.84
155.7	104.47
156.91	104.47
160.3	104.47
162.15	52.01
164.56	52.01
166.09	52.01
168.36	34.53
168.87	88.74
171.62	142.37
173.16	167.88
174.66	167.88
176.97	167.88
179.88	91.19
180.15	91.19
182.68	91.19
186.02	212.99
186.78	212.99
187.69	212.99
190.3	187.55
192.7	187.55
195.18	97.92
197.59	115.26
200.68	115.26
203.75	14.2
205.93	102.95
206.91	102.95
210.08	102.95
213.06	21.39
215.62	147.01
217.43	147.01
218.46	147.01
221.52	145.24
222.84	145.24
224.92	145.24
225.35	208.0
225.67	208.0
226.35	198.82
227.71	198.82
229.16	75.06
230.23	36.61
232.52	87.85
235.3	47.33
237.56	47.33
237.81	135.31
238.04	128.89
240.92	128.89
242.53	194.11
245.09	194.11
246.33	64.83
246.93	161.49
247.17	161.49
250.2	162.43
