3.07	201.14
3.44	201.14
6.25	24.64
9.11	24.33
10.46	24.33
11.39	24.33
13.36	184.55
14.13	184.55
16.85	87.03
17.8	87.03
18.19	87.03
20.31	211.37
23.12	51.82
24.04	118.26
25.23	171.74
26.56	13.71
26.68	13.71
29.83	13.71
32.94	61.79
35.56	61.79
38.29	61.79
41.55	100.85
43.41	100.85
44.37	100.85
46.05	5.58
48.91	94.94
51.21	94.94
51.42	175.61
53.43	210.73
56.61	210.73
57.75	210.73
60.11	119.18
62.95	119.18
65.51	78.83
68.0	78.83
68.82	78.83
70.62	114.7
71.11	180.37
74.37	202.79
76.36	202.79
79.45	105.54
82.69	137.16
83.72	137.16
84.89	137.16
87.05	170.2
87.27	114.61
90.68	200.3
91.24	200.3
92.38	94.98
94.03	94.98
95.32	91.9
97.12	91.9
99.58	59.3
100.08	59.3
102.94	61.28
104.26	61.28
107.33	143.6
107.59	143.6
108.02	143.6
111.5	11.92
113.81	11.92
115.09	11.92
116.76	44.43
119.69	120.47
121.51	120.47
123.88	120.47
125.71	11.08
126.44	11.08
127.91	11.08
131.24	185.26
131.44	185.26
134.77	184.82
136.26	184.82
138.69	167.96
138.83	167.96
140.55	56.55
143.05	56.55
146.19	139.76
147.33	37.96
150.56	37.96
151.36	177.95
154.48	177.95
156.07	177.95
156.4	166.97
157.09	166.97
158.71	155.3
161.43	98.77
164.59	12.99
164.94	143.99
165.53	143.99
167.25	143.99
168.46	208.87
171.44	129.89
172.83	129.89
175.67	50.69
176.14	100.97
179.01	100.97
179.84	100.97
182.66	147.34
185.7	92.06
187.88	92.06
188.65	1.69
192.05	1.69
193.7	1.69
194.23	100.06
195.49	100.06
197.43	100.06
200.24	24.36
202.71	141.34
204.62	141.34
206.73	141.34
207.28	195.88
210.06	195.88
213.04	195.88
214.03	119.47
215.25	119.47
218.46	79.53
221.15	79.53
221.7	79.53
224.4	25.54
224.82	25.54
227.4	126.93
230.75	126.93
232.94	47.91
233.99	47.91
237.4	47.91
238.94	102.83
240.31	102.83
240.78	171.6
241.18	138.21
244.12	138.21
245.19	126.06
246.42	130.49
249.28	130.49
251.08	42.94
