2.5	116.05
5.74	116.05
8.86	116.05
11.77	25.43
12.58	25.43
15.0	25.43
15.21	132.04
16.09	120.53
17.21	84.12
17.54	32.41
17.81	32.41
20.86	22.72
22.46	13.38
22.66	13.38
24.7	80.08
26.16	80.08
27.84	80.24
28.08	96.3
28.21	96.3
29.94	123.73
31.5	123.73
32.13	123.73
33.98	86.3
35.8	178.3
38.57	53.53
40.59	142.43
43.88	142.43
45.06	149.97
47.7	149.97
51.02	19.14
51.89	19.14
52.84	13.44
53.79	13.44
54.43	13.44
55.92	0.77
56.69	140.24
59.3	140.24
60.67	54.71
61.57	171.47
64.82	171.47
67.54	171.47
69.45	7.97
72.0	36.72
72.2	34.61
73.13	34.61
73.94	94.87
74.99	94.87
77.76	146.18
79.71	146.18
82.33	146.18
83.76	85.26
86.01	85.26
89.46	23.23
91.03	23.23
91.24	23.23
94.29	203.32
94.82	203.32
96.19	51.58
96.84	51.58
99.6	148.97
101.04	148.97
102.54	19.51
105.33	19.51
106.05	19.51
108.04	25.18
108.44	10.26
109.17	10.26
110.55	10.26
111.62	191.34
112.88	30.7
113.13	30.7
116.14	30.7
118.2	164.14
119.19	164.14
122.24	164.14
123.55	70.98
123.7	70.98
124.11	20.6
126.92	33.1
127.67	33.1
129.43	123.06
131.33	123.06
132.7	140.96
133.16	140.96
134.38	32.75
136.44	32.75
137.71	8.39
139.53	8.39
141.75	8.39
144.84	4.69
146.54	4.69
146.88	4.69
149.98	145.44
151.59	145.44
152.72	145.44
155.46	170.87
156.34	160.9
158.96	160.9
159.62	161.6
160.36	161.6
161.96	54.11
162.7	50.83
165.09	50.83
168.47	118.2
170.91	118.2
171.56	195.28
174.31	210.78
177.06	155.91
179.7	138.72
181.24	179.59
181.53	179.59
184.15	207.33
184.87	207.33
185.95	207.33
189.02	146.82
191.39	146.82
191.88	146.82
194.28	90.6
194.84	137.85
195.4	59.28
195.66	59.28
198.25	59.28
198.51	179.11
198.95	179.11
200.85	131.63
202.89	131.63
204.41	131.63
206.07	51.73
208.67	51.73
211.37	51.73
212.3	29.13
215.44	182.22
217.43	17.62
219.88	64.52
220.19	64.52
223.26	102.07
224.42	102.07
225.9	102.07
226.55	123.4
227.47	123.4
229.96	173.06
231.22	173.06
233.09	173.06
235.8	126.27
239.19	126.27
242.15	126.27
243.23	86.8
245.66	86.8
247.25	86.8
247.43	3.2
248.84	202.22
249.05	202.22
249.62	202.22
252.32	171.7
