2.09	10.63
2.9	82.81
4.85	12.9
7.71	12.9
11.04	63.56
12.54	63.56
12.66	63.56
15.59	80.68
16.3	80.68
18.75	80.68
21.15	19.48
22.93	19.48
26.16	32.89
26.69	32.89
28.4	32.89
29.59	35.91
32.39	35.91
35.82	170.07
39.11	170.07
41.67	170.07
41.94	154.82
43.79	88.46
46.26	88.46
47.01	172.1
48.34	205.4
49.37	206.85
52.0	149.79
53.73	207.65
55.43	207.65
56.59	207.65
57.55	22.02
57.73	22.02
59.38	116.0
60.74	116.0
62.1	116.0
65.35	127.49
65.62	127.49
68.82	127.49
69.93	20.29
71.38	69.2
71.62	69.2
72.37	70.08
75.82	100.87
78.25	102.3
79.2	102.3
80.14	102.3
83.43	41.91
83.74	41.91
85.28	103.29
86.42	103.29
88.8	71.97
91.99	71.97
92.29	71.97
92.69	42.11
95.69	42.11
97.57	44.83
100.52	27.75
102.17	27.75
103.85	162.32
104.22	50.12
106.17	50.12
109.0	172.15
111.31	50.94
111.8	50.94
113.5	162.85
116.99	167.92
119.94	167.92
121.71	186.96
124.98	186.96
125.61	186.96
126.35	185.19
127.15	185.19
128.56	185.19
130.01	90.7
132.83	90.7
134.58	163.76
134.77	163.76
136.95	74.64
139.34	74.64
141.94	107.29
143.18	211.28
144.87	211.28
148.03	152.34
149.1	152.34
149.24	152.34
151.01	180.1
152.55	109.47
153.65	184.27
155.27	184.27
156.98	46.93
158.71	46.93
160.99	5.64
163.23	5.64
165.31	4.94
167.54	4.94
168.27	33.68
168.65	33.68
170.26	33.68
173.35	32.15
175.26	32.15
177.83	32.15
179.03	171.85
182.34	103.61
184.86	62.67
188.1	131.01
189.22	131.01
189.37	186.3
191.01	88.44
191.82	161.92
194.66	161.92
194.86	84.71
196.7	91.45
198.64	91.45
201.14	170.97
202.85	182.51
204.69	182.51
205.41	152.86
206.48	152.86
208.9	152.86
210.33	175.71
210.85	139.85
211.58	33.31
212.04	33.31
213.34	33.31
216.63	43.89
218.33	43.89
218.81	43.89
220.63	209.55
224.09	209.55
226.18	26.41
228.42	26.41
231.71	26.41
232.5	47.89
233.8	201.14
235.01	201.14
237.97	201.14
238.99	159.74
240.74	118.86
242.53	74.08
245.84	192.27
246.49	40.86
248.29	40.86
251.77	40.86
