0.76	206.37
0.99	145.77
3.81	145.77
4.63	145.77
6.53	174.09
8.87	188.61
11.52	188.61
12.32	78.51
15.24	78.51
16.6	12.33
19.84	12.33
21.52	44.2
22.01	44.2
25.39	44.2
26.46	152.2
29.5	152.2
31.7	157.97
35.11	24.68
36.7	24.68
39.43	24.68
40.41	81.85
42.66	211.62
45.73	211.62
47.88	86.48
50.24	86.48
53.72	11.59
54.78	11.59
58.02	11.59
59.52	88.95
60.31	186.34
63.6	186.34
65.62	186.34
66.51	102.45
67.29	102.45
67.85	102.45
69.33	96.17
72.74	96.17
72.97	36.81
75.33	36.81
78.03	25.35
78.22	25.35
81.25	125.05
83.87	58.83
84.49	58.83
87.49	58.83
88.24	212.3
90.44	65.96
93.63	65.96
94.98	211.98
98.1	211.98
100.22	51.86
100.75	51.86
101.54	109.45
101.7	109.45
102.76	109.45
106.04	74.35
107.57	66.76
108.14	66.76
109.88	66.76
111.61	33.48
114.96	33.48
115.87	110.82
118.59	110.82
121.01	24.4
124.09	24.4
125.97	166.89
129.35	71.18
129.84	71.96
131.92	71.96
134.15	71.96
137.02	9.62
140.42	9.62
141.73	1.03
143.4	112.06
145.2	112.06
148.22	83.01
149.44	83.01
149.63	83.01
152.15	64.16
154.85	64.16
158.08	64.16
159.92	8.44
162.03	8.44
163.1	8.44
164.43	141.96
167.12	141.96
168.61	28.48
169.39	28.48
169.57	54.05
170.92	54.05
171.33	54.05
173.14	98.61
173.79	98.61
174.62	98.61
175.78	140.09
177.58	70.68
178.39	70.68
179.88	70.68
182.63	165.31
185.06	153.16
185.49	136.91
188.79	136.91
190.38	136.91
193.48	11.19
194.36	11.19
194.49	211.5
197.9	211.5
198.77	95.54
200.55	174.15
201.07	174.15
202.69	174.15
205.08	201.97
206.03	7.59
207.85	7.59
211.14	7.59
214.57	34.45
218.04	110.79
219.47	39.96
221.74	39.96
224.71	193.35
227.28	193.35
230.3	193.35
231.22	68.9
232.28	68.9
233.78	68.9
235.07	102.01
235.21	208.42
235.8	208.42
236.92	67.65
239.12	67.65
240.96	77.56
241.8	136.54
242.49	136.54
242.69	136.54
243.4	121.92
244.76	206.38
247.03	206.38
249.52	44.7
251.45	44.7
