0.61	183.26
2.36	183.26
3.97	183.26
5.86	117.46
6.22	117.46
8.39	117.46
8.55	197.56
9.07	91.61
10.87	91.61
12.75	137.38
14.17	137.38
15.95	143.57
16.63	143.57
18.15	143.57
21.01	92.07
22.17	92.07
23.56	102.52
25.81	166.41
26.29	166.41
26.66	166.41
27.67	120.27
27.78	99.47
29.46	99.47
31.22	201.54
32.38	113.99
34.42	113.99
35.49	113.99
35.99	115.52
36.77	115.52
36.97	115.52
39.06	152.84
41.77	152.84
42.9	5.69
44.38	73.64
46.84	73.64
48.91	73.64
50.22	152.2
50.5	152.2
53.54	152.2
56.58	121.4
59.95	155.4
60.84	155.4
62.99	38.82
63.7	38.82
64.84	38.82
65.75	183.67
67.28	14.47
70.1	115.48
70.97	115.48
73.96	178.31
76.61	190.32
79.58	190.32
80.43	190.32
80.9	158.31
83.69	158.31
85.25	196.61
88.19	196.61
89.6	72.99
92.95	72.99
93.74	72.99
95.38	16.26
97.05	152.94
99.91	152.94
101.31	93.85
101.44	83.95
102.06	83.95
103.06	146.62
106.14	3.8
109.37	3.8
111.77	3.8
113.56	136.6
116.47	136.6
117.81	136.6
119.9	37.04
120.79	37.04
123.54	37.04
123.99	207.41
125.02	207.41
127.38	207.41
129.27	170.35
132.23	170.35
133.41	97.29
136.12	97.29
136.88	111.34
139.29	113.99
140.59	112.88
143.18	27.65
144.54	52.3
146.12	52.3
147.55	174.49
148.76	30.7
151.4	30.7
152.64	73.86
155.69	73.86
159.02	73.86
161.51	178.27
163.46	178.27
163.95	178.27
166.37	111.47
169.78	162.65
172.4	162.65
172.57	162.65
173.97	21.6
177.34	21.6
180.58	41.45
182.06	140.81
185.27	140.81
185.57	140.81
187.63	0.83
190.95	0.83
194.03	0.83
195.94	13.98
198.41	164.51
201.54	126.45
202.83	126.45
204.8	66.12
208.28	66.12
210.3	188.66
211.38	188.66
213.86	32.32
214.05	31.01
216.21	31.01
217.49	82.69
218.46	82.69
219.17	82.69
220.53	54.32
223.31	59.68
225.21	59.68
225.42	186.21
228.73	118.74
229.78	118.74
230.1	118.74
232.11	24.82
233.18	24.82
236.45	25.88
237.71	25.88
238.35	111.72
241.3	60.94
242.45	35.81
242.77	35.81
243.91	37.98
247.05	37.98
250.03	164.3
