0.87	107.92
1.79	107.92
3.59	98.63
6.37	98.63
8.11	182.86
9.5	182.86
12.73	156.31
15.05	50.35
15.4	93.6
18.45	93.6
19.2	23.01
21.07	155.38
24.4	155.38
27.79	205.83
29.62	205.83
32.29	205.83
32.78	188.24
34.6	188.24
36.69	200.62
37.7	200.62
38.24	200.62
39.6	163.83
41.01	163.83
41.95	162.96
44.76	162.96
46.67	162.96
47.96	23.7
50.1	23.7
53.07	7.07
55.96	99.33
57.54	99.33
60.7	99.33
63.02	138.17
66.25	67.87
68.51	166.38
71.11	166.38
73.77	25.52
75.97	25.52
78.67	25.52
80.55	75.01
82.59	75.01
85.45	172.2
86.32	172.2
89.46	172.2
90.98	75.3
93.78	75.3
94.32	75.3
95.13	89.3
97.72	89.3
100.55	89.3
101.88	60.15
103.8	171.49
106.71	171.49
109.26	44.15
109.68	44.15
110.34	44.15
112.52	147.51
112.9	147.51
114.47	179.44
117.87	98.5
120.66	98.5
120.88	84.22
124.06	84.22
126.13	4.87
128.34	4.87
129.77	147.08
131.22	147.08
134.61	147.08
136.47	77.48
139.92	77.48
140.47	116.46
143.47	116.46
146.0	94.81
148.71	94.81
150.84	1.42
150.95	1.42
153.01	1.42
153.19	186.24
155.0	186.24
157.32	186.24
158.52	93.9
160.77	93.9
162.25	93.9
163.49	26.31
164.19	26.31
164.34	122.22
166.99	35.71
168.12	35.71
169.11	35.71
170.42	121.21
173.09	121.21
175.66	139.17
176.07	139.17
177.88	139.17
180.84	41.6
181.34	41.6
181.53	41.6
182.95	95.68
183.17	95.68
186.37	95.68
188.72	43.67
190.05	43.67
190.85	98.69
191.87	98.69
193.53	98.69
196.11	30.28
196.47	30.28
199.79	30.28
202.86	212.19
205.94	178.09
206.96	178.09
207.57	178.09
208.01	193.07
208.37	201.89
211.58	201.89
214.05	33.42
215.19	105.4
215.43	87.68
218.34	87.68
221.57	24.09
221.81	195.84
224.64	195.84
225.96	34.82
226.59	38.1
229.2	38.1
231.23	38.1
232.47	96.72
233.51	96.72
234.58	96.72
236.42	63.91
239.49	63.91
241.38	63.91
244.25	38.46
246.0	38.46
247.21	38.46
250.66	192.4
