2.24	148.16
5.25	148.16
6.23	38.36
8.09	38.36
10.0	38.36
10.85	116.32
13.14	116.32
16.0	116.32
16.12	125.78
18.27	87.79
20.69	87.79
22.43	122.7
25.24	122.7
28.37	14.55
28.49	105.05
31.53	105.05
33.14	32.73
36.45	32.73
37.26	32.73
39.14	146.62
42.22	29.28
42.54	3.29
43.93	3.29
44.8	27.78
47.22	27.78
49.54	182.16
49.66	182.16
52.08	73.91
52.6	73.91
54.22	38.17
54.96	38.17
56.76	38.17
57.23	157.58
60.01	157.58
62.73	157.58
65.09	44.6
65.49	44.6
65.72	44.6
68.98	184.51
71.56	184.51
74.12	168.27
76.01	168.27
79.38	168.27
81.69	212.67
84.99	212.67
85.71	212.67
87.12	103.85
90.52	103.85
91.04	103.85
91.88	154.85
92.52	154.85
95.26	97.48
98.22	49.06
100.04	212.79
101.45	95.0
103.04	95.0
103.51	129.44
105.28	129.44
108.28	129.44
111.51	173.16
114.47	173.16
116.63	189.94
117.8	189.94
119.17	189.94
121.42	49.63
123.31	49.63
125.04	161.47
128.31	161.47
128.57	161.47
130.38	39.38
131.55	39.38
135.02	12.13
138.27	12.13
140.06	14.62
140.44	14.62
143.24	14.62
144.83	40.85
148.12	40.85
151.54	40.85
151.68	92.69
154.72	92.69
154.82	92.69
156.92	138.37
157.99	138.37
160.1	17.12
161.96	17.12
164.35	17.12
166.36	186.73
166.49	186.73
166.93	186.73
169.44	71.21
170.76	71.21
173.38	71.21
176.11	211.92
177.89	211.92
179.22	211.92
180.11	51.33
182.75	51.33
185.31	51.33
186.3	177.5
187.94	177.5
188.55	57.29
190.05	57.29
193.49	57.29
194.17	13.1
196.92	13.1
199.01	0.33
199.86	0.33
200.68	98.09
201.59	98.09
202.4	95.47
204.62	95.47
206.41	95.47
206.65	83.94
209.62	132.25
212.77	132.25
215.68	132.25
216.96	9.59
219.59	92.93
221.81	92.93
224.98	199.26
227.04	183.84
228.54	183.84
228.87	183.84
232.36	17.48
233.25	212.58
234.81	212.58
236.48	85.27
239.56	143.59
242.9	143.59
244.47	147.43
247.23	147.43
250.39	105.22
