0.3	149.4
2.95	149.4
5.95	180.47
7.02	128.63
7.99	98.02
11.21	98.02
12.81	98.02
13.78	166.38
15.73	166.38
18.1	137.69
20.05	137.69
23.24	137.69
25.04	24.97
27.99	53.05
28.48	163.76
29.78	182.27
32.82	182.27
34.02	165.6
34.56	165.6
36.26	60.99
39.23	60.99
41.71	54.84
44.05	62.13
45.23	62.13
48.21	62.13
49.86	84.36
50.71	110.91
53.15	110.91
56.39	110.91
59.06	136.93
59.44	100.83
62.32	179.52
63.38	179.52
63.5	61.14
66.89	61.14
68.86	61.14
69.73	49.77
71.94	59.33
74.93	59.33
75.13	59.33
76.22	191.24
78.59	191.24
79.47	24.94
82.81	157.45
85.67	157.45
86.76	157.45
88.91	127.73
89.11	6.44
91.65	6.44
91.75	6.44
93.42	142.18
95.32	142.18
97.08	151.72
100.43	151.72
103.21	170.96
105.8	170.96
107.74	202.47
108.18	131.82
109.39	131.82
111.44	104.37
112.89	104.37
114.49	170.0
116.65	170.0
117.75	164.69
118.54	153.2
120.49	153.2
123.88	56.96
124.13	89.41
124.79	89.41
125.17	50.23
126.5	50.23
129.77	97.02
132.56	97.02
133.43	97.02
134.31	202.84
137.44	202.84
139.78	202.84
140.53	186.23
143.62	99.6
144.67	99.6
145.43	99.6
146.53	9.35
149.49	84.98
151.24	84.98
153.76	26.96
154.78	26.96
157.81	89.72
158.08	194.01
160.34	194.01
162.63	194.01
163.2	162.62
166.18	162.62
168.11	162.62
170.64	189.79
172.44	22.45
174.22	180.67
174.96	193.89
177.45	193.89
178.61	193.89
178.98	112.49
180.3	112.49
182.23	91.88
183.93	82.32
184.25	81.83
186.38	191.96
188.59	191.96
189.52	83.71
189.85	83.71
190.85	83.71
190.98	41.0
191.47	204.7
193.49	204.7
195.19	204.7
196.78	49.04
198.04	49.04
198.6	49.04
200.09	112.32
203.57	112.32
205.3	112.32
206.22	66.29
208.49	66.29
210.4	64.06
211.83	166.04
212.9	166.04
214.28	208.07
216.32	208.07
217.84	208.07
219.17	61.6
220.94	80.42
221.7	94.84
223.84	94.84
225.6	207.32
226.86	207.32
227.82	53.75
228.99	53.75
231.25	53.75
234.28	107.3
234.53	183.02
236.2	183.02
238.92	16.39
241.37	16.39
242.56	16.39
243.65	30.52
246.43	30.52
248.46	30.52
250.22	22.13
