2.58	204.83
3.95	123.53
6.44	35.08
8.65	10.01
11.85	10.01
13.67	109.83
16.66	109.83
17.98	115.45
18.78	88.15
19.89	88.15
20.71	88.15
23.44	27.84
25.04	27.84
27.19	44.31
30.62	94.35
32.02	94.35
32.93	183.24
34.18	157.88
36.29	157.88
39.21	17.12
39.46	17.12
42.55	17.12
42.84	43.98
45.53	43.98
47.97	43.98
48.65	159.15
50.38	60.38
51.58	31.47
52.87	107.38
55.44	204.1
58.14	204.1
59.84	59.27
62.94	59.27
65.69	59.27
68.75	84.49
70.99	84.49
73.51	21.4
73.66	83.06
76.17	83.06
79.17	83.06
79.63	19.27
80.22	60.17
80.47	60.17
82.79	60.17
84.58	201.84
86.95	138.04
88.39	138.04
91.78	138.04
93.38	79.83
93.94	79.83
96.96	79.83
97.42	2.2
100.73	2.2
101.25	113.65
104.36	210.85
107.2	210.85
110.66	210.85
112.9	13.06
116.28	100.37
119.56	100.37
120.99	100.37
122.79	152.24
123.71	152.24
127.11	152.24
129.96	60.93
130.22	60.93
133.53	121.46
134.68	121.46
135.06	99.72
136.96	27.53
137.37	210.33
138.46	210.33
140.98	210.33
141.32	91.4
144.27	140.63
145.73	140.63
146.83	140.63
147.95	169.24
150.23	169.24
152.85	25.66
155.21	25.66
155.68	200.33
159.12	200.33
162.29	200.33
163.63	109.83
166.25	139.93
166.64	139.93
167.77	160.7
168.0	160.7
168.31	160.7
170.36	193.64
170.91	193.64
172.9	193.64
174.75	48.41
177.89	48.41
181.16	48.41
182.27	196.4
183.25	196.4
185.1	145.47
185.29	2.33
185.72	125.15
186.52	125.15
188.18	125.15
190.42	90.24
193.0	90.24
195.19	160.26
198.58	160.26
201.23	160.26
202.17	45.13
204.73	45.13
207.31	135.69
207.86	135.69
208.59	106.13
208.92	140.43
209.55	140.43
212.4	140.43
215.73	17.97
216.91	180.09
218.92	180.09
221.87	84.37
224.47	84.37
226.17	108.92
227.99	111.18
229.52	69.12
231.61	69.12
234.08	69.12
235.12	157.43
236.09	65.01
238.85	65.01
239.74	52.8
241.51	52.8
243.41	95.18
245.9	95.18
248.01	164.78
248.41	164.78
250.98	175.18
