1.71	71.08
2.17	71.08
4.95	107.21
7.08	107.21
8.05	107.21
10.26	11.4
11.44	11.4
14.91	11.4
15.36	56.28
16.62	56.28
17.03	56.28
19.44	24.39
20.71	24.39
23.42	181.59
23.66	181.59
26.83	181.59
28.69	205.23
31.15	205.23
32.94	205.23
34.53	106.87
35.11	31.62
36.65	31.62
37.32	37.73
39.98	37.73
40.26	37.73
41.91	101.26
44.7	101.26
47.65	101.26
50.5	48.85
53.89	48.85
55.75	48.85
58.68	59.18
62.03	59.18
63.09	59.18
65.95	99.8
67.96	99.8
71.14	99.8
74.43	194.19
76.47	194.19
77.46	45.31
80.18	12.8
82.59	12.8
85.84	120.43
87.92	93.36
91.29	93.36
94.6	138.63
96.51	138.63
97.2	138.63
97.8	52.64
100.11	52.64
101.27	52.64
101.39	19.63
104.75	19.63
106.91	19.63
110.24	78.59
110.55	78.59
113.45	64.78
115.73	64.78
119.18	64.78
119.29	111.26
120.58	111.26
123.53	115.53
125.32	115.53
127.18	29.34
128.7	159.18
128.98	159.18
130.63	97.45
133.34	97.45
134.85	191.22
135.62	88.97
138.54	88.97
141.66	199.82
143.62	105.5
147.09	105.5
148.66	105.5
151.63	186.73
154.32	186.73
155.18	163.82
157.66	163.82
158.87	64.09
159.68	64.09
161.45	64.09
163.78	124.75
165.78	124.75
168.65	178.25
171.19	178.25
171.87	178.25
172.27	43.89
173.91	43.89
176.2	43.89
179.68	26.74
181.79	26.74
183.72	161.33
186.7	190.68
190.12	209.65
192.78	209.65
196.27	209.65
197.84	137.64
199.4	80.11
201.52	80.11
201.85	122.41
203.4	122.41
206.24	153.86
208.04	153.86
210.42	186.15
212.15	186.15
213.54	62.34
214.44	62.34
214.74	62.34
217.19	176.65
220.36	176.65
223.56	176.65
224.45	161.05
225.81	161.05
227.58	182.7
228.89	17.39
230.7	17.39
232.92	184.92
233.68	184.92
235.55	34.79
239.02	34.79
242.35	34.79
244.4	161.54
245.75	92.66
249.03	49.32
252.07	49.32
