3.05	129.86
5.7	40.76
7.21	40.76
10.45	40.76
10.87	150.3
14.05	150.3
15.57	150.3
16.81	175.09
19.91	175.09
20.87	175.09
23.42	179.95
25.99	209.12
28.12	209.12
30.41	136.98
30.92	136.98
32.88	136.98
35.5	96.5
38.95	96.5
39.97	11.28
42.91	11.28
45.43	11.28
47.53	191.87
48.21	191.87
50.84	128.09
53.97	128.09
55.28	128.09
57.86	173.19
59.16	173.19
61.97	173.19
64.63	78.32
66.14	78.32
67.29	78.32
70.48	99.52
71.32	151.2
73.84	166.37
76.42	166.37
77.92	166.37
80.44	17.16
81.83	17.16
84.37	17.16
85.38	167.21
87.31	18.82
89.87	18.82
91.88	108.1
94.54	108.1
96.5	108.1
97.69	122.69
100.88	0.28
102.07	79.66
104.95	149.65
106.55	59.64
109.69	192.83
111.07	192.83
111.84	155.43
114.02	155.43
117.39	75.36
120.54	78.0
122.25	78.0
125.54	143.57
125.82	143.57
128.09	143.57
131.32	210.44
134.14	210.44
137.2	210.44
138.55	119.72
141.48	119.72
142.62	119.72
144.96	173.57
146.84	173.57
149.67	173.57
151.26	153.6
151.4	153.6
151.98	109.15
153.08	114.85
153.64	114.85
153.96	50.59
157.32	50.59
160.33	50.59
160.61	91.87
162.78	91.87
166.18	91.87
167.85	119.26
168.18	119.26
171.0	119.26
173.06	86.44
173.63	86.44
174.3	86.44
177.54	16.98
180.53	16.98
183.29	30.17
185.25	57.75
186.99	57.75
187.65	101.04
190.55	101.04
192.81	101.04
196.27	160.94
196.58	160.94
199.86	7.87
203.05	7.87
205.05	47.09
207.43	154.7
209.24	154.7
210.15	115.77
210.47	115.77
210.75	115.77
212.91	99.28
214.54	99.28
216.53	99.28
217.47	84.12
218.39	210.64
221.37	210.64
222.06	210.64
224.67	107.25
227.4	107.25
227.93	203.44
228.19	203.44
231.41	203.44
233.02	87.71
235.5	87.71
236.98	150.23
237.65	47.09
240.55	99.43
243.46	185.41
244.19	99.37
246.94	27.74
247.06	27.74
249.96	27.74
250.75	190.25
