2.19	212.15
2.68	106.31
4.81	106.31
4.96	31.17
5.64	160.05
6.05	57.54
7.24	57.54
8.06	90.61
9.67	90.61
11.72	90.61
14.31	45.86
16.67	45.86
18.81	157.09
20.67	157.09
21.68	157.09
23.24	16.89
26.3	16.89
26.65	108.47
29.65	209.89
33.05	209.89
33.36	209.89
36.2	79.67
38.94	202.44
39.48	202.44
41.48	202.44
44.01	93.83
46.02	93.83
48.89	93.83
49.44	114.3
51.88	137.37
53.8	137.37
56.83	137.37
59.38	74.25
61.67	74.25
62.87	181.29
66.36	181.29
69.26	181.29
71.22	37.36
74.48	37.36
75.25	37.36
78.7	129.87
80.65	129.87
81.58	129.87
83.78	93.06
85.02	62.25
87.82	62.25
91.22	62.25
91.71	129.75
94.98	19.26
96.91	19.26
98.28	19.26
99.74	61.37
103.07	61.37
105.89	85.42
106.33	89.62
108.58	89.62
109.81	89.62
110.89	40.57
112.72	198.73
113.55	198.73
113.71	178.59
115.52	54.8
118.5	205.1
120.08	205.1
122.2	94.23
122.62	153.59
123.89	96.01
124.61	204.96
127.03	204.96
128.08	204.96
128.87	114.99
132.22	100.33
133.07	100.33
135.11	15.71
138.13	15.71
139.67	15.71
139.86	34.23
141.37	127.19
142.76	127.19
143.42	127.19
144.99	118.21
147.34	118.21
149.9	118.21
153.22	145.56
156.36	145.56
159.71	57.33
161.04	115.29
161.17	115.29
161.79	11.54
164.3	175.67
166.5	138.98
166.66	138.98
168.34	138.98
168.81	170.71
170.46	57.4
172.26	57.4
174.3	101.68
176.66	64.71
178.57	64.71
179.61	119.9
180.37	119.9
180.7	169.52
182.44	169.52
183.51	169.52
186.57	169.63
186.84	169.63
187.87	91.29
190.16	37.97
190.9	135.47
194.37	135.47
197.22	151.86
200.15	151.86
201.59	151.86
203.07	124.48
205.4	124.48
206.52	124.48
209.47	62.64
212.03	158.76
214.27	83.66
214.7	70.91
217.05	70.91
217.69	70.91
218.21	93.89
221.61	14.83
222.59	14.83
223.09	14.83
223.44	71.68
224.52	71.68
227.61	71.68
230.36	95.71
232.04	95.71
233.61	95.71
236.7	23.05
238.48	23.05
239.66	207.03
241.7	207.03
243.98	171.88
244.91	171.88
245.28	175.72
248.12	175.72
249.71	175.72
250.85	95.96
