0.61	6.31
3.17	118.75
4.22	118.75
5.68	118.75
9.08	88.67
10.87	88.67
12.28	61.64
14.87	48.31
15.91	143.6
18.56	143.6
19.9	212.55
21.93	9.47
23.27	200.08
24.05	200.08
27.34	202.14
28.39	202.14
28.7	202.14
29.04	127.55
30.91	127.55
32.36	127.55
34.89	21.59
35.37	21.59
36.61	21.59
38.66	170.69
40.89	170.69
43.19	170.69
43.75	32.65
45.38	32.65
46.89	32.65
48.96	114.56
49.13	161.6
50.6	161.6
51.01	209.64
52.64	209.64
54.79	72.21
55.83	154.98
57.78	154.98
59.29	27.82
60.06	194.64
62.99	194.64
65.49	194.64
66.19	175.63
67.76	175.63
70.83	175.63
73.82	210.52
76.48	72.74
77.62	72.74
80.04	138.37
80.56	138.37
81.89	138.37
84.41	188.75
87.44	188.75
89.16	170.55
92.51	170.55
93.02	178.78
96.03	46.39
97.29	46.39
100.76	46.39
101.29	196.63
103.93	196.63
104.41	181.67
107.26	181.67
109.26	207.63
109.39	207.63
111.47	207.63
112.54	187.98
112.95	161.7
113.56	161.7
116.59	77.18
119.33	77.18
120.35	77.18
120.78	37.74
121.98	37.74
124.5	37.74
125.6	66.58
128.88	66.58
128.99	122.99
131.63	122.99
132.42	134.39
132.84	134.39
135.29	134.39
138.01	49.68
140.8	141.28
142.44	158.13
144.43	83.97
145.12	83.97
148.29	83.97
149.25	100.11
149.72	100.11
152.33	100.11
155.61	203.44
159.09	203.44
161.89	67.86
165.05	67.86
168.24	130.6
170.06	130.6
170.68	8.97
173.65	167.06
173.81	167.06
176.74	167.06
178.49	24.22
181.11	24.22
181.35	139.12
181.71	139.12
182.12	139.12
183.37	125.68
185.03	127.69
185.41	127.69
186.4	127.69
186.65	54.16
187.99	53.21
188.27	53.21
191.73	53.21
194.78	156.95
196.4	156.95
199.26	156.95
202.39	91.0
204.42	91.0
207.86	81.67
210.72	81.67
213.73	81.67
216.9	97.72
219.86	97.72
220.62	53.82
223.96	53.82
225.49	53.82
227.93	47.15
229.39	9.83
230.88	109.96
232.55	109.96
234.87	58.11
236.68	58.11
238.52	28.77
239.23	28.77
239.93	5.25
240.19	66.52
242.23	66.52
244.63	109.7
247.42	109.7
249.99	72.83
250.59	72.83
