1.7	50.0
2.63	50.0
4.75	50.0
5.95	201.45
7.65	188.15
8.15	188.15
8.33	188.15
10.8	82.83
13.25	82.83
14.35	190.87
15.81	20.83
16.62	20.83
19.89	98.89
21.2	98.89
22.28	98.89
23.96	60.13
26.03	60.13
27.96	152.45
28.39	152.45
29.47	152.45
31.45	212.57
31.92	212.57
34.49	9.19
37.35	9.19
37.49	9.19
38.77	149.83
39.23	149.83
40.57	149.83
41.04	56.87
42.74	56.87
43.25	56.87
46.49	128.3
48.49	128.3
49.11	128.3
51.17	78.13
54.61	78.13
54.86	78.13
56.44	9.31
57.33	9.31
58.16	9.31
61.14	162.35
61.67	107.85
64.74	107.85
66.91	107.85
69.44	135.08
70.22	135.08
73.39	135.08
74.39	77.79
75.04	157.25
77.74	157.25
80.22	166.62
83.61	203.94
84.45	203.94
87.02	203.94
88.94	181.04
91.91	17.64
93.22	208.1
93.96	15.89
96.72	15.89
100.18	15.89
100.87	192.38
103.28	111.2
105.69	111.2
105.97	111.2
107.86	35.95
108.42	35.95
108.52	145.29
109.13	130.53
109.63	130.53
112.15	130.53
114.75	157.44
115.75	166.0
116.83	168.38
117.63	168.38
120.29	71.48
123.42	71.48
125.79	71.48
126.4	69.28
128.15	69.28
130.25	4.77
131.62	4.77
132.38	4.77
135.48	210.65
137.03	210.65
139.11	169.71
140.07	73.79
143.1	139.0
143.53	139.0
146.61	72.9
148.12	72.9
149.26	44.22
149.78	44.22
149.88	15.98
150.81	113.86
152.3	113.86
153.06	113.86
156.31	81.55
159.58	81.55
160.16	96.2
161.56	96.2
163.11	184.17
166.48	184.17
167.75	206.7
168.95	206.7
170.73	206.7
172.94	68.72
175.25	68.72
177.94	138.06
178.57	138.06
179.75	138.06
182.83	29.95
184.98	29.95
187.14	170.19
189.66	170.19
190.26	2.09
193.26	2.09
194.0	157.87
194.87	157.87
196.85	76.35
198.21	32.08
200.73	88.02
203.38	88.02
205.84	88.02
209.32	0.86
211.58	0.86
214.83	1.6
216.5	113.84
219.16	113.84
220.86	113.84
221.39	9.79
224.17	81.92
225.3	81.92
225.55	81.92
228.61	85.14
231.95	87.31
232.44	162.59
234.07	162.59
234.89	162.59
237.98	52.24
238.08	161.83
238.84	161.83
241.8	161.83
244.03	210.3
245.98	210.3
248.15	210.3
250.43	148.89
