0.69	155.98
3.65	155.98
6.87	120.36
8.88	120.36
9.37	120.36
11.39	66.05
11.77	66.05
12.71	66.05
13.01	47.55
14.7	187.34
16.0	162.07
18.45	69.54
20.04	69.54
21.94	69.54
22.33	49.44
24.71	124.1
25.02	162.56
28.27	162.56
29.01	101.01
29.4	65.17
32.7	65.17
32.85	65.17
35.39	182.77
37.27	182.77
38.16	182.77
39.71	23.18
42.47	37.37
43.26	37.37
45.71	112.13
48.84	112.13
49.21	33.04
50.87	33.04
54.33	49.59
54.95	49.59
58.4	143.58
59.1	143.58
60.78	143.58
61.44	37.96
63.8	27.83
66.9	27.83
67.56	27.83
70.21	203.08
72.32	203.08
75.33	203.08
77.28	202.42
78.79	202.42
79.05	200.41
80.94	200.41
83.28	200.41
84.72	181.15
86.86	181.15
87.18	181.15
87.32	47.79
90.67	47.79
93.46	47.79
94.1	193.6
96.51	193.6
96.79	193.6
97.54	161.64
100.0	161.64
102.59	161.64
105.62	74.97
107.97	133.77
109.38	125.08
109.71	202.21
112.31	25.27
113.39	85.02
115.04	85.02
118.43	85.02
118.85	78.33
122.3	135.96
123.42	135.96
125.99	182.44
127.15	182.44
127.4	182.44
129.3	87.44
132.63	45.58
135.5	200.6
136.59	41.01
137.7	41.01
139.9	41.01
140.28	146.29
143.62	146.29
146.26	86.14
148.37	86.14
150.3	107.47
153.01	107.47
155.13	72.45
157.09	72.45
157.5	9.96
158.68	59.05
159.98	168.78
162.28	168.78
162.78	168.78
164.92	30.86
167.15	30.86
168.3	34.85
170.3	34.85
171.82	34.85
173.63	211.97
176.46	211.97
177.65	46.57
180.54	46.57
180.93	46.57
183.77	122.52
185.19	122.52
186.44	48.92
188.87	48.92
191.5	48.92
192.05	208.04
192.88	56.49
195.86	56.49
197.73	80.88
197.97	80.88
200.7	171.32
201.23	171.32
202.87	158.9
203.83	158.9
203.95	158.9
206.99	119.83
208.68	12.76
210.3	12.76
211.01	12.76
213.54	46.42
214.9	82.26
217.02	82.26
217.21	82.26
217.55	116.66
220.59	116.66
220.96	116.66
223.98	203.36
227.06	203.36
228.19	203.36
229.23	71.29
229.58	196.49
231.98	196.49
232.36	196.49
233.24	151.49
235.63	151.49
237.9	151.49
238.16	44.3
240.91	44.3
241.84	176.33
243.97	176.33
245.71	69.19
248.51	69.19
250.39	13.59
