2.66	55.3
5.22	55.3
7.63	55.3
10.51	196.54
13.08	95.77
13.48	188.94
16.62	8.36
20.08	81.47
22.84	81.47
25.33	81.47
28.11	97.87
29.26	97.87
32.45	97.87
34.98	162.33
35.34	162.33
36.05	103.12
39.45	103.12
40.25	45.09
40.61	45.09
41.68	45.09
43.91	197.8
45.65	42.91
48.33	42.91
51.17	196.45
53.33	196.45
53.83	178.18
55.69	75.59
58.51	75.59
61.43	75.59
63.12	168.02
63.82	168.02
66.77	8.44
67.82	12.98
71.24	12.98
73.47	12.98
76.46	10.86
77.29	10.86
79.41	90.51
81.74	12.74
85.22	171.26
87.89	171.26
90.77	171.26
91.07	182.88
92.67	182.88
93.74	182.88
94.21	116.73
96.8	148.92
98.75	148.92
99.99	148.92
101.31	73.68
104.58	73.68
107.16	73.68
109.41	68.36
109.55	68.36
111.79	17.94
114.32	17.94
117.69	17.94
119.16	85.04
121.1	85.04
123.87	85.44
126.45	85.44
129.4	47.14
129.77	47.14
133.24	195.95
133.48	195.95
134.46	195.95
135.8	18.88
139.3	18.88
141.65	110.42
144.36	193.65
147.47	193.65
148.01	45.84
149.39	45.84
151.77	187.45
152.28	187.45
153.09	113.49
155.61	91.04
157.05	57.73
159.9	36.71
163.23	153.76
166.37	153.76
168.36	67.36
171.27	67.36
174.19	67.36
174.73	45.33
177.35	155.82
178.34	155.82
178.65	130.16
180.2	130.16
183.58	130.16
185.57	80.42
187.43	80.42
190.92	171.71
193.93	171.71
196.0	80.68
198.07	80.68
199.52	80.68
201.9	201.25
202.33	201.25
205.3	201.25
206.5	57.51
208.65	57.51
211.32	188.75
211.46	188.75
211.57	189.0
213.08	189.0
214.51	189.0
216.41	204.51
216.89	204.51
218.5	201.79
219.05	201.79
222.11	201.79
223.89	209.86
226.34	199.98
227.24	199.98
229.96	157.12
231.49	157.12
232.66	157.12
235.12	53.28
237.68	53.28
238.82	36.61
242.16	36.61
242.29	9.11
244.22	9.11
246.63	9.11
246.75	125.65
249.91	125.65
251.92	178.46
