3.01	150.03
4.17	210.11
6.33	210.11
8.22	106.6
11.16	29.08
11.59	29.08
13.49	127.35
16.09	127.35
17.14	60.37
17.45	60.37
19.35	68.02
21.7	68.02
23.74	68.02
23.95	80.58
24.93	13.56
27.36	189.58
27.64	56.37
28.24	56.37
28.69	56.37
29.14	58.79
30.3	58.79
32.29	43.18
34.12	43.18
34.77	43.18
37.34	74.13
38.54	10.69
39.24	110.85
39.42	110.85
39.96	198.41
40.5	198.41
42.78	48.0
44.08	175.28
44.53	175.28
46.97	86.85
48.21	60.36
51.51	60.36
51.67	60.36
51.81	151.62
52.24	151.62
52.43	103.5
55.89	103.5
58.77	103.5
61.05	185.92
62.65	185.92
63.51	185.92
65.25	11.47
68.06	33.59
69.74	15.34
72.84	15.34
73.52	15.34
74.72	124.46
76.69	124.46
77.82	193.64
80.85	193.64
81.41	123.55
82.52	67.01
84.41	130.06
86.66	98.27
88.95	98.27
91.44	98.27
93.15	202.9
93.58	202.9
96.36	143.02
99.67	143.02
100.37	139.66
102.24	139.66
105.59	94.24
107.15	94.24
107.58	94.24
108.43	58.42
110.66	58.42
112.09	58.42
115.29	181.29
117.14	181.29
117.78	181.29
118.56	129.95
118.78	46.86
119.68	133.26
120.82	79.37
122.98	79.37
125.62	79.37
126.52	20.59
127.9	20.59
129.56	20.59
132.96	116.31
133.51	116.31
135.83	105.53
138.02	105.53
139.1	210.11
142.4	210.11
143.99	210.11
145.99	61.07
146.17	28.17
149.58	100.43
150.79	198.32
152.92	198.32
154.02	198.32
154.21	168.88
157.7	182.8
158.51	182.8
160.44	51.96
160.64	51.96
162.76	152.78
164.5	104.32
165.2	29.59
167.7	73.23
169.96	73.23
170.61	73.23
170.83	39.44
172.53	39.44
172.99	39.44
176.48	46.88
177.14	46.88
177.96	46.88
181.35	148.44
184.29	148.44
185.61	148.44
186.76	93.88
187.39	93.88
189.27	15.58
191.42	111.2
192.6	111.2
195.2	111.2
198.26	112.15
199.36	112.15
201.55	112.15
202.29	126.0
204.07	80.52
205.83	80.52
207.93	198.51
209.1	198.51
212.05	181.85
213.76	181.85
216.54	100.92
217.06	100.92
220.54	164.24
221.06	144.42
223.89	68.47
224.78	68.47
225.23	189.66
227.11	189.66
229.06	50.76
231.37	50.76
232.64	167.4
236.03	167.4
236.59	167.4
236.89	65.13
238.36	65.13
238.78	65.13
241.88	8.58
244.47	8.58
245.21	37.8
248.26	151.87
249.08	151.87
250.33	151.87
