2.64	186.41
4.14	186.41
5.89	20.32
6.55	20.32
7.89	20.32
9.96	153.81
11.09	153.81
14.45	189.29
14.87	189.29
16.06	81.92
17.88	81.92
18.85	81.92
20.59	132.74
21.83	132.74
22.89	5.56
23.04	5.56
24.57	137.82
27.78	137.82
29.94	137.82
30.16	170.83
31.73	170.83
34.27	170.83
36.59	57.15
38.89	165.48
41.58	165.48
41.98	165.48
43.64	139.02
46.15	139.02
49.58	2.96
52.77	2.96
55.45	181.02
58.4	13.59
59.02	79.47
62.16	120.54
63.84	120.54
64.07	51.08
65.5	51.08
67.04	124.84
70.26	124.84
72.75	124.84
74.44	177.17
75.45	167.25
76.09	164.88
79.38	164.88
82.35	164.88
85.49	3.24
86.92	3.24
90.06	64.16
92.73	64.16
94.18	64.16
97.35	57.48
99.02	40.52
102.48	40.52
103.6	40.52
104.04	208.01
106.54	208.01
109.8	208.01
112.4	34.99
114.17	34.99
116.75	34.99
116.95	13.74
119.97	15.85
123.26	77.82
125.01	13.33
126.12	13.33
129.05	212.03
130.77	65.97
130.89	65.97
131.65	65.97
131.91	63.6
134.19	63.6
135.13	63.6
137.44	139.2
138.45	139.2
140.54	122.38
142.41	62.89
145.9	62.89
146.07	62.89
146.78	40.92
148.9	40.92
150.28	196.28
151.18	181.21
153.64	181.21
157.12	181.21
158.75	198.57
159.25	198.57
161.39	198.57
163.81	144.93
167.01	144.93
169.31	23.75
172.53	23.75
174.04	152.89
177.41	152.89
179.88	115.94
181.52	115.94
182.58	115.94
184.96	27.21
186.16	27.21
186.98	27.21
188.91	101.54
189.13	101.54
190.5	101.54
193.32	21.8
195.35	79.44
198.13	206.56
199.69	206.56
202.5	206.56
204.12	23.86
206.27	23.86
208.0	23.86
209.52	81.23
211.77	44.83
213.57	44.83
216.85	44.83
219.88	194.86
222.54	194.86
223.82	194.86
226.22	27.37
228.16	26.95
229.37	197.41
231.76	197.41
232.8	197.41
233.93	48.22
234.88	48.22
237.11	48.22
239.13	104.93
240.69	104.93
241.69	104.93
244.74	137.51
247.13	137.51
249.62	137.51
253.02	35.17
