2.03	189.19
5.22	189.19
7.35	19.62
10.68	19.62
11.81	19.62
15.08	148.1
16.67	148.1
17.62	148.1
20.69	21.33
21.95	21.33
23.6	211.59
24.88	211.59
27.52	134.6
29.83	134.6
32.32	117.46
32.89	0.7
36.17	0.7
38.28	70.65
40.42	70.65
42.77	70.65
44.25	160.71
46.58	160.71
48.86	147.23
49.75	97.17
51.57	97.17
54.43	97.17
54.81	44.16
55.87	44.16
59.04	168.66
61.15	168.66
62.58	57.26
63.37	57.26
65.2	57.26
67.66	193.62
68.32	193.62
68.51	193.62
70.33	182.49
71.76	26.91
75.04	26.91
78.12	170.24
81.29	170.24
84.18	176.27
86.41	176.27
87.7	176.27
91.03	153.28
93.07	121.02
96.05	121.02
96.65	37.52
99.2	37.52
100.68	190.04
102.44	113.68
105.52	113.68
107.97	113.68
108.37	185.48
109.79	185.48
111.1	185.48
114.47	131.17
115.11	62.18
116.76	33.17
117.33	33.17
120.08	33.17
121.78	75.69
122.74	75.69
123.4	75.69
126.47	57.91
129.75	57.91
133.18	57.91
134.92	48.23
136.09	48.23
137.3	48.23
139.47	93.19
142.04	185.18
143.1	185.18
146.2	185.18
148.14	120.25
148.55	120.25
151.44	15.35
154.25	15.35
155.07	199.92
157.37	199.92
160.64	134.59
162.84	134.59
164.54	59.27
166.42	59.27
169.19	59.27
172.62	41.03
173.87	41.03
176.82	41.03
177.83	206.77
179.88	206.77
182.26	191.29
184.48	138.25
186.65	138.25
186.87	138.25
188.01	7.01
190.73	191.24
191.75	3.56
192.42	3.56
194.96	3.56
197.76	64.99
199.7	64.99
202.6	64.99
204.26	90.98
207.46	51.19
208.81	51.19
211.79	51.19
215.06	145.53
215.78	145.53
216.14	181.57
217.63	181.57
218.17	181.57
218.8	183.01
222.18	204.86
225.32	204.86
228.8	192.47
231.17	192.47
233.38	146.54
234.87	13.48
237.7	13.48
238.83	13.48
240.38	162.51
241.42	162.51
242.9	151.26
243.71	151.26
245.84	11.36
247.68	11.36
250.97	11.36
