1.52	51.76
2.73	51.76
6.11	210.48
6.92	139.61
7.77	139.61
10.96	139.61
12.18	6.13
15.54	6.13
18.01	29.19
19.67	29.19
22.9	29.19
26.0	167.32
26.55	167.32
29.77	167.32
32.49	45.65
34.59	45.65
37.17	45.65
37.56	195.84
40.64	195.84
42.09	195.84
43.28	16.73
44.9	200.89
47.27	151.06
48.4	151.06
50.82	31.65
53.77	31.65
55.3	31.65
58.64	108.9
59.66	161.16
62.84	78.81
65.35	208.7
66.97	208.7
68.24	166.98
69.24	166.98
70.67	166.98
72.76	207.87
73.25	207.87
74.14	207.87
74.55	191.04
77.11	191.04
79.04	145.58
80.65	101.42
83.62	101.42
85.3	101.42
86.13	70.58
89.52	70.58
90.27	176.04
92.21	77.03
93.25	150.58
93.53	150.58
94.03	150.58
94.28	140.83
96.96	140.83
99.14	140.83
100.43	107.79
103.82	107.79
106.11	107.79
107.2	170.41
107.49	170.41
108.61	190.12
109.63	190.12
110.02	160.38
110.96	82.67
112.99	187.68
114.99	212.72
117.72	212.72
118.58	212.72
118.77	70.87
120.31	70.87
122.85	102.53
123.37	102.53
123.67	93.72
125.43	93.72
126.16	93.72
126.46	135.83
126.68	135.83
128.1	137.36
128.9	137.36
129.39	137.36
131.93	147.34
132.91	147.34
134.94	147.34
137.7	144.62
139.18	144.62
139.51	144.62
140.09	149.53
141.35	149.53
141.9	149.53
145.34	160.33
146.89	160.33
147.31	132.41
148.53	35.85
149.55	35.85
149.77	35.85
152.89	182.54
155.68	182.54
158.45	182.54
160.63	4.73
161.06	164.02
162.57	31.4
165.58	31.4
165.88	31.4
166.59	112.25
167.12	112.25
170.06	112.25
171.44	2.25
172.65	2.25
172.86	2.25
175.61	66.84
177.76	47.52
179.32	47.52
182.67	47.52
184.9	120.43
185.92	170.36
189.06	170.36
190.71	170.36
193.81	71.87
195.6	153.62
197.24	90.45
199.58	209.27
200.52	209.27
201.04	138.7
202.55	138.7
205.99	138.7
207.67	27.73
211.13	27.73
213.34	27.73
215.92	126.9
219.1	113.28
220.09	100.62
223.37	100.62
223.61	100.62
224.07	42.97
226.7	42.97
230.09	42.97
232.7	147.54
233.18	138.1
236.59	138.1
236.85	138.1
238.37	199.84
241.6	199.84
244.28	199.84
245.37	67.9
246.24	67.9
248.27	67.9
249.41	107.52
251.41	107.52
