3.26	156.94
5.35	156.94
8.11	156.94
11.49	150.96
12.94	150.96
13.5	138.88
16.8	138.88
18.54	17.74
19.72	81.37
20.67	206.21
23.21	206.21
25.75	206.21
29.0	184.41
29.99	184.41
32.14	137.56
35.31	137.56
36.49	137.56
38.8	36.37
42.29	36.37
45.56	18.51
47.1	18.51
47.64	151.13
49.25	151.13
50.06	87.34
51.43	26.17
52.24	26.17
53.68	26.17
54.92	114.89
56.09	114.89
57.74	44.22
60.33	44.22
60.65	44.22
63.38	105.58
65.12	105.58
67.49	56.27
70.0	56.27
72.3	89.38
74.38	89.38
75.08	89.38
75.48	142.71
77.38	142.71
79.81	123.47
81.49	123.47
82.5	26.8
85.17	26.8
85.52	26.8
86.74	174.36
87.56	23.9
90.57	52.26
91.29	52.26
91.54	52.26
93.6	112.4
94.86	112.4
95.62	90.08
98.95	90.08
102.16	38.96
104.16	38.96
107.22	179.87
109.27	179.87
109.38	179.87
112.84	175.88
113.8	97.84
114.53	97.84
115.15	12.83
116.77	12.83
119.97	162.81
123.25	162.81
123.57	6.79
125.95	6.79
126.43	87.14
128.65	92.04
130.74	92.04
132.58	70.5
134.5	70.5
136.37	146.32
137.67	146.32
140.88	146.32
142.29	128.8
143.06	128.8
144.89	128.8
145.26	78.58
146.59	31.75
149.72	31.75
152.67	155.51
154.91	155.51
157.87	155.51
159.94	4.75
162.34	4.75
163.14	10.14
165.58	10.14
168.41	10.14
171.72	173.52
174.06	173.52
174.64	137.19
176.3	137.19
177.14	137.19
178.81	78.35
179.55	48.42
179.81	11.99
181.46	11.99
182.19	113.78
183.53	38.29
185.36	38.29
187.88	38.29
189.8	158.37
190.22	158.37
192.05	38.47
195.14	38.47
195.78	38.47
197.96	109.56
199.07	180.44
201.35	44.85
204.1	39.4
206.87	39.4
207.64	39.4
208.66	183.12
210.44	183.12
211.81	183.12
214.94	51.61
215.83	199.12
219.17	21.11
219.89	21.11
221.44	194.26
223.08	194.26
224.28	116.84
226.46	116.84
229.47	116.84
230.44	59.68
233.16	112.17
234.05	112.17
235.47	168.16
235.9	168.16
236.68	173.08
237.58	173.08
239.24	173.08
240.41	125.49
243.46	125.49
246.5	125.49
246.76	191.94
248.02	191.94
249.26	192.5
250.79	199.67
