1.33	37.73
1.59	37.73
4.85	37.73
7.78	8.33
8.6	99.2
9.47	149.9
12.29	149.9
14.47	74.99
15.22	74.99
16.9	74.99
19.58	173.64
20.29	173.64
23.13	173.64
24.98	147.65
27.68	147.65
27.99	147.65
31.4	85.77
34.53	85.77
36.28	127.58
39.53	19.42
40.27	19.42
41.98	19.42
43.74	5.97
47.04	5.97
49.8	92.5
53.01	92.5
56.08	140.94
58.39	32.07
58.92	154.18
60.31	154.18
60.57	154.18
60.97	98.1
61.44	94.48
63.37	94.48
64.64	105.84
66.56	51.34
68.48	51.34
68.8	67.93
68.95	64.49
69.87	64.49
70.81	64.49
71.09	52.44
71.56	132.17
73.64	132.17
74.01	138.1
75.77	167.62
78.8	150.07
81.68	150.07
84.01	150.07
87.46	16.04
89.19	16.04
89.96	158.37
93.11	66.96
95.5	66.96
97.27	89.07
97.95	89.07
98.91	122.53
101.04	122.53
103.08	80.24
103.3	80.24
105.67	80.24
106.01	58.14
108.31	154.45
110.07	154.45
110.95	154.45
113.68	33.35
113.98	33.35
114.63	33.35
116.08	154.74
117.4	194.22
118.59	18.48
121.82	0.22
122.32	0.22
124.78	128.9
127.4	169.91
130.82	169.91
131.16	169.91
134.64	66.26
137.66	66.26
138.0	8.95
141.33	8.95
144.61	93.75
145.46	93.75
147.29	62.83
148.27	140.47
149.57	137.96
151.7	158.25
153.9	158.25
154.89	165.07
158.37	165.07
160.91	165.49
161.13	13.99
163.8	13.99
164.18	13.99
167.19	146.18
169.14	146.18
172.53	146.18
172.93	62.23
175.4	136.82
177.8	136.82
180.98	194.35
181.26	194.35
184.31	185.51
186.11	149.91
188.93	149.91
190.33	149.91
190.83	108.61
194.3	52.08
194.53	52.08
198.01	52.08
201.5	98.01
204.82	98.01
205.22	138.19
205.38	94.18
205.73	103.67
208.55	103.67
209.74	46.65
211.56	46.65
214.86	46.65
215.33	165.52
218.31	165.52
218.82	174.53
222.06	185.57
222.68	166.59
224.67	166.59
225.8	166.59
227.31	174.02
228.47	144.78
230.51	47.87
232.61	47.87
235.56	47.87
236.17	6.54
238.86	155.05
239.86	155.05
240.51	155.71
242.24	41.0
244.81	41.0
247.43	41.0
248.26	128.51
248.79	190.97
250.16	190.97
