1.61	87.12
2.43	142.08
3.57	142.08
6.4	108.34
9.72	13.41
11.9	13.41
12.16	13.41
13.28	150.28
14.26	150.28
15.11	45.01
18.23	45.01
21.22	45.01
24.29	67.85
25.24	67.85
27.86	198.83
30.72	198.83
30.95	104.45
33.62	104.45
36.3	104.45
38.17	3.88
40.48	3.88
41.06	194.24
41.71	194.24
44.43	14.95
44.85	14.95
45.33	114.22
45.83	67.73
46.76	49.03
49.12	49.03
51.54	49.03
53.75	105.02
54.33	41.51
55.14	205.88
57.36	205.88
60.44	205.88
63.08	159.98
65.67	196.41
68.83	196.41
70.52	196.41
71.23	19.71
73.01	117.15
75.13	137.48
76.55	137.48
77.74	58.47
79.06	165.04
80.35	165.04
80.56	3.31
82.49	12.34
82.79	12.34
85.33	12.34
88.31	106.44
90.07	17.51
93.19	17.51
95.56	17.51
95.88	125.73
96.99	125.73
98.78	124.7
100.83	210.08
101.12	210.08
103.7	64.41
106.38	57.54
107.89	57.54
109.16	57.54
109.54	98.98
109.91	98.98
111.94	98.98
114.33	196.91
116.92	168.81
119.69	168.81
122.3	10.67
124.44	75.94
125.35	113.67
125.8	175.52
126.7	84.95
129.58	179.7
132.02	179.7
132.6	179.7
134.13	171.89
134.83	15.73
135.11	69.68
135.35	69.68
135.47	69.68
136.22	67.54
137.66	67.54
139.33	67.54
142.43	196.03
145.22	80.77
147.07	173.59
149.58	173.59
152.62	140.12
156.07	140.12
158.22	211.14
159.98	89.29
160.95	89.29
161.77	89.29
163.68	103.98
164.4	103.98
167.58	155.6
170.63	155.6
171.5	189.22
173.01	7.32
173.15	7.32
175.83	113.63
176.72	113.63
177.25	39.95
180.58	39.95
182.29	39.95
182.63	37.76
183.2	37.76
184.12	37.76
186.57	200.95
187.71	200.95
188.95	44.42
189.23	44.42
190.26	44.42
190.61	105.47
191.54	105.47
192.82	105.47
195.62	186.78
196.51	186.78
199.41	186.78
201.81	65.04
202.35	18.1
205.15	18.1
207.96	18.1
210.11	133.04
212.93	133.04
215.7	178.47
217.43	178.47
218.01	178.47
220.81	154.21
222.63	154.21
225.85	47.08
228.84	47.38
230.22	47.38
232.99	47.38
235.72	141.95
236.47	137.44
236.63	137.44
239.06	137.44
242.07	42.8
242.79	42.8
244.79	195.81
245.5	138.5
246.58	7.35
247.06	7.35
248.01	83.25
248.29	83.25
251.03	83.25
