2.8	50.29
3.32	50.29
5.25	157.06
6.47	125.93
9.96	125.93
11.51	174.15
14.23	174.15
15.19	193.06
15.5	189.3
15.72	189.3
16.31	25.31
16.49	113.45
17.28	59.23
20.18	59.23
22.7	59.23
26.03	71.95
29.32	71.95
29.52	53.1
30.41	201.73
31.94	89.74
32.63	89.74
33.54	89.74
33.8	143.21
35.74	143.21
39.14	143.21
39.5	82.94
42.56	83.36
44.45	184.87
47.85	184.87
50.95	184.87
52.05	113.42
55.01	113.42
56.33	164.68
58.3	164.68
60.79	100.18
62.54	100.18
65.94	100.18
68.67	97.05
71.94	97.05
73.75	97.05
75.82	15.76
77.83	15.76
79.02	15.76
82.22	122.09
83.22	115.45
86.25	190.12
87.09	190.12
88.58	190.12
89.38	196.57
91.51	196.57
94.42	196.57
95.46	6.9
96.36	6.9
99.14	6.9
102.19	67.57
102.84	142.04
103.12	142.04
104.13	37.41
105.82	37.41
107.05	37.41
108.27	37.27
109.83	37.27
111.34	37.27
111.72	168.11
114.35	168.11
115.48	180.04
117.56	179.04
118.54	172.12
119.6	12.51
120.33	14.45
122.56	14.45
125.77	26.39
127.72	95.68
128.01	95.68
129.07	2.61
131.7	92.62
133.87	92.62
134.69	204.88
134.84	150.02
136.15	146.41
138.52	146.41
140.81	185.38
141.89	185.38
143.52	199.09
143.65	134.28
146.54	134.28
148.06	134.28
150.64	24.86
153.82	210.82
156.46	20.06
158.23	20.06
160.71	20.06
163.46	151.4
164.51	102.55
165.48	102.55
167.46	102.55
167.6	203.0
167.87	17.05
170.53	17.05
172.95	17.05
174.89	207.75
175.97	207.75
178.89	207.75
179.51	47.84
179.91	47.84
181.47	34.89
182.8	34.89
183.66	101.71
185.33	101.71
187.91	101.71
190.05	210.55
190.59	210.55
191.14	210.55
192.46	173.39
194.86	173.39
195.33	25.08
197.63	83.9
198.9	83.9
201.25	83.9
202.15	31.46
205.28	31.46
205.63	31.46
205.83	116.76
206.24	116.76
207.71	116.76
209.15	29.63
212.48	29.63
213.9	29.63
215.97	83.6
219.22	83.6
221.51	83.6
221.99	30.48
224.55	30.48
225.16	30.48
227.71	9.75
230.24	184.07
230.84	184.07
231.95	184.07
234.37	19.48
235.4	19.48
236.24	19.48
236.83	191.23
240.31	56.94
241.47	56.94
243.88	14.46
244.75	14.46
245.51	14.46
247.75	63.89
248.1	175.49
248.9	175.49
251.86	140.11
