0.11	68.72
2.78	68.72
4.02	73.59
5.61	73.59
7.54	68.85
8.62	68.85
10.77	68.85
11.71	151.01
12.43	161.54
12.75	199.15
14.4	40.07
15.33	40.07
16.58	40.07
18.12	52.74
18.78	52.74
20.45	52.74
23.2	29.87
25.07	29.87
26.34	76.9
28.1	101.85
30.03	10.97
32.64	10.97
34.7	10.97
35.49	106.92
37.17	106.92
39.45	106.92
41.16	181.02
42.58	181.02
45.64	181.02
46.26	154.09
48.37	68.22
51.26	68.22
51.86	68.22
54.04	106.47
57.34	106.47
59.09	26.56
59.92	26.56
62.79	26.56
64.31	145.0
66.02	145.0
66.21	145.0
69.7	51.5
71.5	73.4
71.97	73.4
74.29	112.99
76.37	112.99
78.63	207.13
80.96	207.13
84.25	5.9
85.22	5.9
86.3	194.98
88.37	194.98
89.53	194.98
92.89	128.34
95.48	128.34
95.85	128.34
97.43	199.66
98.11	199.66
99.49	141.57
102.45	141.57
102.73	141.57
105.12	94.11
107.82	39.74
108.91	10.88
109.47	10.88
112.97	197.99
115.56	162.94
116.24	74.52
117.8	74.52
120.3	40.8
121.15	40.8
123.83	40.8
126.95	211.19
129.38	35.39
130.12	35.39
131.73	194.43
134.24	173.02
135.99	81.17
138.75	59.8
139.94	31.9
142.99	31.9
146.41	31.9
149.19	59.48
152.5	59.48
155.91	0.86
156.07	170.11
157.34	170.11
159.21	170.11
161.12	115.23
163.43	115.23
166.33	115.23
168.01	92.89
169.56	92.89
169.8	92.89
170.16	75.38
172.3	131.69
174.41	169.31
177.17	17.33
179.84	178.1
180.67	170.36
181.44	170.36
184.62	88.58
187.99	54.74
189.25	54.74
190.77	54.74
193.54	119.47
194.81	119.47
195.57	119.47
196.07	10.77
198.22	60.13
201.46	60.13
203.34	60.13
205.65	85.71
207.24	85.71
209.82	108.66
210.32	108.66
211.44	141.8
212.38	42.51
214.49	42.51
216.58	190.63
218.65	187.31
220.53	187.31
223.78	187.31
224.06	53.32
225.73	65.69
226.47	65.69
226.82	97.31
227.27	97.31
227.82	97.31
229.09	202.83
232.48	202.83
234.04	122.27
235.85	53.51
238.25	53.51
240.77	155.32
243.4	84.79
246.79	195.6
247.03	195.6
249.94	198.19
250.86	198.19
