2.55	155.43
4.15	155.43
5.75	155.43
7.78	125.98
9.12	125.98
10.46	125.98
11.39	40.71
11.82	40.71
13.42	40.71
15.97	144.42
17.3	144.42
18.3	144.42
19.41	21.18
22.48	21.18
23.5	21.18
23.66	177.47
25.95	177.47
28.28	38.79
31.0	38.79
32.92	162.75
34.85	53.2
35.37	175.59
36.47	175.59
39.59	175.59
41.78	15.25
43.97	15.25
47.4	152.93
47.99	152.93
49.59	152.93
49.9	109.04
52.16	26.8
54.71	26.8
55.15	26.8
58.5	150.45
59.11	150.45
61.39	195.69
63.09	195.69
66.31	87.35
66.53	87.35
68.09	97.21
69.08	174.67
72.22	179.36
73.0	179.36
74.79	90.57
75.58	90.57
76.73	90.57
79.91	205.56
83.19	205.56
84.27	205.56
85.41	3.77
87.34	3.77
87.77	3.77
89.12	40.5
90.67	40.5
93.94	40.5
94.14	19.13
96.09	124.13
96.98	172.24
99.01	70.63
99.88	61.91
100.3	78.92
102.14	114.54
102.73	114.54
104.66	133.52
105.6	99.92
108.12	47.82
109.85	47.82
112.02	47.82
112.49	9.83
112.62	181.68
115.68	181.68
117.77	64.71
120.08	122.32
122.77	122.32
123.63	122.32
124.21	122.55
127.02	122.55
129.9	122.55
131.42	23.13
131.95	23.13
134.86	61.37
137.73	61.37
138.38	86.69
141.54	86.69
143.15	114.32
145.43	114.32
148.78	114.32
150.18	80.81
153.58	161.39
155.2	87.42
155.81	94.64
156.61	94.64
159.17	94.64
161.71	161.75
161.96	161.75
163.65	161.75
165.02	94.23
165.33	111.8
165.75	111.8
166.96	111.8
168.56	198.47
171.23	198.47
173.54	198.47
176.79	165.82
177.88	154.33
178.01	154.33
181.01	154.33
184.02	182.8
184.93	124.92
187.77	124.92
189.5	115.41
192.25	115.41
192.62	115.41
194.8	127.05
197.91	42.62
199.08	42.62
199.31	42.62
201.06	78.27
201.69	78.27
204.55	78.59
205.17	78.59
208.63	152.97
208.86	152.97
209.45	167.58
211.86	167.58
213.48	86.01
213.93	194.84
216.39	194.84
219.27	57.0
219.63	57.0
222.62	113.91
225.43	113.91
226.53	113.91
227.08	2.74
227.41	132.23
229.82	184.77
230.87	184.77
231.38	12.31
234.66	12.31
235.59	12.31
236.43	67.38
239.69	67.38
239.8	61.95
240.12	61.95
241.14	61.95
242.97	70.08
245.58	70.08
247.92	60.93
249.63	60.93
250.4	60.93
