2.33	93.95
3.98	183.82
6.45	183.82
8.1	104.28
10.95	104.28
14.37	62.91
15.39	62.91
15.74	47.14
17.09	127.64
19.96	195.61
21.2	195.61
24.08	195.61
25.6	62.54
27.81	187.35
30.05	25.06
30.42	25.06
32.68	112.37
34.46	178.55
36.04	178.55
36.32	54.37
38.07	54.37
41.04	79.09
42.62	79.09
44.15	79.09
47.26	193.71
47.47	193.71
50.75	193.71
53.62	92.56
54.01	92.56
56.32	92.56
56.62	135.56
59.54	58.11
62.9	58.11
65.43	191.3
67.4	191.3
67.81	91.73
70.04	91.73
70.79	91.73
71.23	103.1
73.97	103.1
74.69	158.51
77.47	75.0
78.29	82.67
81.35	42.37
84.84	42.37
85.63	42.37
86.86	111.71
88.6	111.71
89.94	132.09
92.47	132.09
95.04	7.27
95.73	7.27
97.06	7.27
98.73	18.89
99.44	18.89
102.41	18.89
105.62	143.16
108.1	143.16
110.2	143.16
112.09	59.31
114.31	187.64
117.09	187.64
120.34	14.92
122.26	14.92
124.7	106.64
124.85	106.64
125.93	106.64
127.28	165.61
130.33	165.61
132.2	130.67
135.36	130.67
137.88	130.67
140.74	80.46
142.22	80.46
145.34	82.66
147.18	82.66
150.59	117.57
153.11	117.57
154.35	117.57
157.15	200.56
158.49	200.56
159.74	170.92
163.2	170.92
166.48	170.92
168.31	129.11
169.77	129.11
173.23	129.11
174.96	160.79
176.31	160.79
177.29	160.79
177.94	129.4
180.61	117.64
181.48	117.64
184.28	117.64
184.77	139.95
187.69	139.95
189.02	8.34
191.23	8.34
193.3	181.78
196.58	181.78
199.88	181.78
200.37	121.55
203.09	121.55
206.33	121.55
208.14	84.81
209.03	84.81
210.25	84.81
212.37	23.15
215.65	23.15
216.37	23.15
218.43	198.36
221.62	198.36
222.94	118.15
225.35	118.15
228.67	118.15
230.45	138.58
233.09	138.58
233.86	138.58
234.84	79.7
235.25	79.7
237.12	79.7
238.13	129.6
240.16	206.15
241.23	144.93
241.76	190.25
242.4	190.25
245.9	190.25
248.85	19.81
251.77	101.4
