0.66	89.74
3.87	89.74
7.04	98.75
9.67	98.75
12.27	44.88
14.49	117.71
16.12	117.71
17.52	21.33
19.19	85.08
20.17	201.39
21.67	92.68
22.44	92.68
23.82	57.11
24.67	173.36
27.0	173.36
27.92	173.36
30.36	76.88
32.67	76.88
32.88	76.88
33.82	137.01
35.52	137.01
35.86	8.26
38.34	105.82
39.43	105.82
42.17	208.14
45.29	208.14
46.56	86.33
46.9	86.33
50.36	86.33
51.79	193.85
53.19	193.85
55.88	193.85
56.67	142.47
58.29	103.67
60.91	64.42
63.69	64.42
66.68	111.56
68.8	111.56
69.94	73.49
71.78	69.03
74.83	69.03
77.03	86.46
80.47	86.46
81.7	86.46
82.34	187.24
83.71	187.24
87.01	187.24
89.53	193.17
91.18	193.17
93.69	11.15
96.96	74.94
97.33	74.94
99.81	74.94
102.26	83.52
102.46	83.52
102.66	83.52
103.74	122.89
106.63	12.81
107.98	47.76
110.05	47.76
110.49	58.51
111.65	55.64
112.19	55.64
115.26	16.75
116.77	16.75
116.99	1.7
120.27	1.7
120.95	44.43
123.93	44.43
124.49	44.43
125.71	36.49
125.9	127.19
128.38	79.64
130.75	95.47
132.13	129.21
134.42	42.69
137.58	42.69
137.82	42.69
140.83	89.34
142.49	89.34
142.63	89.34
145.68	42.69
147.33	42.69
147.87	42.69
148.3	41.01
149.51	165.21
151.29	165.21
153.31	136.72
156.11	136.72
156.56	88.24
159.09	22.9
159.79	22.9
161.57	185.07
163.18	179.57
163.96	179.57
165.41	179.57
167.65	170.25
169.74	170.25
172.34	38.45
172.44	70.51
175.52	131.53
177.8	131.53
178.13	131.53
179.56	162.51
180.27	106.07
181.33	82.78
181.53	82.78
183.27	208.81
185.44	208.81
188.72	208.81
190.96	98.9
193.02	204.7
195.13	23.84
195.56	23.84
196.61	110.41
198.4	25.7
198.53	25.7
201.51	25.7
204.23	198.73
204.87	198.73
206.77	198.73
209.38	69.19
212.56	124.68
214.39	124.68
216.67	124.68
218.05	44.28
220.15	44.28
221.18	44.28
221.36	110.99
224.79	191.02
226.12	191.02
228.01	191.02
229.87	164.72
232.1	185.28
233.02	185.28
236.07	192.82
238.28	192.82
240.62	192.82
242.05	11.21
244.95	55.98
245.96	55.98
247.18	78.25
247.8	78.25
248.77	78.25
249.42	108.96
251.75	44.21
