0.33	18.38
2.93	18.38
5.12	18.38
7.31	196.38
7.43	184.15
7.65	184.15
9.81	184.15
11.28	83.55
14.39	83.55
14.71	83.55
18.09	98.84
18.45	121.62
21.45	121.62
23.94	6.35
27.22	6.35
28.37	6.35
31.27	174.38
33.44	174.38
34.82	137.36
36.7	137.36
39.59	137.36
42.49	144.7
44.57	144.7
44.86	64.83
46.3	64.83
46.98	158.36
47.46	158.36
47.63	158.36
49.11	88.23
49.59	88.23
53.02	88.23
54.57	80.08
55.23	80.08
57.2	80.08
57.63	53.1
60.86	53.1
62.32	31.19
63.75	31.19
64.11	31.19
66.94	197.58
69.11	197.58
71.84	119.38
73.84	119.38
74.55	119.38
75.05	88.05
76.58	88.05
78.43	88.05
78.62	8.59
79.94	8.59
81.48	81.9
84.45	81.9
85.84	81.9
86.09	96.61
88.69	96.61
90.29	96.61
93.58	88.61
96.02	88.61
98.34	88.61
99.17	21.98
101.05	21.98
103.22	21.98
106.6	28.14
107.49	202.8
108.63	202.8
110.75	162.09
112.82	162.09
113.26	84.79
114.44	148.9
114.84	148.9
117.69	112.55
120.33	174.75
123.23	174.75
126.34	174.75
128.5	85.91
131.38	85.91
131.75	85.91
132.08	211.24
134.88	211.24
135.04	106.3
137.22	106.3
137.48	106.3
139.41	138.83
140.82	138.83
143.46	189.84
144.61	189.84
147.01	81.56
148.39	184.54
150.85	202.33
151.35	202.33
153.35	202.33
155.83	87.63
156.77	5.5
159.46	47.86
161.27	159.08
164.7	159.08
165.2	204.87
166.22	58.93
169.06	13.09
172.49	13.09
174.31	13.09
175.05	180.97
178.4	180.97
179.36	180.97
182.66	26.65
183.54	26.65
184.55	26.65
187.8	125.67
190.12	125.67
191.98	125.67
192.56	51.21
194.04	51.21
196.03	51.21
196.93	170.77
198.08	170.77
199.66	196.4
202.8	196.4
206.2	196.4
206.96	16.93
207.85	16.93
210.65	16.93
211.82	81.16
214.31	81.16
216.14	81.16
218.44	36.04
219.58	36.04
222.17	158.2
225.04	158.2
227.76	158.2
229.09	176.48
232.45	176.48
234.12	176.48
236.79	148.31
237.86	31.94
238.65	201.44
241.72	201.44
244.28	5.4
245.97	5.4
249.23	5.4
250.98	27.9
