0.8	156.25
2.35	156.25
3.51	156.25
4.99	164.72
8.02	164.72
9.26	129.96
9.99	129.96
11.21	208.62
14.01	105.1
15.1	136.72
17.19	136.72
17.44	209.69
20.17	36.63
22.1	9.95
25.07	9.95
27.36	67.82
28.73	67.82
28.97	67.82
30.08	124.02
30.24	101.96
32.7	101.96
33.7	195.2
37.15	41.0
38.02	41.0
40.38	38.44
41.57	38.44
43.17	38.44
46.19	175.38
47.34	175.38
47.8	175.38
47.99	157.17
51.1	157.17
52.76	160.73
52.87	27.48
53.71	27.48
57.0	27.48
59.94	128.92
60.16	128.92
63.06	153.33
63.17	153.33
64.92	177.0
66.92	177.0
67.41	161.83
69.96	161.83
70.14	81.43
71.28	81.43
71.46	135.13
73.09	146.47
73.57	146.47
74.28	146.47
75.75	204.76
77.68	100.43
78.11	100.43
79.19	121.07
81.05	121.07
82.42	132.31
85.18	54.97
85.67	54.97
86.4	54.97
87.62	35.29
90.28	35.29
93.74	196.5
95.26	74.0
97.23	74.0
98.65	172.79
101.23	109.53
101.77	109.53
104.85	109.53
104.99	70.29
108.28	70.29
109.45	14.08
110.47	14.08
113.71	124.7
116.95	124.7
117.9	124.7
119.56	180.13
119.85	180.13
120.32	53.41
121.03	53.41
122.76	177.62
124.12	177.62
125.68	114.16
127.05	83.41
130.13	192.33
130.98	192.33
132.36	192.33
132.51	93.22
134.26	93.22
136.44	110.8
139.08	62.52
139.8	62.52
140.52	145.46
142.1	45.69
143.99	39.05
147.32	32.32
150.24	32.32
151.3	201.01
153.01	201.01
155.73	120.48
156.43	120.48
156.82	97.44
158.22	97.44
159.48	39.17
160.62	39.17
161.27	45.29
162.4	45.29
165.89	138.27
168.97	138.27
170.49	130.47
172.31	130.47
173.15	139.52
175.3	139.52
178.76	139.52
181.78	171.95
183.95	171.95
185.88	72.11
189.09	122.89
190.48	203.86
192.11	86.9
193.48	86.9
195.63	86.9
197.38	136.66
198.12	136.66
201.26	136.66
203.56	89.59
204.91	89.59
206.02	53.6
207.59	53.6
208.3	53.6
209.52	181.84
209.79	181.84
210.66	181.84
214.06	57.7
217.35	57.7
217.62	57.7
218.67	106.72
221.54	106.72
224.23	132.89
226.09	168.44
228.95	143.57
232.14	143.57
233.06	85.34
235.66	85.34
239.04	42.63
241.83	42.63
244.67	42.63
246.4	43.51
247.02	43.51
249.42	43.51
249.88	138.5
253.37	138.5
