1.68	114.87
2.28	114.87
2.7	37.58
2.91	37.58
3.1	46.5
3.4	46.5
6.84	10.95
9.29	10.95
12.61	153.8
14.03	153.8
17.17	64.75
17.29	64.75
20.05	106.02
21.05	106.02
23.58	32.59
24.58	25.3
27.55	25.3
29.24	140.54
30.01	21.2
32.15	21.2
34.17	7.41
35.33	7.41
38.68	7.41
41.09	56.53
42.67	56.53
44.46	56.53
45.26	97.82
45.44	97.82
46.41	97.82
47.13	111.92
50.32	111.92
53.63	111.92
56.7	113.86
58.3	113.86
60.62	113.86
63.97	196.43
65.92	196.43
68.24	196.43
71.63	87.0
73.09	91.15
74.31	91.15
76.1	91.15
79.56	111.51
80.52	114.7
81.18	114.7
81.84	114.7
83.37	195.96
85.71	195.96
86.07	175.49
88.06	45.64
88.19	54.19
90.06	54.19
91.65	54.19
92.16	144.3
94.15	70.56
96.44	70.56
96.63	70.56
98.08	57.93
100.51	57.93
100.61	26.21
103.36	26.21
104.5	26.21
107.24	158.07
107.54	158.07
107.9	158.07
108.76	85.98
112.21	85.98
112.47	85.98
115.73	43.42
117.27	40.06
119.39	40.06
122.42	7.15
125.08	7.15
125.34	118.86
126.65	118.86
128.29	105.76
131.29	157.71
133.58	73.61
136.94	131.84
140.08	131.84
143.54	139.29
144.43	139.29
145.61	139.29
146.3	169.6
148.04	169.6
150.6	169.6
152.64	50.29
155.38	13.88
157.78	13.88
161.17	85.09
163.22	139.64
166.66	136.36
170.01	136.36
170.55	206.28
171.36	110.4
171.78	110.4
175.01	110.4
176.9	209.64
177.17	209.64
180.59	26.41
181.53	26.41
184.45	128.13
187.73	128.13
189.97	202.32
191.29	149.43
194.17	198.31
195.28	198.31
198.4	198.31
200.52	123.74
201.16	164.57
202.04	164.57
203.39	164.57
204.75	169.57
206.74	169.57
207.57	169.57
209.36	128.88
210.22	128.88
211.09	72.96
213.95	72.96
216.09	72.96
218.65	124.0
222.06	120.39
224.51	44.34
227.41	44.34
228.43	44.34
231.09	94.77
231.89	94.77
232.21	94.77
233.01	73.19
233.69	73.19
236.73	73.19
238.44	157.93
240.84	148.8
241.07	148.8
241.84	151.54
242.77	151.54
245.43	151.54
246.78	191.51
248.83	191.51
252.07	191.51
