2.46	68.36
5.19	168.95
8.58	168.95
9.15	119.35
9.94	119.35
11.73	119.35
12.49	89.25
15.91	89.25
16.68	89.25
16.95	21.55
18.16	29.43
21.35	29.43
21.77	31.61
22.66	87.68
23.85	87.68
25.02	181.23
25.24	181.23
25.89	154.18
29.02	210.39
29.58	210.39
30.71	197.64
34.0	197.64
36.8	197.64
39.08	88.66
41.75	88.66
41.86	2.28
42.98	2.28
44.38	2.28
46.31	181.14
49.33	57.11
50.9	57.11
53.89	57.11
54.11	193.16
55.18	41.77
55.81	178.22
56.07	178.22
57.25	178.22
60.18	8.33
62.88	56.75
64.47	89.21
67.13	89.21
69.11	89.21
71.34	86.94
73.68	86.94
76.0	192.89
77.15	37.7
80.07	59.31
81.46	207.1
84.34	111.28
86.21	111.28
88.64	195.66
89.27	195.66
91.57	195.66
92.43	111.46
93.73	111.46
96.11	111.46
97.2	180.07
99.06	35.35
102.1	35.35
103.78	35.35
106.12	26.15
106.31	26.15
107.31	39.64
107.96	39.64
108.82	39.64
111.88	87.06
113.58	87.06
114.96	198.98
117.06	198.98
119.03	76.51
121.29	76.51
123.99	76.51
124.98	0.71
125.96	34.85
127.14	34.85
130.09	34.85
131.0	190.22
133.15	190.22
134.49	162.54
137.23	162.54
139.35	162.54
142.33	144.65
144.9	144.65
147.04	144.65
148.42	165.42
149.59	165.42
150.65	165.42
152.7	51.83
153.46	82.33
154.67	82.33
156.97	82.33
158.35	72.89
161.32	72.89
164.52	34.0
165.16	34.0
167.23	34.0
169.85	9.99
172.22	6.81
174.15	6.81
176.73	184.84
177.29	184.84
179.09	45.49
182.23	45.49
183.37	45.49
185.23	183.32
186.36	183.32
189.17	183.32
191.03	99.47
191.91	99.47
193.73	99.47
194.28	134.82
197.5	134.82
197.64	136.39
197.97	136.39
198.82	4.5
202.2	4.5
204.9	124.15
207.54	87.93
209.62	25.72
212.27	25.72
213.6	25.72
213.79	74.63
216.81	53.26
219.24	53.26
221.17	53.26
222.47	100.85
225.37	100.85
228.38	100.85
229.08	42.93
231.71	35.88
232.04	35.88
233.5	35.88
235.04	35.08
235.59	35.08
236.66	78.83
239.77	139.02
241.77	18.51
245.15	18.51
246.45	180.64
248.94	180.64
249.66	180.64
253.14	38.58
