0.82	90.72
3.26	90.72
4.91	82.16
7.2	37.48
10.68	37.48
13.5	172.44
16.77	128.37
19.74	128.37
22.13	128.37
22.89	110.01
24.02	110.01
26.16	45.01
26.55	100.71
26.87	100.71
28.17	100.71
30.9	99.25
32.75	99.25
35.96	209.26
38.35	160.68
40.9	23.66
43.27	23.66
45.46	23.66
46.71	64.06
49.84	76.45
51.13	76.45
53.12	76.45
53.51	59.78
54.27	93.0
57.44	93.0
59.72	93.0
60.63	166.32
63.24	166.32
65.44	3.23
68.34	116.77
70.07	116.77
71.7	116.77
72.86	96.87
73.71	19.21
76.05	19.21
78.9	19.21
80.73	74.34
81.72	74.34
85.02	5.21
85.33	5.21
87.73	78.36
90.51	78.36
92.22	77.23
94.14	77.23
95.18	50.03
97.36	119.98
99.2	119.98
101.74	106.77
104.12	1.38
104.45	1.38
107.23	29.86
107.5	29.86
108.69	29.86
111.22	65.61
112.88	17.45
114.84	20.43
115.45	20.43
115.75	33.98
118.21	33.98
121.61	33.98
122.21	56.19
124.65	196.72
126.95	196.72
127.13	194.6
130.01	194.6
131.77	194.6
134.84	112.78
136.31	34.52
138.75	34.52
142.06	34.52
142.53	119.37
144.85	119.37
148.32	24.71
148.56	127.62
149.99	127.62
150.69	127.62
151.58	7.46
152.81	203.57
154.08	203.57
157.24	203.57
160.46	31.82
161.01	31.82
163.59	133.8
166.09	133.8
166.7	119.19
170.04	179.12
170.97	179.12
173.61	140.62
175.68	140.62
177.32	140.62
179.35	171.65
180.48	171.65
181.48	98.84
184.96	98.84
188.31	98.84
191.76	178.16
193.64	178.16
194.79	12.15
196.57	174.8
196.73	83.8
199.02	86.48
202.26	117.55
202.88	117.55
205.28	117.55
207.39	149.7
209.77	149.7
212.76	62.31
214.8	151.18
217.74	41.11
221.17	41.11
223.43	126.36
224.45	126.36
225.87	126.36
227.1	56.85
229.32	56.85
230.4	21.45
233.14	21.45
235.11	73.97
237.74	73.97
238.94	209.87
240.95	162.83
243.64	162.83
246.19	162.83
247.23	202.33
247.33	202.33
248.13	22.45
250.19	22.45
