2.66	133.77
3.31	133.77
3.67	133.77
4.13	53.79
6.94	207.86
7.13	207.86
9.5	82.7
11.23	192.81
14.22	192.81
16.83	9.73
17.66	9.73
20.85	9.73
23.94	108.64
24.38	202.23
27.02	202.23
30.3	192.76
31.16	192.76
32.86	192.76
33.86	94.5
36.51	94.5
37.35	35.8
38.19	35.8
41.08	129.27
43.55	129.27
45.6	129.27
46.89	80.28
49.89	89.62
53.32	89.62
56.0	157.63
56.62	157.63
56.73	157.63
59.99	207.17
62.78	207.17
63.8	130.57
67.24	130.57
67.6	91.9
69.6	91.9
72.74	91.9
73.37	91.34
75.89	91.34
77.77	210.27
80.86	210.27
84.26	198.81
84.38	198.81
86.32	198.81
86.85	36.72
87.1	36.72
89.95	117.78
92.07	117.78
92.75	117.78
96.1	101.33
97.58	140.3
99.57	140.3
100.59	140.3
102.18	109.0
102.35	109.0
103.38	140.73
106.19	140.73
109.56	34.47
110.77	34.47
113.99	35.38
116.43	155.19
117.92	155.19
121.02	27.87
121.45	27.87
121.6	204.06
124.87	204.06
126.58	204.06
129.38	207.88
130.27	207.88
131.55	207.88
133.15	83.08
133.54	83.08
135.98	83.08
138.39	129.1
141.84	206.96
144.36	206.96
147.55	206.96
148.82	194.74
150.09	194.74
150.59	194.74
152.46	129.65
155.75	171.45
159.15	171.45
162.49	40.5
164.49	40.5
165.42	40.5
167.88	40.06
171.28	40.06
174.71	40.06
175.36	187.02
177.26	187.02
178.55	187.02
178.66	81.66
182.12	9.85
184.69	9.85
185.77	27.67
188.28	27.67
190.23	193.72
192.36	193.72
195.24	193.72
197.19	0.93
200.49	185.95
203.3	185.95
205.74	98.21
209.21	98.21
209.84	148.17
211.42	208.07
214.7	123.31
217.61	123.31
218.05	159.51
220.26	139.89
220.36	204.93
221.61	204.93
224.03	204.93
224.94	122.58
225.28	122.58
227.15	134.23
227.67	134.23
229.24	134.23
229.79	84.78
230.73	10.31
231.03	10.31
233.63	149.68
233.84	149.68
234.89	18.01
236.91	105.43
238.73	105.43
240.69	137.0
242.34	169.61
244.92	169.61
245.04	169.61
247.05	0.83
247.21	0.83
249.69	137.99
252.17	68.15
