0.95	203.27
4.26	203.27
7.06	203.27
9.24	68.17
12.73	68.17
14.88	68.17
18.11	150.4
20.4	165.53
22.22	165.53
25.7	165.53
26.86	200.79
27.31	127.9
30.15	127.9
30.73	21.01
32.87	21.01
36.07	21.01
38.43	84.41
40.72	39.01
43.83	39.01
45.71	39.01
46.02	144.27
46.65	144.27
49.22	150.55
50.33	150.55
53.37	117.65
56.21	168.52
58.13	168.52
59.91	35.98
60.21	191.69
62.29	79.46
64.21	211.23
66.09	211.23
67.43	211.23
70.4	16.75
72.72	16.75
75.37	16.75
76.74	107.54
79.93	20.87
80.19	20.87
83.6	20.87
86.87	44.34
89.94	44.34
92.69	132.14
94.28	132.14
94.62	132.14
97.48	181.29
98.09	181.29
100.95	181.29
103.8	53.23
104.04	53.23
104.24	53.23
107.11	96.65
107.25	96.65
108.47	96.65
109.46	184.39
111.91	174.32
112.54	178.21
114.81	178.21
115.34	178.21
115.84	102.5
116.37	102.5
119.68	102.5
123.0	44.71
125.07	44.71
126.62	44.71
127.14	35.73
127.36	35.73
129.31	88.02
129.54	88.02
132.47	183.03
134.47	183.03
135.38	31.25
137.48	31.25
140.44	31.25
143.33	91.36
143.64	7.91
144.87	7.91
147.27	75.59
149.05	78.58
151.03	78.58
153.86	78.58
154.21	92.31
157.26	92.31
160.41	92.31
160.95	39.76
162.33	39.76
163.4	39.76
166.71	47.29
168.9	47.29
169.48	47.29
169.79	188.27
172.36	188.27
173.3	188.27
176.33	91.68
176.82	91.68
179.07	91.68
179.86	51.82
182.35	193.52
185.15	193.52
187.81	22.72
189.51	78.91
189.96	78.91
192.62	78.91
195.72	141.68
198.57	177.59
200.55	21.5
201.4	97.05
201.86	97.05
204.33	84.96
204.46	84.96
207.19	84.96
210.57	112.07
212.64	146.26
215.06	105.39
216.42	105.39
219.36	184.48
221.7	120.53
223.71	120.53
225.13	118.72
226.1	118.72
229.23	118.72
229.99	124.8
231.55	124.8
234.08	86.48
236.82	86.48
238.02	94.01
240.76	94.01
243.61	145.42
246.73	145.42
248.7	124.37
251.45	207.31
