0.14	63.85
3.1	63.85
5.21	63.85
8.24	157.04
10.39	157.04
11.1	109.46
11.49	138.63
13.42	138.63
16.72	138.63
19.54	124.61
21.71	65.58
22.7	52.7
25.94	52.7
28.11	122.5
28.4	122.5
29.38	27.56
31.13	157.7
32.04	157.7
33.63	211.81
36.58	121.31
38.31	187.61
38.97	187.61
40.61	187.61
41.33	19.17
43.28	19.17
44.45	87.17
47.4	87.17
49.9	87.17
50.12	178.63
50.33	178.63
51.69	115.72
54.45	115.72
54.97	31.13
56.76	199.31
59.7	199.31
61.55	133.73
63.51	56.06
65.61	56.06
68.07	56.06
71.39	61.01
73.21	61.01
75.82	61.01
76.11	1.0
77.85	1.0
78.12	1.0
78.43	88.26
78.85	69.39
80.73	69.39
82.89	74.23
85.05	147.63
88.41	147.63
90.61	147.63
91.19	33.31
94.51	22.39
97.1	22.39
100.46	180.61
101.24	180.61
103.62	180.61
103.98	43.53
104.45	111.38
106.34	111.38
108.33	111.38
110.32	82.79
111.56	82.79
114.48	160.64
115.47	5.94
116.94	5.94
117.98	174.5
120.84	93.4
121.89	93.4
122.94	59.55
126.17	59.55
129.2	59.55
132.16	28.56
134.91	28.56
138.1	28.56
139.43	61.36
141.35	197.29
144.84	197.29
147.79	196.07
150.74	196.07
151.47	93.63
153.35	97.98
156.7	97.98
156.81	83.53
157.36	115.74
158.5	115.74
158.89	9.66
159.32	9.66
161.84	9.66
162.81	17.66
162.91	37.53
166.12	162.27
166.47	162.27
167.45	162.27
169.59	20.93
170.01	74.59
172.62	74.59
173.24	190.09
174.14	190.09
176.84	190.09
180.13	44.06
181.44	50.62
181.76	50.62
183.33	50.62
183.52	133.57
186.84	57.22
187.41	106.14
189.84	106.14
190.12	106.14
193.4	200.78
193.9	200.78
197.26	13.22
200.3	121.8
200.59	121.8
201.04	121.8
203.42	29.43
204.9	197.29
208.3	197.29
210.69	197.29
214.16	157.2
214.61	157.2
214.95	203.37
217.92	203.37
219.59	88.88
220.48	88.23
223.55	88.23
224.23	88.23
225.5	50.94
226.76	50.94
227.43	50.94
228.03	44.85
231.08	44.85
232.52	85.41
232.86	85.41
235.24	102.0
237.89	80.61
238.97	80.61
242.46	80.61
243.01	102.01
244.9	102.01
246.48	30.64
247.27	30.64
249.62	86.53
252.48	169.22
