0.46	12.32
3.96	111.4
6.94	111.4
7.7	35.95
9.11	35.95
11.77	35.95
13.83	10.55
14.88	159.63
14.98	159.63
16.19	159.63
18.29	48.81
19.57	48.81
22.99	48.81
26.01	140.63
28.32	140.63
28.65	140.63
29.91	89.09
30.07	205.54
33.09	8.26
35.7	132.55
38.84	132.55
41.71	131.03
44.36	131.03
45.37	209.98
47.37	209.98
50.82	209.98
51.73	31.71
53.53	31.71
55.35	31.71
55.79	39.34
58.05	111.89
60.77	113.93
62.9	113.93
64.25	113.93
66.94	74.04
68.7	74.04
70.39	74.04
71.28	132.36
73.49	132.36
75.35	114.97
75.5	114.97
78.72	200.11
79.63	200.11
80.69	200.11
82.79	101.58
85.06	101.58
86.67	73.44
89.65	86.85
92.14	86.85
92.57	78.2
92.83	78.2
96.14	78.2
96.62	210.48
99.56	149.83
101.53	149.83
103.21	209.08
103.53	209.08
103.71	209.08
107.12	97.57
107.31	97.57
110.63	97.57
111.68	90.7
113.59	90.7
115.84	90.7
117.88	205.58
120.05	205.58
120.73	205.58
122.45	104.11
125.62	104.11
128.04	104.11
130.07	176.83
132.44	166.58
132.76	166.58
136.2	166.58
136.76	186.68
140.16	186.68
142.24	186.68
144.26	28.87
146.7	28.87
148.1	28.87
149.55	73.33
152.27	73.33
152.49	61.66
155.31	120.97
158.35	120.97
158.58	120.97
159.91	72.65
160.76	205.71
162.91	205.71
163.16	174.49
164.26	174.49
166.88	174.49
167.23	40.71
170.27	40.71
170.86	40.71
174.11	122.68
175.44	122.68
177.17	122.68
178.84	142.52
181.37	142.52
184.26	122.91
187.27	122.91
188.22	78.01
190.98	78.01
191.2	78.01
194.27	92.22
195.67	92.22
197.26	92.22
197.77	93.5
200.0	93.5
202.54	81.75
206.04	81.75
208.31	142.54
208.77	142.54
209.21	142.54
210.99	22.87
213.9	22.87
215.99	22.87
219.0	167.26
220.99	167.26
221.24	70.37
221.5	41.16
223.26	137.01
223.6	137.01
226.1	137.01
226.79	91.78
229.92	91.78
232.5	62.87
235.61	62.87
238.22	1.69
240.42	1.69
243.42	1.69
244.11	99.45
246.61	99.45
248.65	99.45
249.0	32.98
249.46	128.31
251.18	128.31
