2.07	52.67
5.42	52.67
8.48	153.97
10.47	153.97
13.52	108.76
13.75	108.76
14.76	179.24
15.52	140.35
16.48	140.35
19.9	119.49
21.07	154.52
22.09	154.52
24.59	31.15
26.93	58.39
28.71	58.39
29.07	58.39
31.49	83.16
34.11	83.16
36.16	200.89
38.06	179.32
39.56	66.76
40.68	105.15
41.19	105.15
43.23	105.15
46.32	73.08
48.05	126.77
50.55	126.77
52.12	136.75
55.21	136.75
57.48	126.31
60.58	126.31
61.41	210.67
63.85	123.66
65.37	211.47
67.77	211.47
69.96	211.47
71.79	75.39
71.89	90.49
75.15	90.49
77.74	203.86
80.67	203.86
82.28	203.86
84.34	205.79
85.12	205.79
87.54	205.79
90.71	72.48
93.48	164.99
94.55	164.99
96.58	143.83
98.02	179.82
98.59	179.82
98.73	179.82
100.71	114.38
101.06	114.38
102.16	65.44
104.07	65.44
105.23	104.55
108.46	104.55
108.94	145.23
111.29	23.27
111.67	115.03
113.13	115.03
113.63	115.03
114.55	145.77
115.34	145.77
116.8	176.72
118.12	102.48
120.48	102.48
121.54	102.48
122.77	70.8
123.12	70.8
125.04	180.07
126.24	180.07
127.61	13.73
129.18	13.73
132.53	22.38
135.62	92.14
138.63	92.14
141.5	92.14
142.64	119.7
145.48	119.7
148.5	119.7
149.38	33.12
151.65	33.12
152.1	206.25
155.03	206.25
155.43	57.71
158.29	25.0
160.52	25.0
163.7	25.0
167.18	193.48
168.99	193.48
169.95	57.3
173.43	57.3
176.09	78.09
176.35	160.09
179.77	178.15
180.64	178.15
180.78	141.23
181.08	141.23
181.19	141.23
184.56	209.15
186.49	161.39
189.66	161.39
192.17	161.39
192.93	52.83
194.04	129.94
194.98	129.94
195.49	129.94
198.93	40.06
200.57	149.32
201.58	149.32
204.24	26.1
206.84	26.1
209.16	93.9
209.59	93.9
210.04	104.87
210.33	104.87
211.57	143.8
214.89	143.8
218.19	196.64
220.02	196.64
222.03	196.64
222.35	69.07
225.45	69.07
227.33	85.74
229.13	85.74
231.97	85.74
235.26	73.45
238.02	94.48
241.23	94.48
241.55	193.41
242.02	193.41
243.37	66.99
245.96	66.99
248.14	66.99
249.19	135.23
250.67	148.39
