0.47	59.58
1.12	59.58
3.54	92.93
4.77	92.93
5.61	180.0
9.0	191.24
9.66	191.24
11.72	140.65
15.09	140.65
16.17	86.57
18.15	108.53
18.34	108.53
18.92	200.01
21.84	207.03
25.14	207.03
25.48	145.2
26.05	82.89
29.17	82.89
30.21	179.37
32.98	178.09
34.92	173.04
36.24	173.04
39.17	173.04
39.28	121.95
39.94	24.22
42.59	24.22
44.67	39.41
46.83	39.41
48.7	39.41
49.18	212.81
52.62	212.81
52.95	110.48
53.64	110.48
54.12	50.29
54.63	50.29
56.65	75.65
59.41	149.78
62.46	149.78
63.27	149.78
65.03	86.45
65.83	86.45
67.59	37.69
68.9	37.69
69.16	4.15
71.76	4.15
74.93	130.95
77.11	107.92
79.46	107.92
80.03	126.78
82.6	126.78
83.92	211.14
87.06	211.14
89.23	211.14
90.51	90.7
93.61	165.58
93.93	187.15
94.42	80.36
94.77	80.36
96.47	82.44
99.57	27.41
101.67	27.41
104.57	27.41
106.54	17.3
107.45	17.3
109.21	17.3
112.44	132.49
114.31	132.49
114.79	132.49
118.04	201.58
119.03	113.53
122.08	113.53
122.89	113.53
125.05	203.14
127.62	203.14
128.97	203.14
130.04	132.06
133.1	132.06
134.89	132.06
137.79	158.66
139.82	158.66
141.84	158.66
143.07	43.49
144.3	43.49
146.81	43.49
149.82	166.56
150.03	199.36
150.9	199.36
152.8	132.76
153.38	132.76
155.27	132.76
156.84	184.21
157.88	184.21
158.1	43.16
160.89	112.04
162.42	112.04
165.52	153.76
168.22	153.76
170.29	194.45
172.72	194.45
173.17	194.45
175.54	30.72
177.67	30.72
179.76	38.29
181.28	38.29
182.19	212.68
184.26	212.68
184.91	132.13
187.49	132.13
189.49	132.13
191.64	88.7
192.67	88.7
194.94	49.34
197.95	49.34
201.08	53.04
202.0	53.04
204.49	53.04
205.36	185.6
207.11	89.12
208.64	89.12
209.61	84.4
210.84	84.4
214.2	84.4
215.82	111.26
219.02	111.26
221.48	139.73
223.94	139.73
226.32	139.73
229.7	71.69
229.85	71.69
233.14	201.46
236.48	40.62
236.96	40.62
239.53	171.82
241.4	171.82
242.04	171.82
242.85	198.93
243.28	198.93
244.11	198.93
246.17	175.82
247.52	175.82
248.34	204.33
250.46	204.33
