1.75	45.31
3.92	45.31
4.2	99.07
6.45	184.78
7.67	184.78
8.88	184.78
11.32	4.27
11.58	4.27
11.76	4.27
12.93	34.41
16.26	34.41
19.58	34.41
19.87	37.39
20.7	37.39
23.91	37.39
24.35	188.55
25.88	188.55
26.42	209.42
28.27	209.42
28.7	209.42
30.82	59.1
30.93	81.47
33.35	81.47
36.82	81.47
38.5	12.18
41.62	12.18
43.93	21.53
44.27	200.13
44.65	200.13
48.14	200.13
49.87	176.29
52.2	176.29
52.98	125.59
56.17	125.59
57.65	200.71
59.4	200.71
61.03	200.71
63.44	27.65
66.7	60.95
68.49	60.95
69.61	80.83
71.7	80.83
73.37	80.83
75.65	125.07
76.28	158.86
78.05	158.86
81.04	138.79
81.75	162.94
84.41	162.94
87.04	162.94
89.06	110.96
89.57	110.96
92.76	84.87
94.18	84.87
97.64	84.87
100.79	128.06
103.97	128.06
105.56	29.23
105.94	29.23
107.0	29.23
110.16	111.4
112.83	134.09
113.14	18.0
113.48	8.44
113.95	127.42
116.57	127.42
117.37	201.97
120.16	201.97
120.6	207.0
121.52	169.84
122.86	169.84
125.37	187.1
127.14	187.1
127.4	142.58
129.18	142.58
129.9	142.58
133.19	144.8
133.76	144.8
135.41	144.8
136.97	150.18
139.09	150.18
140.03	61.85
140.38	61.85
141.55	97.63
142.4	85.5
143.17	99.19
145.85	25.83
147.08	63.29
148.53	112.01
151.98	112.01
153.79	112.01
156.39	50.02
159.71	53.05
162.32	53.05
163.49	67.19
164.8	67.19
165.7	67.19
167.31	53.46
169.55	53.46
170.08	138.2
171.61	138.2
171.83	138.2
174.4	202.85
175.42	171.3
176.47	26.35
179.14	66.85
181.38	66.85
181.74	204.48
182.36	109.6
184.91	131.18
187.82	65.18
190.38	65.18
193.47	131.44
195.16	46.83
197.56	46.83
199.28	188.69
201.24	188.69
204.14	188.69
207.55	60.23
209.58	175.03
210.37	169.11
210.53	169.11
211.92	36.18
213.17	36.18
215.2	67.84
218.58	94.01
221.05	94.01
221.91	94.01
223.69	61.35
226.86	61.35
227.34	16.38
228.91	16.38
230.95	108.67
231.08	108.67
232.91	98.85
233.53	98.85
234.66	98.85
234.81	26.68
237.5	132.34
239.37	132.34
241.82	132.34
245.18	190.01
246.29	125.6
247.02	60.22
248.3	60.22
249.52	60.22
252.9	32.82
