0.81	74.82
2.48	95.55
3.44	49.49
6.0	49.49
8.21	49.49
11.48	130.1
14.94	130.1
15.79	130.1
17.78	113.51
20.73	98.99
21.78	146.29
23.18	198.32
26.21	11.39
28.96	136.36
31.73	136.36
35.16	136.36
35.49	73.97
38.5	77.96
39.82	77.96
40.65	77.96
42.46	129.96
44.64	18.06
46.01	59.66
46.19	177.84
47.87	177.84
50.75	177.84
52.87	125.43
55.91	125.43
58.56	83.96
61.29	93.99
61.9	128.2
64.6	128.2
66.9	128.2
67.63	101.48
67.96	101.48
70.29	97.15
72.01	176.56
73.05	26.81
75.81	26.81
76.45	26.81
77.13	207.11
79.69	28.11
80.51	28.11
82.13	78.61
84.89	78.61
85.56	52.76
86.63	43.62
87.04	43.62
87.69	115.07
90.74	115.07
94.17	62.26
94.54	75.4
95.31	75.4
98.7	75.4
101.53	141.0
104.41	66.23
106.5	158.08
106.91	158.08
107.93	158.08
110.65	25.31
112.87	25.31
114.96	25.31
115.95	79.99
117.41	79.99
119.55	79.99
122.18	210.14
124.32	210.14
125.78	210.14
126.73	170.41
127.8	170.41
129.4	170.41
132.35	51.24
133.74	51.24
135.81	63.31
137.69	63.31
137.92	152.21
138.74	152.21
141.77	152.21
143.98	183.02
145.54	183.02
147.5	11.35
149.91	11.35
152.51	11.35
154.57	140.8
155.4	140.8
158.0	171.63
161.23	171.63
163.41	76.57
163.89	186.58
166.36	136.66
167.01	136.66
167.55	62.62
170.49	62.62
173.45	130.57
175.19	130.57
178.24	20.13
180.81	20.13
184.24	20.13
185.42	41.05
187.62	41.05
189.62	62.86
191.91	62.86
195.28	98.23
197.21	98.23
200.61	98.23
202.97	150.76
203.86	150.76
205.2	150.76
207.39	207.88
207.89	102.1
208.19	56.63
209.42	69.82
210.95	69.82
213.11	69.82
216.49	145.63
217.92	145.63
218.72	50.65
220.09	50.65
222.62	90.27
222.77	90.27
225.41	90.27
226.88	11.55
228.93	20.82
229.17	20.82
230.84	20.82
233.95	121.95
234.81	121.95
237.93	121.95
240.86	120.83
243.82	120.83
246.77	120.83
248.61	43.81
250.42	125.81
