0.39	160.92
2.92	11.26
5.03	11.26
7.81	11.26
8.48	46.14
9.41	46.14
12.36	46.14
15.25	45.39
15.61	45.39
16.77	45.39
19.6	9.24
20.19	4.61
20.7	4.61
21.53	4.61
24.24	212.28
27.32	212.28
30.58	212.28
32.47	151.47
33.93	151.47
36.38	212.4
38.53	212.4
39.18	212.4
41.53	159.43
42.06	159.43
44.37	158.25
46.15	158.25
48.24	172.62
50.38	191.56
52.35	178.44
54.03	178.44
57.19	178.44
58.87	72.35
61.12	17.36
63.89	17.36
66.22	17.36
66.62	44.94
67.01	44.94
67.84	44.94
68.7	132.19
69.86	17.89
70.07	17.89
72.8	17.89
73.69	18.26
75.91	6.32
79.01	6.32
79.95	40.41
82.3	40.41
85.74	40.41
88.08	102.95
90.95	102.95
92.61	102.95
94.36	38.72
96.34	38.72
97.85	38.72
101.04	167.7
104.23	167.7
107.72	148.9
109.22	148.9
110.25	208.94
111.03	208.94
112.28	168.23
115.74	168.23
116.2	48.98
118.08	56.72
121.14	56.72
123.61	56.72
126.56	52.01
127.01	52.01
128.59	52.01
131.19	77.27
132.74	77.27
134.16	77.27
134.71	114.65
136.34	106.12
137.49	106.12
140.0	106.12
140.68	180.02
141.61	137.96
143.26	137.96
146.3	51.42
146.69	51.42
147.63	163.02
148.29	117.57
149.63	117.57
151.09	117.57
151.52	204.08
153.12	204.08
156.54	141.01
157.05	141.01
159.27	141.01
162.11	192.83
164.82	192.83
165.76	105.16
168.94	160.86
172.08	160.86
172.78	125.16
174.81	125.16
177.88	125.16
179.25	45.86
181.09	45.86
182.76	45.86
183.5	135.09
184.25	134.8
185.32	95.9
186.89	39.52
189.47	39.52
189.75	209.31
190.44	209.31
191.15	49.33
193.8	49.33
195.69	49.33
198.88	54.17
199.48	63.71
201.48	104.42
202.63	144.99
202.8	42.51
204.93	42.51
206.62	42.51
206.72	7.72
208.58	7.72
211.14	7.72
214.35	209.23
215.8	133.82
216.31	133.82
217.59	109.37
220.02	109.37
222.65	109.37
223.11	195.99
226.52	195.99
229.8	93.16
230.67	186.74
234.13	186.74
235.84	186.74
236.36	193.37
239.13	193.37
242.62	171.8
243.66	135.9
244.02	135.9
244.83	135.9
246.39	68.8
247.28	68.8
248.08	68.8
249.09	191.91
252.54	191.91
