1.13	60.32
1.78	210.24
2.13	170.35
4.69	170.35
5.21	170.35
6.43	45.81
7.48	45.81
10.87	45.81
11.97	37.42
14.3	37.42
16.03	37.42
17.07	12.45
18.7	12.45
22.06	12.45
25.15	113.47
26.93	113.47
29.23	162.91
30.08	162.91
32.4	162.91
35.61	140.13
38.24	75.21
39.37	75.21
41.37	64.92
43.61	64.92
45.52	18.23
47.74	18.23
49.58	42.77
50.89	162.89
52.43	197.12
54.82	72.66
57.06	72.66
58.01	72.66
61.38	160.82
62.79	160.82
63.58	160.82
65.75	51.7
68.99	59.08
70.43	59.08
71.36	87.45
73.19	87.45
73.61	87.45
75.25	150.19
77.08	150.19
77.42	134.3
80.51	3.06
83.0	3.06
85.93	3.06
87.83	27.8
91.21	6.92
91.65	6.92
93.47	6.92
96.92	190.39
98.32	190.39
98.48	190.39
100.09	31.64
100.44	189.89
101.32	189.89
104.45	189.89
106.43	77.64
109.15	77.64
109.46	77.64
109.61	147.69
111.73	147.69
113.52	147.69
115.87	61.78
116.64	61.78
117.35	61.78
119.9	179.9
121.97	201.59
122.31	204.88
123.19	204.88
124.26	211.32
124.58	211.32
126.79	211.32
128.62	154.11
130.89	154.11
133.03	154.11
133.9	54.43
137.3	54.43
139.3	54.43
140.94	196.61
142.74	154.74
145.07	154.74
147.63	154.74
150.93	172.84
151.07	172.84
153.52	172.84
155.61	111.41
157.32	111.41
157.98	134.05
159.97	134.05
162.92	134.05
163.11	86.77
165.0	86.77
168.12	86.77
169.34	160.5
169.74	129.74
171.85	138.76
173.03	138.76
174.75	27.92
175.06	27.92
175.59	27.92
178.4	111.17
178.81	111.17
181.13	111.17
184.61	143.93
185.14	143.93
185.9	143.93
189.3	145.93
190.73	145.93
192.04	145.93
192.59	87.38
193.14	87.38
194.27	87.38
195.31	51.64
197.36	166.53
198.25	166.53
201.5	130.14
202.32	130.14
203.0	130.14
205.99	95.85
207.94	95.85
209.14	95.85
211.11	192.48
212.48	192.48
214.74	192.48
216.01	143.02
217.49	143.02
219.23	143.02
221.85	71.22
222.7	71.22
225.96	188.92
227.84	188.92
230.99	24.76
234.31	43.28
236.91	43.28
238.62	43.28
239.07	78.81
240.33	78.81
241.62	78.81
245.07	28.43
246.95	28.43
247.88	93.95
248.71	69.77
249.35	69.77
249.67	58.65
250.31	7.4
