1.03	2.19
4.09	2.19
5.46	132.37
6.03	132.37
8.16	132.37
8.39	149.12
9.05	170.42
9.31	170.42
10.26	170.42
13.17	51.51
16.66	49.94
19.51	96.48
19.62	96.48
20.51	96.48
21.21	64.46
23.39	64.46
25.32	198.5
26.71	54.45
27.2	21.33
28.28	21.33
29.59	144.21
29.96	144.21
31.77	144.21
34.15	3.93
37.39	178.79
39.61	178.79
39.99	178.79
42.33	78.9
44.11	51.2
46.7	51.2
48.24	18.62
49.23	18.62
50.15	22.01
53.16	136.19
55.93	136.19
56.38	136.19
59.58	138.99
60.7	139.4
61.35	139.4
64.0	139.4
66.23	160.71
67.77	160.71
68.57	207.53
71.53	177.39
73.1	196.59
76.14	196.59
79.26	143.96
82.65	143.96
85.46	69.44
87.09	17.87
90.13	169.13
92.59	169.13
94.29	156.46
97.46	156.46
100.26	156.46
102.46	12.6
105.96	12.6
108.18	195.11
111.43	195.11
111.91	146.71
113.32	146.71
115.65	81.42
118.11	81.42
120.26	81.42
122.36	104.17
123.47	57.19
125.11	57.19
127.26	69.72
129.24	201.4
132.36	25.84
132.86	63.49
135.22	63.49
137.3	186.28
140.68	186.28
142.0	186.28
144.86	34.61
147.32	34.61
150.56	196.65
150.98	196.65
153.98	49.91
154.09	49.91
155.51	116.45
157.42	153.1
160.12	153.1
162.82	153.1
163.94	85.43
165.17	85.43
167.78	33.39
169.04	159.64
170.96	159.64
171.56	159.64
172.2	116.36
174.47	207.02
177.53	207.02
180.12	112.5
183.37	112.5
186.62	51.71
189.29	54.64
192.39	54.64
193.12	54.64
194.13	149.51
196.5	174.84
198.28	141.11
200.69	141.11
201.81	90.18
204.22	90.18
205.84	53.91
208.09	53.91
208.49	53.91
210.68	115.8
211.27	115.8
211.55	184.66
213.73	23.54
216.5	23.54
218.14	173.81
220.72	173.81
221.61	173.81
222.16	6.84
224.8	6.53
225.21	6.53
226.04	6.53
229.41	135.99
230.44	135.99
232.03	135.99
232.5	34.39
235.97	192.31
237.04	78.69
240.2	126.55
243.53	126.55
246.17	126.55
246.59	60.93
247.11	190.98
247.71	190.98
251.05	190.98
