0.83	81.74
3.25	166.55
5.24	28.53
6.12	155.64
6.96	155.64
10.46	155.64
12.2	103.73
13.29	108.86
15.93	192.86
17.02	192.86
19.34	166.46
19.88	166.46
21.67	166.46
23.98	169.25
25.2	169.25
26.55	169.25
27.07	17.46
27.69	44.44
29.83	44.44
30.07	44.44
32.61	49.4
32.99	49.4
33.56	130.27
36.66	130.27
37.79	130.27
40.36	53.74
41.19	135.84
44.67	146.41
47.42	83.62
49.55	86.11
52.84	86.11
53.68	48.48
56.25	48.48
56.63	48.48
58.35	98.74
61.44	98.74
64.17	98.74
66.0	11.73
69.16	11.73
71.7	11.73
74.64	208.62
77.0	208.62
79.19	208.62
79.33	24.06
79.96	24.06
82.78	24.06
83.09	60.72
86.23	148.12
86.95	129.4
87.29	169.43
89.34	169.43
92.74	150.47
93.06	150.47
96.32	54.19
96.97	44.11
100.03	44.11
100.32	44.11
102.17	168.62
103.65	168.62
104.23	182.25
106.01	182.25
109.0	182.25
110.08	43.86
112.89	43.86
115.51	43.86
117.87	198.16
120.73	198.16
122.44	136.95
125.01	136.95
126.52	136.95
128.59	150.42
131.15	150.42
134.5	150.42
136.99	54.07
137.13	168.49
139.01	197.97
142.48	124.56
145.43	166.63
147.92	166.63
150.18	166.63
153.48	174.6
154.77	174.6
156.31	150.97
157.53	200.81
159.44	200.81
162.08	150.6
163.74	150.6
167.19	50.17
167.64	50.17
168.96	50.17
171.49	86.99
172.58	193.02
174.71	193.02
177.13	104.06
178.32	104.06
181.3	104.06
181.68	73.96
183.37	73.96
185.26	73.96
186.2	200.61
188.53	68.95
190.89	68.95
191.87	119.95
192.21	119.95
194.22	119.95
196.23	119.31
198.06	11.2
201.36	11.2
201.95	184.94
204.12	184.94
204.35	184.94
206.02	4.02
209.35	4.02
209.51	4.02
211.02	204.19
214.26	204.19
215.71	204.19
216.3	5.27
217.05	5.27
218.91	150.17
221.41	150.17
221.52	186.27
224.55	186.27
224.87	186.27
226.81	112.88
230.02	65.01
231.6	65.01
232.68	104.22
234.79	104.22
234.94	76.28
238.2	76.28
239.67	187.9
242.84	187.9
244.8	187.9
246.66	39.85
247.44	39.85
250.25	195.9
