2.14	167.86
5.09	208.52
6.18	177.6
8.15	194.98
10.92	194.98
11.9	194.98
12.03	9.89
13.83	9.89
14.37	114.37
15.8	114.37
16.36	212.72
18.33	126.44
20.51	48.25
21.68	103.5
23.07	103.5
24.91	103.5
25.48	116.19
28.26	116.19
31.17	116.19
33.46	121.42
35.9	121.42
36.62	121.42
38.41	144.54
40.58	144.54
43.87	143.12
44.74	143.12
46.12	143.12
48.01	151.06
49.98	151.06
50.32	151.06
52.25	190.44
54.15	190.44
55.94	86.76
57.03	86.76
58.69	104.48
59.99	104.48
62.91	38.0
64.77	38.0
67.48	38.0
68.43	86.53
70.2	86.53
73.26	44.54
74.85	44.54
75.65	186.42
78.03	186.42
79.11	147.61
82.12	147.61
83.54	147.61
84.28	36.13
84.67	16.32
85.13	25.66
86.82	25.66
87.19	136.14
88.62	136.14
91.99	136.14
92.29	78.74
95.61	51.22
95.86	51.22
98.23	192.67
99.65	192.67
101.62	192.67
102.66	135.13
104.67	135.13
106.52	13.29
108.61	13.29
112.0	13.29
114.09	18.18
115.87	18.18
116.34	18.18
119.72	60.66
122.34	198.39
124.69	198.39
125.28	12.37
125.73	12.37
126.28	12.37
129.48	170.52
131.33	170.52
134.54	170.52
135.43	166.25
136.42	166.25
138.98	32.97
141.81	32.97
143.98	36.12
145.63	36.12
146.34	36.12
149.02	61.21
150.17	73.18
152.6	181.3
154.6	159.37
156.84	46.01
158.43	150.44
158.95	22.75
162.26	22.75
164.63	22.75
165.32	148.91
167.68	148.91
169.25	61.12
171.48	61.12
173.42	61.12
175.49	23.07
177.3	72.06
180.3	72.06
182.14	107.89
182.76	107.89
183.89	107.89
184.15	150.61
184.63	75.18
185.59	151.44
187.31	151.44
190.46	92.81
192.53	92.81
195.01	112.27
196.22	112.27
199.27	112.27
201.05	45.54
204.39	32.72
206.16	32.72
208.05	160.36
210.76	67.46
213.18	67.46
214.19	67.46
215.23	177.73
216.66	208.21
218.48	160.59
221.77	145.24
224.61	145.24
227.53	34.31
229.19	34.31
232.2	135.67
235.21	135.67
237.1	85.27
239.67	85.27
242.75	122.74
244.24	122.74
245.64	122.74
245.8	115.05
246.97	115.05
247.6	115.05
249.47	116.2
252.76	116.2
