1.43	67.95
1.57	55.58
3.94	55.58
4.51	55.58
6.87	121.08
7.62	51.73
10.62	73.1
11.72	73.1
11.85	73.1
13.88	143.43
16.39	143.43
19.58	143.43
22.63	3.18
24.35	3.18
27.24	15.2
28.68	144.62
31.29	73.47
34.09	73.47
35.36	73.47
37.32	76.47
37.47	76.47
40.75	48.61
43.86	48.61
46.55	48.61
50.04	46.23
53.26	80.41
56.68	80.41
59.49	157.66
61.48	113.27
61.7	113.27
64.52	81.17
66.72	81.17
67.25	204.1
69.85	163.79
71.66	163.79
74.99	163.79
75.4	116.03
77.25	116.03
79.12	116.03
81.05	210.5
83.69	53.61
85.47	53.61
87.37	113.63
89.57	113.63
91.88	12.08
93.03	121.23
96.09	106.41
96.29	180.8
98.09	180.8
99.21	180.8
102.26	203.79
105.51	203.79
106.81	203.79
108.18	5.34
108.33	5.34
111.69	5.34
113.07	8.43
114.65	8.43
117.63	8.43
117.86	190.11
119.61	190.11
122.96	190.11
123.35	22.21
124.37	22.21
124.72	22.21
127.6	209.95
130.45	184.2
132.87	148.44
135.58	148.44
138.33	148.44
141.23	188.22
141.63	188.22
143.97	188.22
146.52	164.59
149.88	164.59
152.21	164.59
155.2	196.19
158.24	59.13
159.9	114.57
162.05	92.6
165.25	92.6
167.09	146.49
170.09	146.49
172.44	146.49
175.78	187.75
177.73	187.75
178.6	187.75
179.58	21.24
180.44	98.7
182.47	98.7
184.46	98.7
185.53	148.5
186.82	148.5
189.6	148.5
191.19	141.35
192.88	163.74
193.95	81.59
194.17	212.8
196.6	212.8
198.21	212.8
200.59	127.46
202.97	91.66
205.01	91.66
207.79	22.94
208.56	22.94
209.81	22.94
212.88	164.67
213.88	164.67
215.66	164.67
217.19	50.37
217.59	79.19
218.04	183.97
219.66	183.97
222.65	183.97
224.13	80.66
226.27	80.66
227.78	80.66
230.51	44.6
233.86	44.6
237.31	95.78
238.54	95.78
241.81	92.65
243.41	92.65
244.49	102.42
245.06	156.06
247.25	63.41
249.91	63.41
253.03	63.41
