2.56	150.1
3.29	150.1
6.0	80.68
8.68	80.68
11.83	83.96
13.09	83.96
14.32	83.96
16.6	137.34
16.79	180.71
18.26	180.71
21.19	180.71
21.75	132.69
22.56	148.82
25.76	148.82
26.36	205.06
27.37	205.06
29.97	205.06
31.11	34.29
33.53	34.29
34.84	34.29
37.0	53.88
38.12	53.88
40.58	166.43
40.68	1.23
42.11	1.23
43.57	173.55
46.16	173.55
47.74	173.55
51.18	2.66
53.42	2.66
53.77	30.51
56.67	30.51
57.98	128.99
58.18	128.99
61.05	23.76
62.13	23.76
64.7	70.78
67.82	70.78
69.4	70.78
72.01	130.43
74.64	149.39
76.09	149.39
77.41	149.39
80.61	184.6
81.17	184.6
84.44	184.6
84.58	150.75
87.21	150.75
88.89	181.15
91.23	181.15
92.44	181.15
95.67	48.39
97.47	48.39
100.14	48.39
103.46	119.92
104.05	119.92
107.04	40.44
110.34	90.69
112.89	36.35
115.86	121.67
117.29	77.76
120.07	77.76
123.1	208.91
124.0	168.71
124.43	168.71
125.22	13.0
127.48	13.0
130.03	13.0
130.77	64.18
132.15	131.54
135.4	18.04
138.32	18.04
140.19	18.04
140.86	187.73
143.12	187.73
144.62	154.53
144.91	154.53
146.88	41.94
148.61	41.94
149.36	41.94
150.58	11.27
151.15	11.27
154.0	11.27
154.88	60.61
155.25	60.61
157.62	60.61
158.49	209.98
161.88	72.74
163.74	124.73
166.81	124.73
168.2	124.73
169.21	61.82
170.56	61.82
172.41	61.82
175.15	106.24
175.99	106.24
176.42	42.82
178.77	192.67
179.12	192.67
180.19	49.14
181.73	64.0
182.34	64.0
183.18	99.34
183.96	99.34
187.13	99.34
188.09	51.39
190.2	51.39
192.45	193.45
194.83	193.45
195.58	162.2
197.41	162.2
200.07	0.34
200.53	0.34
202.47	150.75
203.1	150.75
205.69	207.42
206.6	207.42
207.92	32.66
209.43	32.66
210.8	32.66
212.98	5.72
213.65	5.72
217.11	62.72
220.0	62.72
222.07	62.72
225.53	66.02
228.8	66.02
231.54	65.93
233.45	65.93
234.49	183.26
235.62	198.09
236.25	198.09
237.97	160.91
239.05	14.78
241.08	14.78
244.37	140.33
245.95	140.33
247.86	65.77
250.75	200.54
