2.61	51.31
4.77	51.31
6.77	180.71
9.6	115.08
9.98	115.08
11.7	115.08
14.62	205.04
14.77	170.39
17.91	170.39
20.32	170.39
22.66	179.95
24.87	179.95
26.69	30.99
29.44	30.99
29.76	23.66
31.11	23.66
31.36	91.8
33.76	19.17
36.92	69.87
39.43	51.56
40.85	51.56
43.82	220.81
46.72	220.81
50.06	4.32
51.6	227.92
52.63	168.44
54.48	139.1
57.33	139.1
58.87	54.43
60.55	166.09
64.04	166.09
67.23	166.09
69.58	164.31
70.16	164.31
71.78	164.31
75.25	187.44
76.71	187.44
77.43	187.44
80.56	185.6
83.35	119.36
84.48	119.36
87.38	119.36
88.2	28.18
90.52	28.43
91.41	141.07
93.34	141.07
96.23	141.07
97.44	82.26
98.49	82.26
98.97	82.26
100.85	71.42
104.26	71.42
106.64	71.42
108.32	190.74
109.99	190.74
110.54	190.74
112.92	226.36
115.43	166.5
115.56	166.5
116.51	166.5
118.51	166.37
121.6	166.37
121.84	74.03
123.46	74.03
124.78	143.75
125.13	143.75
125.54	143.75
127.8	113.38
130.66	113.38
131.26	159.73
133.95	45.78
134.52	158.42
137.8	193.68
139.58	193.68
141.16	193.68
142.5	141.86
145.15	141.86
147.02	78.47
149.52	78.47
150.08	49.3
150.89	49.3
151.65	18.85
154.32	18.85
155.54	18.85
156.33	45.77
156.47	100.04
158.37	100.04
161.33	100.04
162.88	84.49
164.08	84.49
166.78	84.49
169.52	153.44
170.02	153.44
173.51	153.44
176.97	42.11
179.83	126.88
182.04	18.98
183.64	18.98
186.49	131.67
189.59	186.53
192.91	186.53
195.16	102.59
195.86	102.59
198.68	174.78
199.64	174.78
200.18	174.78
201.16	66.88
201.49	66.88
202.19	66.88
205.06	160.7
206.85	160.7
209.78	64.41
210.43	64.41
212.98	64.41
213.48	79.6
214.09	79.6
216.34	79.6
217.01	7.96
220.3	7.96
221.51	7.96
222.8	68.14
223.83	203.68
225.92	203.68
226.96	226.78
227.88	226.78
228.79	86.5
229.79	86.5
232.71	88.81
235.8	205.76
236.23	205.76
237.89	205.76
240.38	98.38
243.61	1.39
244.57	1.39
247.23	1.39
250.46	31.76
