1.03	21.1
4.41	21.1
4.9	173.32
6.27	173.32
8.56	172.58
11.06	172.58
12.66	172.58
12.89	71.22
14.27	71.22
16.51	20.27
17.38	20.27
20.35	214.24
21.99	214.24
24.06	214.24
24.57	58.18
27.47	152.62
27.81	205.19
29.01	205.19
31.68	54.29
32.22	54.29
34.23	54.29
34.67	25.56
37.14	25.56
39.16	25.56
42.18	185.27
43.33	185.27
46.44	185.27
46.69	71.86
48.32	71.86
50.03	71.86
50.32	168.82
51.56	168.82
52.33	168.82
52.5	157.19
52.86	174.79
53.98	157.17
56.68	157.17
57.11	26.64
59.73	26.64
62.08	159.32
65.2	159.32
67.24	72.47
69.07	72.47
71.12	72.47
71.39	48.88
74.33	48.88
74.75	48.88
75.65	59.71
76.44	59.71
79.62	59.71
80.74	171.95
82.77	171.95
84.39	56.86
85.37	56.86
86.63	176.43
89.38	144.87
89.7	144.87
91.69	144.87
92.55	1.57
93.93	1.57
95.39	1.57
95.86	229.76
98.26	229.76
98.36	28.51
98.52	28.51
100.24	28.51
102.54	135.17
104.37	158.93
107.78	158.93
109.98	158.93
111.69	133.31
113.12	133.31
114.06	136.86
116.64	226.78
119.98	157.13
120.2	157.13
120.93	180.33
121.72	180.33
124.55	180.33
126.92	82.22
129.42	82.22
132.81	82.22
135.35	20.61
137.82	171.19
138.09	171.19
140.75	171.19
143.85	53.83
146.3	53.83
147.81	53.83
150.0	43.78
151.43	43.78
153.27	177.88
154.07	213.23
156.62	213.23
158.07	213.23
159.51	108.56
160.87	108.56
163.66	108.56
164.39	154.82
167.27	154.82
170.73	64.24
173.4	81.71
176.22	201.22
176.7	201.22
176.93	50.79
179.42	9.62
180.37	9.62
181.58	186.22
184.9	186.22
185.57	186.22
186.28	18.98
189.19	18.98
189.55	183.28
190.38	46.74
192.05	46.74
195.19	46.74
195.8	56.18
198.99	56.18
199.44	9.62
202.09	9.62
203.87	80.72
205.77	47.09
207.38	47.09
209.07	105.79
209.37	105.79
212.01	105.79
212.75	152.05
213.1	152.05
214.29	123.67
215.87	123.67
216.33	123.67
218.63	116.48
222.12	116.48
223.86	160.81
224.81	160.81
225.18	160.81
227.62	146.44
230.56	146.44
232.94	146.44
234.77	32.75
235.04	127.35
236.85	174.51
238.05	174.51
239.01	174.51
239.13	129.16
241.55	129.16
241.91	129.16
244.08	155.25
246.08	155.25
248.29	155.25
251.33	224.89
