2.31	98.22
5.03	230.2
7.04	230.2
9.31	150.25
12.44	150.25
14.62	145.71
15.07	145.71
18.34	116.36
21.83	36.6
24.48	36.6
25.23	159.01
26.34	213.93
28.71	188.55
31.0	47.36
34.4	86.65
34.54	86.65
35.81	86.65
38.48	81.46
40.13	81.46
41.18	81.46
42.54	186.47
45.57	121.22
46.68	228.29
49.86	228.29
50.9	228.29
52.34	129.61
54.76	129.61
57.08	129.61
58.21	174.27
59.7	130.09
62.5	130.09
63.93	202.1
66.74	220.47
67.25	53.71
68.37	53.71
69.08	53.71
71.53	87.37
72.3	87.37
74.24	108.84
77.36	77.0
77.75	228.46
79.55	22.37
82.37	74.39
83.2	74.39
84.31	74.39
87.14	199.02
87.32	199.02
90.28	53.26
90.62	53.26
92.56	53.26
94.07	204.02
95.77	50.74
96.33	50.74
97.51	50.74
100.39	126.76
102.19	178.63
103.07	107.1
103.37	107.1
103.59	107.1
103.74	184.76
104.0	184.76
104.83	184.76
105.92	171.53
108.59	171.53
110.79	171.53
113.0	24.21
115.87	24.21
118.06	24.21
121.05	80.25
122.0	80.25
124.64	169.86
127.48	217.14
130.8	217.14
132.72	13.91
135.31	13.91
136.6	13.91
138.25	224.43
139.36	224.43
140.63	120.64
142.3	120.64
145.51	134.45
148.29	134.45
148.81	58.68
149.14	57.15
149.53	183.72
150.63	183.72
152.54	180.04
152.78	180.04
153.6	180.04
155.58	9.64
158.06	104.91
160.66	104.91
160.99	156.04
162.36	156.04
164.96	29.61
166.32	219.67
169.33	219.67
170.32	229.14
172.29	6.38
175.18	132.11
175.45	132.11
175.99	196.12
177.92	196.12
180.43	196.12
183.8	77.12
186.38	168.27
187.63	168.27
187.73	168.27
191.09	202.96
193.47	202.96
196.63	202.96
199.94	12.57
200.43	43.74
202.91	147.33
205.91	147.33
209.25	147.33
210.42	107.82
212.92	107.82
215.56	107.82
218.23	115.53
218.59	115.53
220.38	189.01
223.85	189.01
224.97	192.63
227.93	192.63
230.33	192.63
233.58	139.24
235.8	158.48
237.35	158.48
238.69	158.48
241.16	41.68
244.37	41.68
247.82	167.64
249.25	167.64
249.56	126.13
250.43	126.13
