1.92	81.75
4.36	81.75
4.57	82.36
4.73	82.36
8.1	57.89
8.43	51.27
11.36	198.81
11.72	198.81
13.78	163.45
15.92	163.45
19.25	230.19
21.23	179.34
24.16	91.7
25.83	8.06
28.54	8.06
31.77	174.15
33.22	174.15
36.67	174.15
37.17	199.4
40.36	18.13
43.59	187.88
45.56	79.0
47.73	86.72
50.86	86.72
51.59	64.38
52.01	64.38
52.97	60.37
55.96	60.37
56.89	147.04
59.95	77.95
62.99	224.87
63.44	224.87
64.69	50.07
66.05	125.42
68.37	125.42
71.71	125.42
72.47	137.2
75.27	137.2
76.46	137.2
78.03	39.56
78.25	39.56
78.44	39.56
80.49	59.9
83.95	59.9
85.76	37.97
86.33	37.97
88.05	71.14
90.42	138.86
92.98	138.86
94.78	138.86
95.37	78.08
96.62	78.08
97.08	78.08
98.58	109.02
101.26	109.02
101.48	144.09
104.65	144.09
105.69	144.09
108.95	93.65
109.72	93.65
110.25	171.38
111.52	171.38
114.2	171.38
114.76	109.68
117.41	109.68
117.59	109.68
117.95	147.0
119.01	147.0
120.18	166.32
120.85	166.32
121.95	166.32
122.7	159.64
123.3	159.64
124.69	159.64
126.47	33.78
128.02	33.78
129.91	33.78
131.43	201.86
132.45	201.86
134.37	74.38
137.66	74.38
137.8	175.42
138.79	175.42
141.12	175.42
144.09	70.2
145.99	70.2
146.98	70.2
148.88	206.11
150.08	206.11
152.03	206.11
154.73	92.77
155.71	92.77
157.81	227.73
160.96	64.91
163.79	64.91
166.7	64.91
168.58	61.41
169.89	61.41
170.05	111.98
172.46	111.98
174.59	111.98
177.17	186.99
180.43	186.99
182.48	186.99
183.63	194.59
185.31	194.59
188.24	194.59
190.1	15.92
191.59	80.48
191.82	80.48
193.86	73.46
197.06	73.46
197.2	207.69
200.08	207.69
201.63	5.42
203.83	5.42
204.11	5.42
204.6	93.43
206.83	93.43
208.9	87.64
212.06	87.64
214.13	87.64
215.25	22.88
217.51	22.88
217.65	22.88
219.69	108.54
220.12	108.54
221.75	108.54
222.95	202.49
226.18	202.49
227.86	202.49
229.15	74.0
232.63	74.0
233.85	74.0
236.09	154.86
236.59	154.86
237.25	154.86
238.58	46.55
240.27	46.55
243.08	123.93
246.32	104.31
248.03	104.31
248.99	104.31
251.27	166.6
