3.45	89.35
4.7	89.35
5.6	78.8
6.22	78.8
8.4	126.79
8.67	5.62
11.55	5.62
13.87	5.62
16.1	150.14
19.24	150.14
19.47	59.14
20.16	59.14
21.41	0.45
23.68	0.45
24.72	0.45
25.81	94.03
28.4	94.03
28.98	71.37
29.95	71.37
31.16	71.37
34.2	14.18
35.61	14.18
36.46	14.18
37.89	3.08
39.83	182.65
43.08	182.65
43.5	26.35
43.96	26.35
47.31	177.38
48.92	177.38
49.32	104.03
51.79	104.03
55.1	67.22
55.82	31.35
58.89	31.35
59.7	174.21
60.02	174.21
61.68	203.68
62.41	203.68
63.16	203.68
66.24	51.44
68.92	51.44
69.08	51.44
71.79	84.83
72.77	84.83
75.3	149.14
76.65	149.14
78.34	149.14
80.65	205.15
81.35	205.15
83.52	29.27
85.89	29.27
86.07	29.27
89.42	4.49
91.44	169.06
92.78	23.51
95.42	23.51
96.8	58.4
97.68	58.4
98.68	31.08
101.37	31.08
101.7	179.83
104.09	179.83
104.59	195.38
104.82	29.39
106.06	29.39
109.52	29.39
111.48	211.08
112.68	211.08
114.6	199.54
115.18	199.54
115.74	25.13
116.81	36.79
119.99	36.79
121.46	36.79
124.37	134.18
127.58	205.62
130.44	205.62
132.81	156.77
133.78	138.51
136.34	101.26
137.07	101.26
140.48	101.26
140.84	103.23
141.09	224.58
142.27	224.58
143.0	208.33
143.77	208.33
145.62	208.33
147.87	175.88
148.08	175.88
151.21	153.39
152.32	153.39
155.54	169.2
158.19	169.2
160.28	169.2
162.99	225.56
165.24	225.56
165.73	225.56
166.12	159.17
166.29	159.17
168.69	159.17
169.09	93.38
169.63	93.38
170.35	93.38
171.32	110.02
174.36	37.69
175.19	37.69
178.61	215.32
180.47	215.32
181.88	215.32
182.85	78.98
184.7	78.98
187.48	78.98
190.51	116.06
192.19	127.49
194.16	127.49
195.16	127.49
197.77	65.84
198.14	65.84
200.95	65.84
204.08	177.4
207.33	177.4
208.5	177.4
209.12	42.54
212.48	42.54
213.78	42.54
216.81	209.65
219.84	209.65
222.4	163.97
224.39	215.91
225.3	215.91
227.74	80.74
227.9	80.74
229.6	80.74
230.39	63.65
233.15	63.65
236.32	63.65
239.39	86.83
239.51	86.83
240.9	176.75
241.5	20.3
242.55	144.15
244.38	163.16
246.23	170.84
248.04	170.84
251.46	170.84
