0.37	7.34
1.33	138.69
4.23	138.69
5.35	138.69
7.81	53.22
8.47	167.04
10.93	167.04
11.67	144.78
12.04	85.79
14.09	130.12
14.84	130.12
16.87	130.12
20.23	191.75
21.62	191.75
23.88	191.75
27.16	79.18
30.51	79.18
33.04	79.18
35.16	20.27
37.97	136.37
38.82	136.37
39.36	173.11
40.53	23.65
40.83	23.65
41.47	23.65
44.19	20.34
46.46	15.77
47.42	98.13
50.02	98.13
52.71	227.31
55.84	227.31
59.06	227.31
62.19	60.77
63.77	60.77
66.53	60.77
68.75	173.12
69.86	173.12
72.33	173.12
73.04	183.68
75.73	229.0
76.36	2.96
79.59	2.96
81.26	124.74
83.81	50.97
84.04	48.63
85.68	36.45
86.51	36.45
88.27	36.45
88.6	162.03
91.05	162.03
93.73	162.03
94.37	124.41
96.31	17.5
97.45	67.09
100.13	67.09
102.92	67.09
103.35	168.88
106.78	168.88
107.42	168.88
107.63	39.75
110.8	39.75
113.16	129.77
115.66	129.77
118.53	142.53
121.27	142.53
122.03	142.53
124.86	91.16
128.18	91.16
128.89	91.16
131.47	186.17
134.79	186.17
135.55	8.39
136.34	8.39
136.74	8.39
136.85	162.74
137.4	162.74
138.88	162.74
139.56	214.74
141.07	214.74
144.03	214.74
147.12	66.13
148.58	66.13
151.56	162.46
154.83	2.65
155.44	113.33
158.17	113.33
158.37	86.37
159.37	86.37
162.56	160.08
164.7	81.59
166.83	81.59
170.22	185.73
171.64	75.64
173.92	130.46
174.44	142.4
174.68	142.4
175.56	142.4
177.46	78.17
179.85	78.17
182.49	78.17
183.96	2.43
187.28	2.43
190.24	148.81
191.07	178.12
191.55	178.12
192.49	164.75
192.72	32.99
195.43	32.99
197.99	88.17
198.86	88.17
198.99	163.05
201.72	163.05
202.75	163.05
205.5	102.57
206.21	94.11
208.56	94.11
211.84	143.66
213.19	143.66
213.81	143.66
217.03	16.4
219.75	16.4
221.84	16.4
222.26	128.81
223.53	128.81
226.59	85.79
228.56	167.28
229.17	167.28
230.29	41.88
233.21	149.97
233.99	153.35
235.21	153.35
237.53	139.99
238.77	139.99
239.52	9.48
242.43	229.09
243.41	41.23
245.76	41.23
245.89	180.69
248.73	157.36
248.88	211.2
249.65	211.2
252.69	211.2
