1.93	213.3
3.06	67.17
3.73	179.73
4.94	68.57
7.3	148.38
9.62	52.19
10.07	52.19
12.03	65.96
13.79	65.96
15.15	65.96
18.08	159.83
19.65	174.97
22.0	174.97
23.18	206.44
24.74	111.15
27.99	64.42
30.59	160.15
33.58	160.15
34.92	160.15
36.16	143.48
39.27	32.98
41.13	32.98
44.39	80.09
45.66	80.09
48.16	80.09
49.24	158.27
51.18	158.27
52.09	158.27
53.39	27.06
56.55	27.06
58.89	27.06
59.27	149.32
62.6	140.19
62.95	148.4
63.33	148.4
65.81	148.4
67.26	166.37
67.58	166.37
69.86	79.35
72.79	79.35
74.3	169.11
77.58	169.11
79.02	169.11
82.1	5.89
82.83	5.89
84.69	36.43
86.72	36.43
88.6	36.43
89.54	54.71
90.27	54.71
92.69	54.71
94.16	48.79
95.27	99.89
95.51	143.51
96.68	82.89
99.93	181.5
102.88	181.5
106.24	181.5
107.77	68.1
109.77	222.78
110.89	222.78
112.45	222.78
113.56	22.02
116.24	6.54
119.4	6.54
120.43	6.54
121.15	125.99
121.76	16.2
124.55	104.99
127.76	123.35
130.25	123.35
130.72	98.49
133.15	0.77
135.8	192.0
136.66	192.0
136.96	192.0
139.26	105.14
139.72	105.14
142.18	173.27
142.92	173.27
145.15	127.88
148.12	127.88
149.87	65.85
151.62	65.85
153.3	152.08
155.64	152.08
157.0	152.08
157.6	115.06
158.39	115.06
160.69	114.51
161.32	114.51
163.48	46.0
166.54	46.0
168.23	46.0
171.19	27.63
172.93	150.86
173.42	150.86
176.47	183.12
178.51	9.23
178.89	9.23
181.34	9.23
182.67	61.35
184.61	61.35
187.28	61.35
189.79	161.76
190.13	161.76
193.08	161.76
194.17	41.64
195.98	53.98
196.87	53.98
199.55	53.98
199.95	83.99
202.94	75.84
204.23	120.25
206.93	120.25
209.56	120.25
210.81	158.06
212.94	177.64
214.4	177.64
216.72	104.91
220.11	104.91
221.41	182.9
221.62	13.93
222.83	169.51
226.13	155.78
229.28	155.78
232.12	77.84
233.67	77.84
235.9	77.84
239.33	119.78
241.4	119.78
242.28	119.78
243.12	73.74
243.46	73.74
243.9	202.94
247.24	215.55
250.32	215.55
