0.83	88.64
3.25	180.62
5.24	30.93
6.12	168.79
6.96	168.79
10.46	168.79
12.2	112.49
13.29	118.05
15.93	209.16
17.02	209.16
19.34	180.52
19.88	180.52
21.67	180.52
23.98	183.55
25.2	183.55
26.55	183.55
27.07	18.92
27.69	48.18
29.83	48.18
30.07	48.18
32.61	53.57
32.99	53.57
33.56	141.27
36.66	141.27
37.79	141.27
40.36	58.27
41.19	147.32
44.67	158.78
47.42	90.68
49.55	93.38
52.84	93.38
53.68	52.56
56.25	52.56
56.63	52.56
58.35	107.07
61.44	107.07
64.17	107.07
66.0	12.7
69.16	12.7
71.7	12.7
74.64	226.25
77.0	226.25
79.19	226.25
79.33	26.08
79.96	26.08
82.78	26.08
83.09	65.83
86.23	160.63
86.95	140.33
87.29	183.75
89.34	183.75
92.74	163.18
93.06	163.18
96.32	58.75
96.97	47.83
100.03	47.83
100.32	47.83
102.17	182.87
103.65	182.87
104.23	197.65
106.01	197.65
109.0	197.65
110.08	47.55
112.89	47.55
115.51	47.55
117.87	214.91
120.73	214.91
122.44	148.51
125.01	148.51
126.52	148.51
128.59	163.13
131.15	163.13
134.5	163.13
136.99	58.63
137.13	182.73
139.01	214.7
142.48	135.08
145.43	180.71
147.92	180.71
150.18	180.71
153.48	189.35
154.77	189.35
156.31	163.73
157.53	217.78
159.44	217.78
162.08	163.32
163.74	163.32
167.19	54.4
167.64	54.4
168.96	54.4
171.49	94.34
172.58	209.33
174.71	209.33
177.13	112.85
178.32	112.85
181.3	112.85
181.68	80.2
183.37	80.2
185.26	80.2
186.2	217.56
188.53	74.76
190.89	74.76
191.87	130.07
192.21	130.07
194.22	130.07
196.23	129.39
198.06	12.13
201.36	12.13
201.95	200.57
204.12	200.57
204.35	200.57
206.02	4.34
209.35	4.34
209.51	4.34
211.02	221.44
214.26	221.44
215.71	221.44
216.3	5.7
217.05	5.7
218.91	162.86
221.41	162.86
221.52	202.01
224.55	202.01
224.87	202.01
226.81	122.41
230.02	70.49
231.6	70.49
232.68	113.02
234.79	113.02
234.94	82.71
238.2	82.71
239.67	203.77
242.84	203.77
244.8	203.77
246.66	43.2
247.44	43.2
250.25	212.45
