1.93	9.95
2.09	9.95
3.49	75.08
5.26	203.85
7.65	203.85
8.51	186.92
11.09	186.92
11.75	209.9
14.31	146.12
17.71	146.12
18.69	194.24
19.66	194.24
19.96	194.24
22.41	149.45
23.41	33.87
24.0	33.87
24.47	33.87
24.64	187.34
27.85	201.6
28.49	201.6
31.58	110.91
32.15	110.91
34.28	110.91
34.83	130.58
37.03	36.72
38.15	203.18
39.0	201.62
42.23	136.66
43.44	136.66
43.54	147.74
44.8	147.74
46.27	87.15
48.37	87.15
49.18	139.21
52.67	139.21
55.33	193.45
57.84	193.45
60.32	95.46
61.06	112.37
62.66	92.13
66.15	92.13
66.91	2.45
69.86	2.45
73.21	2.45
74.01	77.0
76.83	77.0
80.24	183.81
83.59	183.81
84.47	17.22
86.95	195.29
88.39	195.29
91.19	25.12
92.08	33.57
95.3	33.57
97.8	40.64
98.07	15.62
98.19	128.44
100.96	128.44
101.16	98.44
104.23	98.44
105.19	155.67
107.84	197.08
108.66	72.98
111.28	93.9
111.45	93.9
114.06	134.14
114.74	134.14
116.27	138.22
118.95	138.22
121.04	70.05
124.15	70.05
124.53	70.05
124.72	59.35
126.88	59.35
129.61	11.73
130.65	48.98
133.34	48.98
135.1	48.98
137.42	226.95
138.48	171.28
139.71	171.28
142.27	158.11
144.44	158.11
147.57	158.11
148.35	123.97
148.56	104.85
151.68	104.85
153.76	104.85
155.62	11.83
156.15	223.84
159.14	223.84
162.06	223.84
163.69	31.9
164.49	31.9
165.26	39.46
167.11	34.49
168.58	194.87
171.97	194.87
174.64	170.77
175.28	15.21
177.3	15.21
179.66	207.82
180.92	207.82
181.75	207.82
184.73	73.24
185.89	203.98
189.01	203.98
191.49	58.02
193.95	78.34
194.13	78.34
194.58	10.27
195.89	155.82
199.29	155.82
200.19	10.37
200.55	113.85
201.95	113.85
202.81	19.88
203.71	34.21
205.87	34.21
208.38	34.21
209.45	192.49
212.15	115.88
213.78	115.88
214.95	230.64
218.18	189.02
219.25	189.02
222.01	4.65
222.99	158.08
225.72	158.08
226.78	158.08
228.0	17.01
230.64	17.01
233.22	141.3
234.21	141.3
236.13	138.31
237.71	24.06
238.79	24.06
240.82	24.06
242.94	182.24
243.23	91.38
243.72	147.39
245.01	147.39
248.46	77.15
249.22	77.15
252.41	77.15
