1.71	77.08
2.17	77.08
4.95	116.26
7.08	116.26
8.05	116.26
10.26	12.35
11.44	12.35
14.91	12.35
15.36	61.02
16.62	61.02
17.03	61.02
19.44	26.44
20.71	26.44
23.42	196.93
23.66	196.93
26.83	196.93
28.69	222.57
31.15	222.57
32.94	222.57
34.53	115.9
35.11	34.28
36.65	34.28
37.32	40.9
39.98	40.9
40.26	40.9
41.91	109.81
44.7	109.81
47.65	109.81
50.5	52.96
53.89	52.96
55.75	52.96
58.68	64.17
62.03	64.17
63.09	64.17
65.95	108.22
67.96	108.22
71.14	108.22
74.43	210.59
76.47	210.59
77.46	49.12
80.18	13.86
82.59	13.86
85.84	130.6
87.92	101.24
91.29	101.24
94.6	150.34
96.51	150.34
97.2	150.34
97.8	57.07
100.11	57.07
101.27	57.07
101.39	21.28
104.75	21.28
106.91	21.28
110.24	85.22
110.55	85.22
113.45	70.24
115.73	70.24
119.18	70.24
119.29	120.65
120.58	120.65
123.53	125.28
125.32	125.28
127.18	31.81
128.7	172.63
128.98	172.63
130.63	105.68
133.34	105.68
134.85	207.38
135.62	96.48
138.54	96.48
141.66	216.7
143.62	114.41
147.09	114.41
148.66	114.41
151.63	202.51
154.32	202.51
155.18	177.66
157.66	177.66
158.87	69.5
159.68	69.5
161.45	69.5
163.78	135.29
165.78	135.29
168.65	193.31
171.19	193.31
171.87	193.31
172.27	47.59
173.91	47.59
176.2	47.59
179.68	28.99
181.79	28.99
183.72	174.95
186.7	206.79
190.12	227.37
192.78	227.37
196.27	227.37
197.84	149.27
199.4	86.87
201.52	86.87
201.85	132.75
203.4	132.75
206.24	166.86
208.04	166.86
210.42	201.88
212.15	201.88
213.54	67.6
214.44	67.6
214.74	67.6
217.19	191.58
220.36	191.58
223.56	191.58
224.45	174.66
225.81	174.66
227.58	198.14
228.89	18.84
230.7	18.84
232.92	200.55
233.68	200.55
235.55	37.72
239.02	37.72
242.35	37.72
244.4	175.19
245.75	100.48
249.03	53.48
252.07	53.48
