0.16	194.15
1.47	25.93
4.59	134.64
5.5	134.64
8.62	134.64
10.84	160.34
13.65	160.34
14.57	18.96
17.06	18.96
18.49	18.96
21.84	2.84
23.11	2.84
23.81	2.84
26.02	191.87
29.16	191.87
32.06	191.87
34.73	121.7
38.21	121.7
39.73	121.7
40.72	89.56
44.2	173.04
45.39	173.04
46.57	173.04
47.6	99.17
49.62	99.17
51.25	69.56
52.16	69.56
53.63	69.56
54.1	52.78
57.49	52.78
60.54	49.73
62.36	49.73
65.57	25.08
69.02	25.08
71.81	92.35
72.93	92.35
74.25	162.13
74.84	113.61
77.09	113.61
78.69	113.61
81.28	32.8
82.32	120.48
82.58	120.48
84.39	120.48
85.02	156.83
87.42	156.83
88.61	35.56
91.66	35.56
94.53	162.47
94.95	162.47
96.34	204.78
99.27	204.78
102.26	204.78
105.56	45.48
107.24	45.48
109.99	213.77
113.42	213.77
116.02	180.5
118.98	180.5
119.47	102.22
122.19	19.72
123.51	14.03
124.58	55.86
126.48	55.86
127.05	55.86
128.75	200.26
128.94	74.65
131.07	74.65
133.13	74.65
135.57	173.67
137.2	173.67
138.76	173.67
139.65	145.88
140.86	145.88
142.13	145.88
145.51	71.52
147.41	215.96
148.22	215.96
151.21	49.51
151.81	4.51
154.95	4.51
155.12	4.51
155.39	57.81
156.29	57.81
158.3	57.81
159.16	33.23
161.77	46.41
163.35	46.41
166.41	46.41
167.88	89.55
169.84	160.21
171.0	160.21
173.56	100.34
176.1	100.34
176.7	95.92
179.9	229.25
181.98	229.25
183.46	229.25
186.21	122.3
187.34	122.3
190.83	122.3
193.09	77.46
196.37	69.95
199.42	69.95
201.0	69.95
203.54	90.85
206.18	116.23
208.9	116.23
212.26	112.82
213.21	64.74
215.32	64.74
217.52	64.74
218.77	26.82
222.23	101.44
223.97	140.4
227.22	140.4
228.98	43.98
231.69	43.98
234.02	43.98
236.39	99.9
239.27	54.51
241.17	173.48
244.32	143.95
246.08	143.95
247.38	143.95
248.62	35.04
249.04	55.78
251.54	55.78
