0.93	36.46
2.2	36.46
2.61	95.95
4.06	95.95
5.23	126.94
5.46	126.94
8.8	126.94
9.06	161.05
10.0	41.22
10.16	41.22
12.73	226.06
15.93	84.08
19.38	84.08
22.69	84.08
24.47	115.47
26.07	115.47
26.47	115.47
27.44	3.07
28.88	3.07
31.12	3.07
32.63	52.35
33.4	52.35
35.61	70.69
36.73	155.48
37.82	155.48
40.47	116.18
42.59	116.18
44.54	40.13
45.73	8.19
47.89	8.19
49.45	8.19
52.27	48.57
53.27	48.57
53.95	48.57
54.68	6.06
56.1	6.06
59.47	229.92
60.73	118.44
62.3	118.44
63.65	215.98
65.62	215.98
67.73	77.26
70.38	194.31
71.0	22.04
71.88	22.04
72.15	22.04
74.04	149.74
74.52	139.59
75.21	135.3
77.64	179.67
80.38	171.62
82.18	193.55
83.26	193.55
83.38	193.55
86.62	228.91
88.66	228.91
88.84	228.91
90.68	195.12
91.5	195.12
92.67	205.42
93.43	56.18
95.8	56.18
98.05	56.18
98.58	209.22
100.62	223.81
104.05	174.11
107.51	174.11
108.6	74.87
109.2	74.87
112.24	132.43
115.27	132.43
115.81	132.43
117.67	104.52
118.8	170.68
120.43	104.96
122.85	104.96
123.93	57.93
124.92	20.37
127.12	20.37
130.22	159.72
131.56	68.61
134.66	68.61
137.73	165.36
140.95	82.8
142.66	82.8
143.76	166.74
145.82	43.4
148.25	43.4
148.74	103.7
151.17	103.7
153.17	103.7
155.19	168.32
156.13	192.32
159.61	168.19
160.62	168.19
161.49	168.19
163.69	114.97
165.82	193.79
167.66	193.79
170.06	87.89
173.22	73.27
175.73	53.02
179.18	53.02
181.81	53.02
182.95	147.88
185.75	147.88
186.57	147.88
189.39	165.47
191.85	165.47
193.92	189.93
197.17	189.93
198.23	57.63
200.8	57.63
203.32	215.18
204.03	215.55
207.35	215.55
209.0	215.55
211.26	176.24
213.72	176.24
215.35	176.24
215.81	10.66
217.54	10.66
218.78	10.66
221.29	7.69
222.87	65.64
224.96	9.22
228.3	9.22
229.27	187.26
232.15	131.81
233.03	131.81
235.32	135.44
235.93	118.35
239.06	118.35
240.74	118.35
241.94	67.81
242.22	67.81
244.34	178.49
244.65	74.95
246.55	74.95
247.59	74.95
249.88	161.84
251.72	161.84
