2.99	78.11
6.16	78.11
7.65	78.11
11.03	112.19
13.02	112.19
14.5	112.19
15.27	130.04
17.21	76.63
20.58	76.63
21.58	127.55
23.79	127.55
25.83	127.55
26.21	3.31
29.4	3.31
32.84	198.45
33.51	229.76
33.96	229.76
36.87	46.11
37.98	46.11
39.3	46.11
40.89	65.82
41.87	65.82
42.66	126.6
46.14	126.6
48.9	126.6
51.36	184.5
51.52	184.5
52.11	25.0
53.26	25.0
55.39	25.0
58.67	214.64
61.12	21.4
64.46	138.57
65.41	174.33
65.94	174.33
67.22	174.33
67.73	44.08
68.67	44.08
71.91	127.7
72.78	127.7
74.78	127.7
74.92	74.07
75.71	19.68
78.08	19.68
79.89	47.58
80.57	47.58
81.66	139.33
84.81	139.33
88.07	139.33
90.49	169.71
93.18	50.25
95.23	210.2
98.08	210.2
101.44	204.32
104.68	137.76
105.82	137.76
105.93	137.76
109.27	182.0
111.84	182.0
112.8	182.0
113.69	158.05
114.83	158.05
116.96	158.05
117.68	109.95
119.14	109.95
122.49	109.95
123.78	170.84
126.15	170.84
126.83	170.84
127.02	174.4
127.13	174.4
129.6	162.63
131.42	162.63
132.39	162.63
134.27	230.16
137.02	230.16
140.01	230.16
143.38	55.58
143.91	55.58
147.02	55.58
147.67	110.44
150.5	110.44
152.9	123.85
153.81	99.7
154.83	119.64
156.52	24.24
159.07	24.24
160.09	230.21
162.75	230.21
163.43	230.21
163.79	20.93
166.73	20.93
169.18	20.93
170.28	201.93
171.87	201.93
174.15	201.93
177.41	41.67
179.64	41.67
180.62	41.67
183.12	164.22
186.21	107.83
188.49	130.47
190.1	130.47
193.49	61.19
195.82	61.19
199.31	61.19
202.4	14.63
204.57	28.95
205.93	28.95
207.7	28.95
209.27	103.1
210.45	146.3
211.92	26.07
213.58	26.07
214.14	26.07
214.34	94.41
215.67	93.28
217.94	93.28
218.66	205.83
219.51	205.83
221.81	205.83
224.28	173.05
225.7	173.05
228.14	114.35
229.38	114.35
231.14	114.35
234.42	172.17
237.18	172.17
238.61	87.92
238.81	26.63
239.49	26.63
242.02	26.63
244.32	197.83
247.25	197.83
249.1	197.83
250.13	2.34
