2.5	125.85
5.74	125.85
8.86	125.85
11.77	27.56
12.58	27.56
15.0	27.56
15.21	143.19
16.09	130.71
17.21	91.22
17.54	35.13
17.81	35.13
20.86	24.62
22.46	14.49
22.66	14.49
24.7	86.83
26.16	86.83
27.84	87.01
28.08	104.43
28.21	104.43
29.94	134.18
31.5	134.18
32.13	134.18
33.98	93.59
35.8	193.36
38.57	58.04
40.59	154.46
43.88	154.46
45.06	162.64
47.7	162.64
51.02	20.74
51.89	20.74
52.84	14.56
53.79	14.56
54.43	14.56
55.92	0.82
56.69	152.09
59.3	152.09
60.67	59.32
61.57	185.95
64.82	185.95
67.54	185.95
69.45	8.63
72.0	39.81
72.2	37.52
73.13	37.52
73.94	102.88
74.99	102.88
77.76	158.52
79.71	158.52
82.33	158.52
83.76	92.45
86.01	92.45
89.46	25.18
91.03	25.18
91.24	25.18
94.29	220.5
94.82	220.5
96.19	55.92
96.84	55.92
99.6	161.55
101.04	161.55
102.54	21.14
105.33	21.14
106.05	21.14
108.04	27.29
108.44	11.11
109.17	11.11
110.55	11.11
111.62	207.51
112.88	33.28
113.13	33.28
116.14	33.28
118.2	178.0
119.19	178.0
122.24	178.0
123.55	76.97
123.7	76.97
124.11	22.32
126.92	35.88
127.67	35.88
129.43	133.45
131.33	133.45
132.7	152.87
133.16	152.87
134.38	35.5
136.44	35.5
137.71	9.08
139.53	9.08
141.75	9.08
144.84	5.07
146.54	5.07
146.88	5.07
149.98	157.73
151.59	157.73
152.72	157.73
155.46	185.31
156.34	174.49
158.96	174.49
159.62	175.25
160.36	175.25
161.96	58.67
162.7	55.12
165.09	55.12
168.47	128.18
170.91	128.18
171.56	211.78
174.31	228.59
177.06	169.08
179.7	150.43
181.24	194.76
181.53	194.76
184.15	224.85
184.87	224.85
185.95	224.85
189.02	159.22
191.39	159.22
191.88	159.22
194.28	98.24
194.84	149.49
195.4	64.27
195.66	64.27
198.25	64.27
198.51	194.25
198.95	194.25
200.85	142.75
202.89	142.75
204.41	142.75
206.07	56.08
208.67	56.08
211.37	56.08
212.3	31.57
215.44	197.62
217.43	19.1
219.88	69.96
220.19	69.96
223.26	110.68
224.42	110.68
225.9	110.68
226.55	133.82
227.47	133.82
229.96	187.68
231.22	187.68
233.09	187.68
235.8	136.94
239.19	136.94
242.15	136.94
243.23	94.12
245.66	94.12
247.25	94.12
247.43	3.45
248.84	219.3
249.05	219.3
249.62	219.3
252.32	186.21
