2.97	170.61
3.8	170.61
4.38	141.92
5.69	141.92
7.89	141.92
9.59	155.78
12.21	155.78
13.92	155.78
17.31	208.41
17.72	208.41
20.04	208.41
20.63	64.33
21.02	64.33
21.33	64.33
22.51	14.8
24.67	194.58
24.93	194.58
25.21	107.42
26.79	40.58
27.19	40.58
27.82	76.56
30.1	76.56
30.73	76.56
30.86	163.73
31.76	163.73
33.71	163.73
36.42	38.41
37.1	38.41
38.27	38.41
41.34	215.52
43.89	12.9
46.98	12.9
47.17	41.08
47.66	41.08
50.73	180.14
50.94	79.02
51.86	79.02
54.22	79.02
56.04	0.78
56.37	0.78
59.19	38.21
59.52	38.21
61.51	88.73
62.5	88.73
65.99	143.5
66.7	143.5
68.6	97.18
70.98	97.18
71.11	140.42
72.61	140.42
73.3	59.18
76.11	54.77
78.02	54.77
80.04	54.77
83.29	196.49
85.19	196.49
86.48	212.66
86.89	212.66
88.1	212.66
91.1	61.81
94.06	61.81
96.82	118.38
98.86	118.38
99.35	131.48
101.84	131.48
103.55	131.48
104.86	72.28
105.55	72.28
105.94	72.28
108.8	53.3
109.53	53.3
112.11	81.28
114.25	177.13
117.43	177.13
117.93	140.14
121.27	87.15
123.72	8.69
126.95	8.69
128.28	8.69
129.58	159.89
130.77	159.89
131.67	159.89
132.37	20.6
133.76	152.94
134.76	152.94
137.57	152.94
138.28	101.5
139.82	101.5
142.86	101.5
143.61	26.11
146.96	26.11
149.35	209.3
150.02	209.3
152.39	209.3
154.42	143.72
155.57	143.72
158.1	143.72
160.0	227.66
160.43	227.66
160.57	214.19
162.7	214.19
166.01	77.38
166.74	77.38
169.67	100.06
172.29	100.06
174.35	100.06
177.0	224.24
177.59	209.48
179.49	114.88
180.02	136.29
183.08	141.32
184.42	141.32
186.24	65.94
187.28	65.94
188.85	98.96
190.92	98.96
194.22	123.22
197.54	123.22
199.31	123.22
199.65	192.04
201.13	192.04
201.29	192.04
204.75	134.05
206.58	134.05
208.01	134.05
210.83	127.2
211.19	127.2
211.92	142.64
212.26	142.64
214.65	195.41
215.71	195.41
217.94	195.41
220.66	135.45
224.1	135.45
225.99	127.11
228.58	79.45
230.61	79.45
231.84	79.45
232.74	127.08
233.66	181.29
235.84	6.74
236.35	6.74
236.95	186.74
237.62	186.74
239.21	15.54
240.98	15.54
241.64	10.63
241.95	10.63
245.33	146.51
246.6	146.51
248.4	146.51
251.74	205.17
