1.68	124.57
2.28	124.57
2.7	40.75
2.91	40.75
3.1	50.42
3.4	50.42
6.84	11.86
9.29	11.86
12.61	166.79
14.03	166.79
17.17	70.21
17.29	70.21
20.05	114.97
21.05	114.97
23.58	35.33
24.58	27.42
27.55	27.42
29.24	152.41
30.01	22.97
32.15	22.97
34.17	8.02
35.33	8.02
38.68	8.02
41.09	61.3
42.67	61.3
44.46	61.3
45.26	106.08
45.44	106.08
46.41	106.08
47.13	121.37
50.32	121.37
53.63	121.37
56.7	123.47
58.3	123.47
60.62	123.47
63.97	213.03
65.92	213.03
68.24	213.03
71.63	94.34
73.09	98.84
74.31	98.84
76.1	98.84
79.56	120.92
80.52	124.39
81.18	124.39
81.84	124.39
83.37	212.52
85.71	212.52
86.07	190.32
88.06	49.48
88.19	58.76
90.06	58.76
91.65	58.76
92.16	156.49
94.15	76.51
96.44	76.51
96.63	76.51
98.08	62.82
100.51	62.82
100.61	28.41
103.36	28.41
104.5	28.41
107.24	171.43
107.54	171.43
107.9	171.43
108.76	93.24
112.21	93.24
112.47	93.24
115.73	47.08
117.27	43.43
119.39	43.43
122.42	7.73
125.08	7.73
125.34	128.89
126.65	128.89
128.29	114.69
131.29	171.03
133.58	79.82
136.94	142.98
140.08	142.98
143.54	151.05
144.43	151.05
145.61	151.05
146.3	183.93
148.04	183.93
150.6	183.93
152.64	54.53
155.38	15.04
157.78	15.04
161.17	92.27
163.22	151.44
166.66	147.87
170.01	147.87
170.55	223.72
171.36	119.72
171.78	119.72
175.01	119.72
176.9	227.36
177.17	227.36
180.59	28.63
181.53	28.63
184.45	138.95
187.73	138.95
189.97	219.41
191.29	162.05
194.17	215.07
195.28	215.07
198.4	215.07
200.52	134.19
201.16	178.47
202.04	178.47
203.39	178.47
204.75	183.9
206.74	183.9
207.57	183.9
209.36	139.76
210.22	139.76
211.09	79.11
213.95	79.11
216.09	79.11
218.65	134.47
222.06	130.56
224.51	48.07
227.41	48.07
228.43	48.07
231.09	102.77
231.89	102.77
232.21	102.77
233.01	79.37
233.69	79.37
236.73	79.37
238.44	171.27
240.84	161.37
241.07	161.37
241.84	164.34
242.77	164.34
245.43	164.34
246.78	207.69
248.83	207.69
252.07	207.69
