3.01	162.71
4.17	227.87
6.33	227.87
8.22	115.6
11.16	31.53
11.59	31.53
13.49	138.1
16.09	138.1
17.14	65.46
17.45	65.46
19.35	73.76
21.7	73.76
23.74	73.76
23.95	87.38
24.93	14.69
27.36	205.6
27.64	61.12
28.24	61.12
28.69	61.12
29.14	63.74
30.3	63.74
32.29	46.81
34.12	46.81
34.77	46.81
37.34	80.38
38.54	11.58
39.24	120.21
39.42	120.21
39.96	215.18
40.5	215.18
42.78	52.04
44.08	190.09
44.53	190.09
46.97	94.18
48.21	65.45
51.51	65.45
51.67	65.45
51.81	164.43
52.24	164.43
52.43	112.24
55.89	112.24
58.77	112.24
61.05	201.62
62.65	201.62
63.51	201.62
65.25	12.42
68.06	36.42
69.74	16.62
72.84	16.62
73.52	16.62
74.72	134.97
76.69	134.97
77.82	210.0
80.85	210.0
81.41	133.98
82.52	72.66
84.41	141.04
86.66	106.57
88.95	106.57
91.44	106.57
93.15	220.05
93.58	220.05
96.36	155.1
99.67	155.1
100.37	151.45
102.24	151.45
105.59	102.2
107.15	102.2
107.58	102.2
108.43	63.35
110.66	63.35
112.09	63.35
115.29	196.61
117.14	196.61
117.78	196.61
118.56	140.93
118.78	50.81
119.68	144.51
120.82	86.07
122.98	86.07
125.62	86.07
126.52	22.31
127.9	22.31
129.56	22.31
132.96	126.13
133.51	126.13
135.83	114.44
138.02	114.44
139.1	227.86
142.4	227.86
143.99	227.86
145.99	66.22
146.17	30.54
149.58	108.91
150.79	215.08
152.92	215.08
154.02	215.08
154.21	183.15
157.7	198.25
158.51	198.25
160.44	56.34
160.64	56.34
162.76	165.69
164.5	113.13
165.2	32.08
167.7	79.41
169.96	79.41
170.61	79.41
170.83	42.76
172.53	42.76
172.99	42.76
176.48	50.83
177.14	50.83
177.96	50.83
181.35	160.98
184.29	160.98
185.61	160.98
186.76	101.81
187.39	101.81
189.27	16.88
191.42	120.59
192.6	120.59
195.2	120.59
198.26	121.62
199.36	121.62
201.55	121.62
202.29	136.64
204.07	87.32
205.83	87.32
207.93	215.29
209.1	215.29
212.05	197.21
213.76	197.21
216.54	109.44
217.06	109.44
220.54	178.11
221.06	156.62
223.89	74.25
224.78	74.25
225.23	205.68
227.11	205.68
229.06	55.04
231.37	55.04
232.64	181.54
236.03	181.54
236.59	181.54
236.89	70.62
238.36	70.62
238.78	70.62
241.88	9.29
244.47	9.29
245.21	40.98
248.26	164.7
249.08	164.7
250.33	164.7
