3.12	89.99
5.41	89.99
8.35	89.99
10.99	106.66
12.46	200.85
15.17	200.85
16.45	200.85
18.6	2.26
21.77	2.26
24.45	2.26
27.35	82.31
30.11	39.08
33.43	39.08
35.19	39.08
38.54	17.41
39.77	17.41
41.34	17.41
44.73	121.49
44.91	121.49
45.44	202.22
46.93	202.22
49.82	213.37
52.36	213.37
55.13	213.37
56.47	89.29
57.36	89.29
60.32	89.29
61.41	210.27
64.18	210.27
67.53	210.27
70.71	188.23
70.91	148.34
72.36	148.34
72.58	148.34
73.3	47.5
76.48	120.07
77.33	122.8
80.39	122.8
83.04	197.04
86.5	197.04
88.12	108.99
88.37	108.99
90.58	52.69
91.95	168.66
95.32	168.66
97.68	213.87
99.02	213.87
100.0	118.07
101.5	118.07
104.47	118.07
106.54	146.78
107.48	125.67
110.78	5.48
113.99	5.48
117.06	5.48
118.22	211.31
120.33	134.73
121.91	38.43
125.18	38.43
127.59	38.43
130.22	148.72
131.36	18.17
133.96	217.75
134.35	217.75
136.51	217.75
139.47	127.09
142.91	7.22
145.16	86.55
146.79	86.55
148.73	67.14
149.81	67.14
152.29	67.14
155.03	183.19
156.72	183.19
157.87	43.8
161.18	43.8
161.93	194.86
164.35	194.86
165.55	194.86
168.04	176.48
168.95	176.48
172.14	176.48
174.4	116.44
174.62	153.41
176.46	153.41
178.92	9.47
181.28	9.47
183.0	217.31
185.9	217.31
186.38	217.31
186.83	190.68
190.3	190.68
191.49	190.68
192.27	160.88
193.98	160.88
194.81	160.88
196.92	75.71
197.59	165.19
197.79	165.19
198.97	61.97
199.48	61.97
202.34	61.97
202.54	146.13
204.64	191.82
204.79	191.82
207.29	191.82
209.03	82.85
209.46	82.85
209.85	82.85
210.17	109.87
211.66	97.99
212.44	183.14
215.12	183.14
216.67	183.14
217.23	172.53
217.77	205.39
218.19	173.17
220.18	66.41
221.63	66.41
223.09	217.34
224.23	217.34
227.62	217.34
229.85	37.98
232.91	37.98
233.14	215.81
233.94	215.81
237.44	115.7
240.18	5.84
241.98	209.84
242.44	209.84
244.79	209.84
245.64	119.14
246.69	87.12
249.11	190.14
251.62	190.14
