2.06	215.11
2.53	215.11
3.01	215.11
4.2	190.98
4.43	190.98
4.77	190.98
5.91	184.58
8.62	4.79
8.9	4.79
10.36	4.79
12.46	138.12
13.42	138.12
14.23	123.7
16.65	123.7
17.57	123.7
20.35	132.7
23.71	132.7
24.75	132.7
27.23	128.79
29.85	128.79
32.02	128.79
35.43	105.58
37.7	105.58
39.68	216.19
43.11	159.16
43.81	159.16
44.17	159.16
45.91	145.31
47.9	145.31
49.71	145.31
52.08	163.65
54.82	163.65
57.02	81.6
57.47	81.6
59.11	226.81
60.21	226.81
62.88	226.81
65.46	167.61
65.77	167.61
67.98	167.61
71.02	193.89
72.42	193.89
74.79	158.33
76.38	158.33
78.92	85.98
81.55	85.98
83.66	175.34
85.12	175.34
85.81	65.1
87.24	65.1
90.38	65.1
91.24	0.65
94.1	0.65
95.62	0.65
96.14	70.9
99.44	70.9
99.7	70.9
101.55	128.75
103.86	128.75
106.36	128.75
106.73	222.7
107.17	222.7
108.96	4.26
110.77	4.26
111.79	133.0
114.85	133.0
115.22	169.75
115.51	169.75
115.9	169.75
116.89	114.77
117.55	114.77
119.37	114.77
121.11	85.38
123.08	85.38
126.13	126.38
127.42	126.38
127.63	153.06
130.12	193.64
131.54	127.83
132.22	108.67
132.39	116.51
132.51	15.91
133.81	15.91
136.45	141.86
139.83	141.86
140.97	123.13
141.55	123.13
144.97	31.77
145.17	31.77
148.36	70.59
149.42	70.59
150.12	197.76
153.34	197.76
156.69	197.76
157.24	129.7
157.72	129.7
160.09	129.7
161.12	171.62
163.19	206.96
163.86	206.96
167.31	206.96
170.78	174.18
171.07	174.18
172.7	174.18
173.26	20.42
174.43	20.42
175.47	20.42
176.1	30.5
177.23	212.71
179.33	212.71
182.78	212.71
185.96	140.31
187.47	8.91
189.43	134.36
190.28	134.36
191.48	134.36
192.37	104.3
194.76	104.3
197.8	104.3
199.07	213.37
200.49	213.37
201.3	143.68
204.33	143.68
206.89	117.41
210.04	117.41
210.33	117.41
213.29	138.61
214.65	138.61
216.97	33.15
217.96	150.74
220.84	150.74
222.05	17.47
222.18	76.56
224.05	76.56
225.4	113.42
225.63	113.42
227.71	7.39
229.27	32.73
230.39	32.73
233.89	32.73
234.98	75.3
235.8	75.3
237.61	110.2
238.41	110.2
239.75	184.33
243.14	184.33
245.16	184.33
246.76	84.93
247.34	84.93
247.45	84.93
247.91	129.0
250.63	69.07
