1.72	57.12
4.44	99.25
6.48	99.25
8.28	99.25
9.96	86.79
13.28	86.79
15.0	86.79
17.14	170.8
17.59	170.8
19.61	91.0
20.8	91.0
22.1	39.24
23.65	163.08
24.92	163.08
27.47	61.08
28.28	61.08
29.36	163.21
32.17	163.21
33.19	78.96
33.44	78.96
35.74	129.49
35.84	165.44
36.49	165.44
38.75	165.44
41.19	101.04
41.37	101.04
43.74	101.04
47.04	97.77
48.01	97.77
50.45	46.58
51.09	46.58
51.79	86.94
53.56	86.94
56.54	45.77
58.44	45.77
61.76	150.19
65.08	150.19
68.07	101.46
69.16	229.01
71.06	66.94
72.61	66.94
75.9	66.94
79.29	185.17
80.52	89.31
81.91	15.9
83.6	24.73
83.95	24.73
87.0	24.73
89.26	52.32
91.57	210.6
91.7	54.12
92.76	54.12
93.6	54.12
95.09	52.61
96.48	99.69
99.85	99.69
102.89	99.69
104.83	10.8
106.42	19.65
106.65	204.13
109.6	204.13
111.39	221.18
112.99	221.18
116.44	79.29
117.27	79.29
119.76	54.13
120.77	54.13
123.11	54.13
124.14	133.04
126.55	133.04
129.34	133.04
129.66	95.46
131.19	95.46
132.14	185.96
134.87	185.96
137.92	57.22
140.17	57.22
143.26	57.22
146.37	111.66
146.85	170.87
149.82	69.85
153.25	127.31
155.6	127.31
156.65	8.14
157.56	8.14
159.86	8.14
161.42	181.73
163.03	181.73
164.3	181.73
165.91	8.31
168.81	23.01
170.59	23.01
172.42	50.26
173.11	50.26
175.41	50.26
178.82	226.16
181.99	226.16
185.45	226.16
188.6	154.33
192.09	154.33
193.28	0.88
195.4	0.88
195.89	120.02
197.66	182.11
200.18	182.11
200.31	150.22
203.61	150.22
205.76	150.22
207.77	133.17
208.6	133.17
210.98	133.17
212.88	213.54
213.77	28.03
216.89	28.03
217.1	28.03
219.11	14.57
220.69	14.57
222.13	71.61
225.17	179.01
227.39	179.01
227.71	179.01
229.27	173.27
230.83	173.27
232.6	173.27
233.67	174.15
236.4	174.15
238.12	126.96
241.04	126.96
242.4	126.96
242.9	43.9
244.0	13.77
244.99	13.77
246.48	42.7
249.84	42.7
252.51	42.7
