2.64	202.16
4.14	202.16
5.89	22.02
6.55	22.02
7.89	22.02
9.96	166.81
11.09	166.81
14.45	205.28
14.87	205.28
16.06	88.83
17.88	88.83
18.85	88.83
20.59	143.95
21.83	143.95
22.89	6.01
23.04	6.01
24.57	149.47
27.78	149.47
29.94	149.47
30.16	185.27
31.73	185.27
34.27	185.27
36.59	61.97
38.89	179.46
41.58	179.46
41.98	179.46
43.64	150.77
46.15	150.77
49.58	3.19
52.77	3.19
55.45	196.31
58.4	14.72
59.02	86.18
62.16	130.72
63.84	130.72
64.07	55.38
65.5	55.38
67.04	135.38
70.26	135.38
72.75	135.38
74.44	192.14
75.45	181.38
76.09	178.81
79.38	178.81
82.35	178.81
85.49	3.5
86.92	3.5
90.06	69.57
92.73	69.57
94.18	69.57
97.35	62.33
99.02	43.93
102.48	43.93
103.6	43.93
104.04	225.59
106.54	225.59
109.8	225.59
112.4	37.93
114.17	37.93
116.75	37.93
116.95	14.89
119.97	17.18
123.26	84.39
125.01	14.44
126.12	14.44
129.05	229.95
130.77	71.54
130.89	71.54
131.65	71.54
131.91	68.97
134.19	68.97
135.13	68.97
137.44	150.96
138.45	150.96
140.54	132.71
142.41	68.19
145.9	68.19
146.07	68.19
146.78	44.36
148.9	44.36
150.28	212.86
151.18	196.52
153.64	196.52
157.12	196.52
158.75	215.35
159.25	215.35
161.39	215.35
163.81	157.17
167.01	157.17
169.31	25.74
172.53	25.74
174.04	165.81
177.41	165.81
179.88	125.73
181.52	125.73
182.58	125.73
184.96	29.49
186.16	29.49
186.98	29.49
188.91	110.12
189.13	110.12
190.5	110.12
193.32	23.63
195.35	86.14
198.13	224.02
199.69	224.02
202.5	224.02
204.12	25.86
206.27	25.86
208.0	25.86
209.52	88.09
211.77	48.61
213.57	48.61
216.85	48.61
219.88	211.32
222.54	211.32
223.82	211.32
226.22	29.67
228.16	29.21
229.37	214.1
231.76	214.1
232.8	214.1
233.93	52.28
234.88	52.28
237.11	52.28
239.13	113.79
240.69	113.79
241.69	113.79
244.74	149.12
247.13	149.12
249.62	149.12
253.02	38.13
