3.0	89.34
4.54	89.34
5.24	89.34
8.33	8.04
9.13	205.64
12.17	76.72
14.56	76.72
14.96	31.45
17.45	31.45
18.89	31.45
21.48	9.53
21.72	107.25
25.12	107.25
25.55	223.36
28.62	132.78
29.4	132.78
29.53	132.78
30.4	88.43
31.34	88.43
34.64	88.43
36.38	126.74
36.87	126.74
37.78	17.43
41.21	146.35
43.59	54.02
44.8	54.02
45.01	158.22
47.32	158.22
48.12	158.22
49.16	60.61
51.87	60.61
54.67	60.61
54.78	58.45
57.84	58.45
58.79	72.94
60.21	72.94
62.2	71.65
64.53	71.65
67.25	105.19
68.3	105.19
68.46	105.19
70.92	204.07
73.79	204.07
74.48	79.64
76.47	79.64
78.15	79.64
80.57	49.49
80.96	49.49
82.33	49.49
83.33	112.64
86.36	112.64
89.28	104.94
92.36	104.94
95.71	104.94
97.47	150.22
99.8	150.22
100.59	150.22
100.88	159.18
104.05	115.1
105.63	115.1
107.89	115.1
108.3	99.21
110.28	26.46
112.13	100.98
113.65	100.98
115.7	36.31
118.92	36.31
121.62	36.31
123.25	175.97
123.45	175.97
124.31	77.08
125.39	77.08
128.29	62.54
129.82	62.54
131.67	62.54
133.51	149.21
134.19	149.21
135.02	149.21
136.05	167.93
136.38	167.93
139.5	38.51
141.22	38.51
141.64	38.51
144.12	201.11
146.26	218.89
148.13	218.89
149.68	153.37
152.95	53.34
153.62	53.34
153.96	53.34
155.8	124.04
158.08	105.46
161.43	105.46
163.42	135.26
163.73	135.26
166.27	135.26
168.81	20.3
169.77	20.3
171.73	20.3
173.53	10.53
176.82	10.53
179.33	216.47
182.42	216.47
184.4	147.06
186.73	147.06
188.67	210.11
190.49	210.11
192.43	210.11
194.12	17.0
195.69	17.0
198.83	8.83
199.91	28.04
201.82	28.04
203.19	40.15
204.32	40.15
206.96	204.34
207.22	204.34
210.43	192.49
213.42	181.61
216.57	181.61
218.97	181.61
219.72	81.47
221.56	132.21
222.95	132.21
224.96	164.66
228.05	164.66
229.91	164.66
233.4	156.08
234.79	156.08
237.4	89.0
239.92	89.0
241.21	89.0
243.92	178.82
246.19	178.82
248.34	178.82
250.21	104.23
