2.72	167.88
4.02	10.49
4.29	44.85
4.46	172.8
5.32	172.8
7.04	172.8
9.51	90.45
10.93	90.45
14.23	9.72
14.73	9.72
16.71	213.72
19.45	213.72
22.56	29.45
24.86	29.45
26.09	146.46
29.08	146.46
29.22	153.45
29.82	159.11
30.89	159.11
33.37	217.98
35.42	140.88
35.8	66.14
39.08	66.14
40.16	12.1
42.9	12.1
46.2	12.1
49.49	223.66
52.67	223.66
54.3	223.66
56.72	22.93
56.91	22.93
60.37	22.93
62.34	51.76
63.48	48.63
64.92	168.41
66.23	168.41
67.72	168.41
70.9	127.4
73.54	127.4
76.84	164.81
77.33	164.81
80.73	123.26
81.78	90.9
82.44	90.9
83.33	158.08
83.6	158.08
84.04	206.42
85.74	206.42
88.86	211.12
91.61	211.12
92.31	203.86
94.32	203.86
95.88	101.47
99.13	113.44
102.27	113.44
102.59	175.57
103.25	172.87
106.17	172.87
109.58	100.37
111.63	225.28
112.43	225.28
115.29	225.28
117.91	50.26
121.11	50.26
123.22	94.05
125.11	94.05
126.59	94.05
129.95	57.57
132.47	77.56
134.03	77.56
136.32	5.65
136.93	5.65
139.86	38.87
140.92	66.28
142.43	66.28
145.51	210.02
147.76	79.28
148.27	103.91
148.59	103.91
151.0	103.91
151.95	178.48
152.51	100.7
155.74	100.7
158.96	101.15
162.46	101.15
163.35	101.15
166.79	207.41
167.89	207.41
169.53	93.49
172.25	93.49
172.87	214.91
174.71	214.91
177.34	209.67
179.91	209.67
180.56	209.67
182.42	8.1
183.62	103.68
184.5	103.68
185.72	103.68
187.85	44.83
189.47	44.83
190.33	44.83
193.23	81.65
193.43	217.49
194.82	217.49
197.52	217.49
199.84	59.84
203.28	59.84
205.9	59.84
207.03	181.46
210.25	181.46
212.22	181.46
214.91	98.39
217.75	111.54
218.24	111.54
218.77	141.31
220.31	141.31
222.16	224.18
224.13	224.18
226.16	83.11
227.86	23.81
228.18	23.81
229.37	103.6
232.7	103.6
235.86	6.43
237.51	212.85
239.25	212.85
239.85	212.85
241.8	54.91
244.37	26.93
244.7	26.93
245.76	26.93
246.6	27.22
247.78	27.22
249.59	119.56
250.15	119.56
