1.13	139.95
1.59	139.95
4.74	165.38
6.3	165.38
8.97	191.35
12.07	191.35
13.22	191.35
14.11	168.83
15.59	168.83
18.32	178.47
21.64	178.47
24.51	216.62
26.76	216.62
27.5	27.88
30.06	103.86
31.07	103.86
34.48	103.86
37.45	14.86
39.1	14.86
40.48	14.5
43.62	14.5
43.9	14.5
46.25	93.38
47.49	93.38
47.94	93.38
50.42	188.53
51.75	188.53
54.77	132.44
56.95	132.44
57.32	24.21
59.26	24.21
59.7	69.93
59.81	69.93
63.18	145.42
65.01	145.42
65.43	174.56
66.18	104.9
68.46	156.34
69.75	156.34
71.91	156.34
73.15	38.92
76.42	38.92
77.17	38.92
78.56	111.71
81.86	111.71
83.16	121.43
83.71	121.43
86.87	121.43
87.43	192.43
88.18	72.77
91.03	97.17
93.88	97.17
96.33	97.17
99.51	88.16
102.36	88.16
105.03	88.16
105.6	214.33
108.27	214.33
109.92	205.55
112.79	205.55
115.93	15.21
118.93	178.43
119.71	227.65
121.87	187.33
122.57	187.33
123.33	14.62
125.06	14.62
126.69	14.62
129.05	115.35
130.37	115.35
133.61	115.35
135.89	228.52
137.17	228.52
138.35	198.62
139.98	198.62
141.82	198.62
143.55	26.2
144.68	26.2
145.05	155.06
147.66	108.73
148.47	108.73
150.54	108.73
151.92	104.55
153.73	104.55
156.49	95.95
159.1	95.95
159.52	95.95
160.28	187.92
160.97	187.92
163.71	187.92
164.17	54.84
166.8	74.38
170.24	74.38
172.5	229.63
175.16	229.63
176.8	189.42
179.43	189.42
179.68	189.42
181.98	157.14
185.04	157.14
187.67	157.14
188.15	30.83
189.71	30.83
190.49	176.69
191.8	176.69
192.34	34.55
193.13	34.55
195.23	168.49
197.4	168.49
199.52	168.49
202.07	221.0
202.22	132.01
205.57	132.01
206.41	73.66
207.96	143.12
209.21	143.12
212.66	143.12
215.49	145.36
218.86	145.36
219.3	145.36
220.5	89.17
221.68	17.52
224.62	17.52
227.87	0.5
230.52	0.5
231.56	0.5
232.95	27.13
233.67	27.13
237.07	27.13
240.57	85.9
243.4	85.9
245.48	168.29
246.91	168.29
247.28	168.29
247.61	46.56
250.96	46.56
