3.33	19.14
3.45	19.14
3.95	19.14
6.46	74.25
7.75	74.25
9.99	74.25
11.17	228.97
13.83	228.97
16.88	228.97
19.74	47.78
22.36	202.65
23.84	13.36
26.27	13.36
29.23	178.07
32.49	174.83
35.08	174.83
36.79	27.2
38.79	27.2
41.46	205.59
42.27	205.59
45.4	155.64
47.4	58.97
48.19	58.97
49.4	120.17
52.43	120.17
53.62	193.05
55.43	193.05
58.08	54.44
59.01	54.44
60.11	230.49
62.61	16.84
63.8	16.84
65.68	16.84
66.91	56.96
70.38	56.96
72.9	39.48
73.04	39.48
74.5	158.83
77.75	158.83
80.02	158.83
81.93	181.28
82.2	181.28
84.49	136.22
84.79	136.22
88.21	211.39
88.4	211.39
90.31	211.39
91.93	145.18
92.38	111.63
93.68	111.63
95.64	111.63
98.65	172.86
101.65	109.19
101.95	109.19
104.21	109.19
106.66	17.85
108.45	17.85
109.62	17.85
112.24	210.46
115.41	210.46
115.8	210.46
119.0	154.01
122.2	154.01
124.13	49.05
125.98	49.05
127.81	49.05
130.18	16.29
132.26	16.29
133.18	113.65
136.22	113.65
137.1	113.65
138.47	166.35
140.38	166.35
140.63	166.35
143.63	66.98
146.56	62.36
147.58	152.51
147.7	21.09
149.9	129.1
150.91	112.01
152.57	112.01
153.08	168.82
155.0	168.82
156.19	50.15
158.96	50.15
160.16	50.15
161.91	33.45
163.44	45.97
166.26	45.97
167.27	203.2
168.23	23.68
168.92	23.68
169.63	183.82
171.86	183.82
175.17	183.82
176.4	115.8
179.67	157.38
183.16	157.38
185.14	157.38
187.24	98.72
188.43	98.72
189.63	98.72
190.41	210.59
193.06	183.39
195.88	183.39
198.73	186.93
199.22	186.93
201.05	186.84
201.59	3.84
201.82	3.84
202.61	3.84
203.88	71.16
206.98	71.16
208.98	71.16
211.19	75.86
211.63	75.86
214.64	75.86
216.2	130.79
218.32	130.79
221.7	130.79
224.26	226.88
224.67	142.26
225.23	142.26
227.05	15.36
227.98	15.36
228.61	15.36
229.04	74.16
229.5	74.16
231.92	74.16
235.18	114.82
237.88	114.82
238.8	114.82
240.99	104.96
242.65	104.96
244.13	39.65
245.33	39.65
245.7	45.86
249.09	45.86
252.14	45.86
