3.27	4.69
4.46	4.69
6.61	130.68
6.83	130.68
7.23	60.31
9.99	60.31
13.21	59.8
14.86	59.8
16.78	59.8
17.14	124.36
17.71	124.36
19.05	15.57
21.74	15.57
22.33	15.57
23.69	55.1
25.45	55.1
27.28	138.27
29.42	138.27
32.3	229.04
33.37	74.82
36.45	74.82
39.42	210.46
40.22	210.46
41.76	210.46
45.23	67.53
45.48	194.88
48.66	60.18
48.78	84.35
50.32	84.35
53.58	111.49
56.4	158.27
59.48	158.27
61.42	158.27
64.58	164.15
67.14	164.15
68.16	70.22
70.93	43.07
74.31	43.07
77.58	43.07
78.03	67.31
79.85	67.31
80.77	67.31
81.64	134.14
84.15	58.33
86.19	58.33
87.39	58.33
89.28	40.59
89.56	90.4
90.7	205.32
93.11	205.32
94.35	205.32
97.56	43.17
97.86	113.36
99.66	43.4
101.31	43.4
103.34	85.0
105.64	85.0
106.83	85.0
109.31	195.34
111.48	195.34
112.3	89.9
112.92	89.9
115.25	180.58
118.25	210.31
119.61	210.31
120.23	166.73
121.59	166.73
123.01	41.33
125.15	140.39
127.68	140.39
128.71	140.39
129.15	34.95
129.66	34.95
131.92	34.95
132.94	110.68
135.79	110.68
137.04	110.68
138.84	191.83
140.51	120.2
142.72	120.2
145.79	224.76
146.85	224.76
149.66	165.67
150.26	165.67
151.7	165.67
154.47	167.65
154.68	57.08
155.63	57.08
158.34	57.08
161.24	108.68
161.99	108.68
162.9	108.68
165.37	133.52
165.72	106.11
167.43	106.11
169.56	106.11
171.84	38.94
172.4	38.94
173.08	38.94
174.68	72.66
177.18	131.06
177.89	131.06
179.64	6.02
181.59	6.02
183.02	6.02
184.75	159.59
186.16	159.59
187.53	159.59
187.98	196.39
191.32	201.44
191.84	201.44
194.4	73.67
196.72	73.67
200.04	162.52
201.49	162.52
204.91	184.52
206.3	184.52
207.17	93.1
209.11	93.1
212.31	165.75
213.56	165.75
216.06	165.75
218.77	77.6
219.0	77.6
219.94	77.6
222.09	209.05
223.24	209.05
224.88	138.83
225.95	138.83
228.16	174.85
228.86	174.85
229.02	174.85
230.76	102.97
232.71	187.13
233.86	187.13
235.63	21.21
238.19	21.21
240.81	203.61
242.76	203.61
243.22	132.34
245.72	89.69
246.87	89.69
248.88	157.96
251.14	157.96
