1.91	45.23
3.02	45.23
5.52	45.23
7.67	85.24
9.31	85.24
12.65	6.26
12.95	6.26
14.74	6.26
16.13	92.58
18.58	92.58
21.19	185.43
24.0	185.43
25.56	4.97
26.97	4.97
30.36	4.97
30.73	30.61
32.64	30.61
33.47	30.61
35.57	90.09
38.63	122.22
41.28	122.22
41.58	122.22
45.08	188.63
45.83	188.63
47.12	188.63
49.58	96.86
52.62	96.86
55.67	75.36
55.8	178.06
55.91	178.06
57.97	46.5
59.07	46.5
61.46	46.5
64.85	94.56
65.57	4.05
67.09	4.05
69.7	4.05
71.45	37.61
71.97	37.61
72.2	131.1
75.23	197.59
78.56	197.59
81.75	197.59
82.85	154.4
83.51	154.4
86.42	228.45
88.73	188.27
91.89	188.27
95.13	230.46
98.02	140.66
98.24	140.66
99.07	227.1
100.83	59.04
101.92	59.04
104.9	170.32
105.41	170.32
108.53	170.32
110.69	0.95
111.1	0.95
112.48	206.24
112.77	206.24
115.3	206.24
116.75	182.22
117.08	182.22
120.08	182.22
122.61	210.64
123.85	210.64
125.48	210.64
127.85	145.5
129.65	97.82
131.66	97.82
132.06	97.82
134.16	129.2
135.69	129.2
138.16	129.2
141.01	137.1
143.1	131.64
144.01	169.58
146.79	148.08
147.33	209.33
148.29	32.31
151.1	32.31
154.36	7.49
157.75	160.07
161.13	160.07
164.32	160.07
165.76	56.04
168.85	56.04
170.33	56.04
173.48	7.4
176.22	7.4
179.44	7.4
181.55	175.57
183.37	175.57
183.51	221.43
186.25	72.15
189.19	143.23
190.99	143.23
192.01	53.19
192.44	53.19
192.63	53.19
193.17	222.96
196.11	222.96
197.01	123.97
199.95	123.97
201.84	123.97
205.28	99.81
206.88	99.81
209.34	219.99
210.81	50.75
213.11	50.75
215.38	127.43
218.48	127.43
219.35	70.65
219.9	70.65
221.33	70.65
222.57	146.2
224.36	146.2
225.02	79.64
225.16	79.64
228.62	224.92
229.49	167.18
231.06	167.18
233.77	167.18
237.23	57.07
240.0	57.07
242.18	43.16
243.0	128.55
244.45	128.55
247.54	40.72
249.28	203.2
252.17	203.2
