3.3	158.44
5.87	147.12
8.07	147.12
8.6	147.12
9.7	138.0
12.02	138.0
14.41	138.0
17.3	92.45
18.56	92.45
20.81	174.8
22.31	174.8
24.83	174.8
25.32	146.03
28.17	146.03
31.28	224.21
31.95	224.21
34.84	224.21
35.29	5.79
36.26	146.22
39.05	170.22
42.39	170.22
44.57	170.22
47.35	45.32
50.3	25.07
52.87	25.07
53.78	25.07
57.2	91.15
58.1	91.15
58.94	93.36
61.13	61.12
61.33	165.61
61.85	165.61
62.41	165.61
64.12	217.05
65.88	63.18
67.06	57.55
70.1	57.55
73.01	57.55
74.38	180.15
74.58	180.15
75.38	180.15
76.14	212.77
79.52	212.77
81.56	219.31
81.71	13.91
83.85	13.91
83.99	79.24
84.75	79.24
86.5	63.35
86.75	63.35
89.91	63.35
93.31	187.27
95.72	187.27
98.88	187.27
99.55	25.53
99.7	25.53
100.2	25.53
102.87	94.49
104.89	94.49
108.13	205.14
109.1	205.14
112.49	202.42
115.5	140.32
116.84	115.33
117.14	64.99
118.18	182.8
121.3	208.51
121.62	4.6
123.54	4.6
125.13	4.6
127.92	68.63
130.96	68.63
133.37	68.63
135.26	38.92
137.59	38.92
138.46	150.53
140.28	150.53
140.99	150.53
141.35	154.8
143.68	154.8
145.48	106.92
147.38	106.92
150.12	145.27
153.23	131.6
155.56	116.47
156.94	116.47
159.23	116.47
160.5	106.65
163.13	225.61
164.18	225.61
166.44	225.61
167.38	111.14
170.61	111.14
173.9	111.14
175.88	207.62
176.35	207.62
176.73	119.81
179.79	119.81
182.03	119.81
182.59	76.87
183.88	86.96
185.3	86.96
187.62	86.96
187.79	38.35
189.75	38.35
192.57	38.35
194.42	126.77
196.42	126.77
198.12	215.9
200.41	215.9
202.52	215.9
204.8	200.69
206.47	200.69
208.39	200.69
211.79	120.15
213.21	120.15
213.37	120.15
216.72	185.56
219.5	116.96
221.32	43.4
223.73	151.22
223.88	151.22
223.99	151.22
224.2	60.26
226.44	60.26
227.05	60.26
229.44	139.36
232.32	139.36
234.04	88.66
235.15	122.96
237.05	122.96
240.52	122.96
241.51	41.64
241.77	41.64
244.86	41.64
245.03	108.0
245.54	108.0
245.97	5.55
247.57	5.55
250.91	23.09
