0.33	19.91
2.93	19.91
5.12	19.91
7.31	212.97
7.43	199.71
7.65	199.71
9.81	199.71
11.28	90.6
14.39	90.6
14.71	90.6
18.09	107.19
18.45	131.89
21.45	131.89
23.94	6.87
27.22	6.87
28.37	6.87
31.27	189.11
33.44	189.11
34.82	148.96
36.7	148.96
39.59	148.96
42.49	156.92
44.57	156.92
44.86	70.29
46.3	70.29
46.98	171.74
47.46	171.74
47.63	171.74
49.11	95.68
49.59	95.68
53.02	95.68
54.57	86.84
55.23	86.84
57.2	86.84
57.63	57.58
60.86	57.58
62.32	33.82
63.75	33.82
64.11	33.82
66.94	214.28
69.11	214.28
71.84	129.46
73.84	129.46
74.55	129.46
75.05	95.48
76.58	95.48
78.43	95.48
78.62	9.3
79.94	9.3
81.48	88.81
84.45	88.81
85.84	88.81
86.09	104.77
88.69	104.77
90.29	104.77
93.58	96.09
96.02	96.09
98.34	96.09
99.17	23.82
101.05	23.82
103.22	23.82
106.6	30.51
107.49	219.94
108.63	219.94
110.75	175.78
112.82	175.78
113.26	91.94
114.44	161.48
114.84	161.48
117.69	122.05
120.33	189.52
123.23	189.52
126.34	189.52
128.5	93.16
131.38	93.16
131.75	93.16
132.08	229.09
134.88	229.09
135.04	115.27
137.22	115.27
137.48	115.27
139.41	150.56
140.82	150.56
143.46	205.89
144.61	205.89
147.01	88.45
148.39	200.13
150.85	219.43
151.35	219.43
153.35	219.43
155.83	95.02
156.77	5.95
159.46	51.89
161.27	172.52
164.7	172.52
165.2	222.18
166.22	63.89
169.06	14.18
172.49	14.18
174.31	14.18
175.05	196.27
178.4	196.27
179.36	196.27
182.66	28.89
183.54	28.89
184.55	28.89
187.8	136.28
190.12	136.28
191.98	136.28
192.56	55.52
194.04	55.52
196.03	55.52
196.93	185.2
198.08	185.2
199.66	213.0
202.8	213.0
206.2	213.0
206.96	18.35
207.85	18.35
210.65	18.35
211.82	88.01
214.31	88.01
216.14	88.01
218.44	39.07
219.58	39.07
222.17	171.56
225.04	171.56
227.76	171.56
229.09	191.4
232.45	191.4
234.12	191.4
236.79	160.84
237.86	34.63
238.65	218.46
241.72	218.46
244.28	5.84
245.97	5.84
249.23	5.84
250.98	30.24
