2.07	57.11
5.42	57.11
8.48	166.98
10.47	166.98
13.52	117.95
13.75	117.95
14.76	194.39
15.52	152.2
16.48	152.2
19.9	129.58
21.07	167.57
22.09	167.57
24.59	33.77
26.93	63.31
28.71	63.31
29.07	63.31
31.49	90.18
34.11	90.18
36.16	217.87
38.06	194.47
39.56	72.39
40.68	114.03
41.19	114.03
43.23	114.03
46.32	79.25
48.05	137.48
50.55	137.48
52.12	148.3
55.21	148.3
57.48	136.97
60.58	136.97
61.41	228.47
63.85	134.1
65.37	229.34
67.77	229.34
69.96	229.34
71.79	81.76
71.89	98.13
75.15	98.13
77.74	221.08
80.67	221.08
82.28	221.08
84.34	223.18
85.12	223.18
87.54	223.18
90.71	78.59
93.48	178.93
94.55	178.93
96.58	155.98
98.02	195.01
98.59	195.01
98.73	195.01
100.71	124.04
101.06	124.04
102.16	70.96
104.07	70.96
105.23	113.38
108.46	113.38
108.94	157.5
111.29	25.22
111.67	124.74
113.13	124.74
113.63	124.74
114.55	158.09
115.34	158.09
116.8	191.65
118.12	111.13
120.48	111.13
121.54	111.13
122.77	76.77
123.12	76.77
125.04	195.28
126.24	195.28
127.61	14.87
129.18	14.87
132.53	24.25
135.62	99.91
138.63	99.91
141.5	99.91
142.64	129.8
145.48	129.8
148.5	129.8
149.38	35.9
151.65	35.9
152.1	223.68
155.03	223.68
155.43	62.57
158.29	27.09
160.52	27.09
163.7	27.09
167.18	209.83
168.99	209.83
169.95	62.13
173.43	62.13
176.09	84.68
176.35	173.61
179.77	193.2
180.64	193.2
180.78	153.16
181.08	153.16
181.19	153.16
184.56	226.82
186.49	175.03
189.66	175.03
192.17	175.03
192.93	57.28
194.04	140.91
194.98	140.91
195.49	140.91
198.93	43.43
200.57	161.93
201.58	161.93
204.24	28.29
206.84	28.29
209.16	101.83
209.59	101.83
210.04	113.72
210.33	113.72
211.57	155.95
214.89	155.95
218.19	213.25
220.02	213.25
222.03	213.25
222.35	74.9
225.45	74.9
227.33	92.97
229.13	92.97
231.97	92.97
235.26	79.65
238.02	102.46
241.23	102.46
241.55	209.75
242.02	209.75
243.37	72.64
245.96	72.64
248.14	72.64
249.19	146.66
250.67	160.93
