0.97	207.39
1.5	207.39
4.0	207.39
4.73	200.63
4.97	215.41
7.15	215.41
9.48	215.41
11.56	67.63
13.43	198.74
13.87	198.74
15.16	198.74
17.84	116.95
19.21	116.95
19.53	166.65
19.84	166.65
21.54	166.65
22.94	135.29
26.25	135.29
27.51	160.63
30.93	160.63
32.31	160.63
33.82	140.13
34.1	140.13
35.13	80.61
37.39	80.61
38.92	109.06
39.17	109.06
40.91	109.06
41.14	160.97
41.88	160.97
44.19	160.97
45.37	95.12
48.81	89.5
52.22	89.5
53.11	89.5
53.64	15.7
54.25	27.97
54.86	119.53
55.02	217.78
57.16	190.6
59.95	190.6
62.46	47.63
64.28	49.85
65.87	49.85
68.93	174.26
69.62	174.26
72.87	174.26
73.69	69.52
74.08	69.52
75.58	69.52
79.07	16.74
81.85	121.41
83.63	50.99
85.17	50.99
88.39	50.99
90.4	146.91
92.64	146.91
93.6	146.91
93.71	211.04
94.62	211.04
97.18	211.04
98.53	191.04
101.95	74.43
104.43	74.43
107.01	74.43
107.55	141.91
110.66	141.91
112.0	212.47
113.6	191.46
116.68	191.46
117.74	191.46
119.19	201.11
119.81	201.11
120.13	207.54
120.24	204.37
122.35	162.87
122.77	162.87
123.42	75.68
124.11	75.68
126.94	75.68
127.7	145.26
130.48	145.26
131.02	145.26
131.93	136.78
133.77	136.78
136.17	150.08
136.98	150.08
138.35	150.08
140.62	48.17
143.86	83.37
146.9	83.37
149.1	134.03
151.94	134.03
155.41	22.99
155.89	22.99
158.07	30.74
158.19	30.74
160.38	63.79
162.7	63.79
164.72	63.79
166.44	155.3
169.12	155.3
171.85	152.53
173.81	22.52
176.89	115.4
179.73	222.61
180.4	222.61
183.23	184.86
183.96	184.86
187.27	159.82
190.42	68.01
193.26	68.01
196.44	68.01
197.45	170.78
198.68	170.78
199.46	170.78
202.34	39.11
205.39	39.11
206.9	39.11
208.01	18.5
209.33	5.31
209.85	5.31
210.05	5.31
213.27	96.92
214.53	96.92
216.46	14.57
216.68	105.4
216.87	105.4
218.63	105.4
221.09	25.82
221.65	25.82
224.83	25.82
227.96	163.11
229.3	163.11
230.93	151.25
233.16	151.25
233.31	151.25
236.51	134.48
238.56	134.48
239.78	134.48
242.4	25.0
245.3	25.0
247.71	136.26
250.57	136.26
