0.11	74.52
2.78	74.52
4.02	79.79
5.61	79.79
7.54	74.65
8.62	74.65
10.77	74.65
11.71	163.76
12.43	175.19
12.75	215.97
14.4	43.44
15.33	43.44
16.58	43.44
18.12	57.19
18.78	57.19
20.45	57.19
23.2	32.38
25.07	32.38
26.34	83.39
28.1	110.45
30.03	11.89
32.64	11.89
34.7	11.89
35.49	115.95
37.17	115.95
39.45	115.95
41.16	196.31
42.58	196.31
45.64	196.31
46.26	167.11
48.37	73.97
51.26	73.97
51.86	73.97
54.04	115.46
57.34	115.46
59.09	28.79
59.92	28.79
62.79	28.79
64.31	157.25
66.02	157.25
66.21	157.25
69.7	55.84
71.5	79.59
71.97	79.59
74.29	122.53
76.37	122.53
78.63	224.64
80.96	224.64
84.25	6.39
85.22	6.39
86.3	211.46
88.37	211.46
89.53	211.46
92.89	139.18
95.48	139.18
95.85	139.18
97.43	216.53
98.11	216.53
99.49	153.52
102.45	153.52
102.73	153.52
105.12	102.05
107.82	43.08
108.91	11.79
109.47	11.79
112.97	214.72
115.56	176.71
116.24	80.81
117.8	80.81
120.3	44.23
121.15	44.23
123.83	44.23
126.95	229.04
129.38	38.36
130.12	38.36
131.73	210.86
134.24	187.64
135.99	88.02
138.75	64.84
139.94	34.58
142.99	34.58
146.41	34.58
149.19	64.49
152.5	64.49
155.91	0.92
156.07	184.48
157.34	184.48
159.21	184.48
161.12	124.96
163.43	124.96
166.33	124.96
168.01	100.73
169.56	100.73
169.8	100.73
170.16	81.74
172.3	142.81
174.41	183.61
177.17	18.78
179.84	193.14
180.67	184.75
181.44	184.75
184.62	96.05
187.99	59.35
189.25	59.35
190.77	59.35
193.54	129.56
194.81	129.56
195.57	129.56
196.07	11.67
198.22	65.19
201.46	65.19
203.34	65.19
205.65	92.94
207.24	92.94
209.82	117.84
210.32	117.84
211.44	153.77
212.38	46.09
214.49	46.09
216.58	206.74
218.65	203.14
220.53	203.14
223.78	203.14
224.06	57.82
225.73	71.23
226.47	71.23
226.82	105.53
227.27	105.53
227.82	105.53
229.09	219.97
232.48	219.97
234.04	132.6
235.85	58.01
238.25	58.01
240.77	168.44
243.4	91.94
246.79	212.13
247.03	212.13
249.94	214.93
250.86	214.93
