0.93	117.66
1.92	117.66
4.91	117.66
7.39	22.62
10.56	22.62
11.19	8.05
13.26	103.77
14.18	103.77
15.15	169.27
18.13	169.27
19.83	6.78
21.54	6.78
23.59	6.78
24.97	67.42
27.96	67.42
30.43	67.42
32.02	160.97
34.23	217.24
35.77	217.24
35.87	217.24
38.08	93.38
38.42	93.38
39.28	93.38
40.53	103.82
43.05	166.02
43.52	178.83
45.37	178.83
48.04	30.45
50.37	195.44
51.14	3.39
53.24	221.03
53.71	221.03
54.24	221.03
57.59	214.87
58.86	200.43
59.04	200.43
59.82	21.26
63.01	212.19
66.04	189.77
69.43	189.77
71.73	189.77
74.08	189.0
77.1	189.0
77.43	189.0
80.44	137.58
82.68	167.79
84.0	167.79
85.12	167.79
86.74	143.64
87.64	143.64
90.83	206.74
93.2	111.82
93.8	90.17
96.56	90.17
98.17	90.17
100.64	123.17
102.36	96.69
103.26	96.69
105.39	96.69
107.83	154.2
111.12	154.2
114.38	198.32
115.96	198.32
118.75	158.58
121.07	158.58
121.52	158.58
121.66	114.75
124.03	114.75
127.0	114.75
128.9	12.57
130.09	87.84
131.72	201.56
133.31	201.56
135.86	216.04
139.24	23.29
139.76	23.29
141.52	129.21
143.83	147.97
146.87	147.97
147.48	10.18
147.82	10.18
150.62	203.88
151.58	51.95
152.6	159.57
155.53	188.63
157.26	84.26
158.79	84.26
160.03	84.26
161.17	181.57
163.17	181.57
164.77	162.35
167.18	162.35
168.05	41.13
170.25	2.77
173.1	2.77
174.07	156.21
175.6	156.21
176.54	156.21
177.58	173.35
178.79	136.28
181.88	136.28
182.95	146.43
183.21	174.06
184.41	174.06
187.59	41.01
190.87	41.01
192.93	41.01
195.68	212.07
196.98	68.04
199.02	185.09
199.54	140.01
201.09	114.5
201.46	114.5
202.18	112.62
204.43	172.96
207.49	172.96
209.98	172.96
213.25	72.84
214.67	72.84
217.94	72.84
221.21	13.28
224.24	183.79
227.62	183.79
230.24	183.79
230.96	80.7
232.7	80.7
234.61	80.7
235.25	175.96
237.78	175.96
238.53	175.96
238.98	19.21
240.28	19.21
242.29	19.21
243.46	178.8
245.82	104.76
247.93	104.76
248.69	9.94
251.8	60.08
