1.45	170.1
4.05	170.1
6.54	170.1
9.93	83.08
11.32	83.08
13.97	83.08
14.5	172.24
16.55	172.24
18.15	138.69
19.62	138.69
20.38	138.69
21.35	122.76
23.19	122.76
25.68	175.2
27.73	175.2
28.17	175.2
28.43	145.75
29.12	145.75
31.23	139.29
32.45	139.29
34.76	116.12
34.98	116.12
35.15	51.88
37.01	51.88
40.03	51.88
41.92	161.74
43.42	161.74
46.1	161.74
48.97	148.74
50.23	148.74
51.99	145.39
54.51	145.39
56.38	68.55
58.08	122.58
58.41	122.58
59.68	215.17
62.1	215.17
63.79	11.26
64.31	11.26
66.47	11.26
67.89	104.68
70.21	28.24
71.96	28.24
73.32	186.11
73.67	48.3
76.81	48.3
78.83	44.82
80.18	227.5
81.53	13.82
83.62	13.82
86.44	108.19
88.61	108.19
89.85	108.19
91.53	205.38
92.44	109.88
94.16	19.85
94.54	19.85
96.95	58.0
98.65	58.0
100.36	110.84
103.5	110.84
106.14	25.64
108.39	25.64
111.67	44.18
113.76	44.18
115.29	44.18
117.78	133.88
119.51	133.88
121.0	146.69
124.36	43.05
127.26	70.06
129.6	70.06
131.86	70.06
133.75	212.02
136.41	212.02
138.37	212.02
138.68	50.9
142.09	50.9
145.46	201.63
147.63	6.4
150.35	6.4
151.05	6.4
151.96	166.65
154.53	166.65
156.77	143.17
160.26	9.03
162.36	9.03
162.47	227.32
165.73	227.32
168.56	227.32
170.27	12.73
172.21	12.73
174.39	118.74
177.8	118.74
179.58	118.74
182.08	9.47
183.07	137.02
184.35	137.02
186.89	192.93
188.75	173.51
190.2	43.4
192.1	43.4
193.86	43.4
195.49	89.11
196.38	181.14
197.71	78.94
200.85	1.58
201.6	1.58
204.51	71.97
205.15	119.18
206.26	111.24
206.36	111.24
208.7	111.24
212.15	138.99
214.49	138.99
215.36	140.56
218.48	140.56
219.12	140.56
221.31	168.58
222.36	168.58
223.52	58.46
226.67	7.47
226.78	7.47
229.2	164.43
230.33	164.43
231.95	164.43
234.78	120.62
236.84	120.62
238.93	120.62
240.32	173.82
243.51	6.96
246.38	158.24
249.6	158.24
249.81	36.88
251.92	36.88
