1.75	49.13
3.92	49.13
4.2	107.44
6.45	200.39
7.67	200.39
8.88	200.39
11.32	4.62
11.58	4.62
11.76	4.62
12.93	37.31
16.26	37.31
19.58	37.31
19.87	40.54
20.7	40.54
23.91	40.54
24.35	204.48
25.88	204.48
26.42	227.12
28.27	227.12
28.7	227.12
30.82	64.09
30.93	88.35
33.35	88.35
36.82	88.35
38.5	13.19
41.62	13.19
43.93	23.33
44.27	217.04
44.65	217.04
48.14	217.04
49.87	191.18
52.2	191.18
52.98	136.2
56.17	136.2
57.65	217.67
59.4	217.67
61.03	217.67
63.44	29.97
66.7	66.09
68.49	66.09
69.61	87.65
71.7	87.65
73.37	87.65
75.65	135.63
76.28	172.28
78.05	172.28
81.04	150.52
81.75	176.71
84.41	176.71
87.04	176.71
89.06	120.33
89.57	120.33
92.76	92.03
94.18	92.03
97.64	92.03
100.79	138.88
103.97	138.88
105.56	31.68
105.94	31.68
107.0	31.68
110.16	120.81
112.83	145.41
113.14	19.51
113.48	9.14
113.95	138.18
116.57	138.18
117.37	219.04
120.16	219.04
120.6	224.49
121.52	184.19
122.86	184.19
125.37	202.91
127.14	202.91
127.4	154.62
129.18	154.62
129.9	154.62
133.19	157.03
133.76	157.03
135.41	157.03
136.97	162.87
139.09	162.87
140.03	67.06
140.38	67.06
141.55	105.87
142.4	92.71
143.17	107.56
145.85	28.0
147.08	68.63
148.53	121.47
151.98	121.47
153.79	121.47
156.39	54.23
159.71	57.52
162.32	57.52
163.49	72.86
164.8	72.86
165.7	72.86
167.31	57.97
169.55	57.97
170.08	149.87
171.61	149.87
171.83	149.87
174.4	220.0
175.42	185.77
176.47	28.56
179.14	72.49
181.38	72.49
181.74	221.76
182.36	118.85
184.91	142.26
187.82	70.68
190.38	70.68
193.47	142.54
195.16	50.78
197.56	50.78
199.28	204.63
201.24	204.63
204.14	204.63
207.55	65.31
209.58	189.82
210.37	183.4
210.53	183.4
211.92	39.22
213.17	39.22
215.2	73.56
218.58	101.94
221.05	101.94
221.91	101.94
223.69	66.52
226.86	66.52
227.34	17.75
228.91	17.75
230.95	117.85
231.08	117.85
232.91	107.19
233.53	107.19
234.66	107.19
234.81	28.92
237.5	143.52
239.37	143.52
241.82	143.52
245.18	206.06
246.29	136.21
247.02	65.3
248.3	65.3
249.52	65.3
252.9	35.58
