2.46	74.13
5.19	183.22
8.58	183.22
9.15	129.43
9.94	129.43
11.73	129.43
12.49	96.78
15.91	96.78
16.68	96.78
16.95	23.36
18.16	31.9
21.35	31.9
21.77	34.27
22.66	95.08
23.85	95.08
25.02	196.54
25.24	196.54
25.89	167.2
29.02	228.17
29.58	228.17
30.71	214.34
34.0	214.34
36.8	214.34
39.08	96.14
41.75	96.14
41.86	2.45
42.98	2.45
44.38	2.45
46.31	196.45
49.33	61.93
50.9	61.93
53.89	61.93
54.11	209.49
55.18	45.29
55.81	193.28
56.07	193.28
57.25	193.28
60.18	9.02
62.88	61.53
64.47	96.74
67.13	96.74
69.11	96.74
71.34	94.28
73.68	94.28
76.0	209.19
77.15	40.87
80.07	64.31
81.46	224.6
84.34	120.67
86.21	120.67
88.64	212.2
89.27	212.2
91.57	212.2
92.43	120.87
93.73	120.87
96.11	120.87
97.2	195.28
99.06	38.32
102.1	38.32
103.78	38.32
106.12	28.34
106.31	28.34
107.31	42.97
107.96	42.97
108.82	42.97
111.88	94.4
113.58	94.4
114.96	215.79
117.06	215.79
119.03	82.97
121.29	82.97
123.99	82.97
124.98	0.75
125.96	37.78
127.14	37.78
130.09	37.78
131.0	206.29
133.15	206.29
134.49	176.27
137.23	176.27
139.35	176.27
142.33	156.87
144.9	156.87
147.04	156.87
148.42	179.39
149.59	179.39
150.65	179.39
152.7	56.2
153.46	89.28
154.67	89.28
156.97	89.28
158.35	79.04
161.32	79.04
164.52	36.86
165.16	36.86
167.23	36.86
169.85	10.81
172.22	7.37
174.15	7.37
176.73	200.46
177.29	200.46
179.09	49.32
182.23	49.32
183.37	49.32
185.23	198.81
186.36	198.81
189.17	198.81
191.03	107.86
191.91	107.86
193.73	107.86
194.28	146.2
197.5	146.2
197.64	147.91
197.97	147.91
198.82	4.86
202.2	4.86
204.9	134.64
207.54	95.35
209.62	27.88
212.27	27.88
213.6	27.88
213.79	80.92
216.81	57.75
219.24	57.75
221.17	57.75
222.47	109.37
225.37	109.37
228.38	109.37
229.08	46.54
231.71	38.89
232.04	38.89
233.5	38.89
235.04	38.03
235.59	38.03
236.66	85.48
239.77	150.76
241.77	20.06
245.15	20.06
246.45	195.9
248.94	195.9
249.66	195.9
253.14	41.83
