0.89	166.0
2.5	214.7
4.58	214.7
7.29	214.7
9.19	91.65
12.67	91.65
15.04	92.67
15.77	75.36
17.87	75.36
19.67	64.35
21.79	196.08
24.09	42.09
27.28	42.09
28.99	124.29
29.22	41.77
31.82	41.77
32.18	37.16
34.67	37.16
36.13	37.16
38.17	177.22
40.72	99.21
43.46	99.21
45.53	99.21
47.04	70.56
47.17	46.29
50.24	46.29
51.42	175.69
51.97	175.69
54.74	28.01
55.9	28.01
56.42	28.52
57.27	28.52
58.08	107.74
58.52	107.74
60.58	107.74
61.91	172.21
65.27	172.21
67.29	155.21
68.55	104.51
70.52	104.51
70.78	196.19
72.85	196.19
75.36	196.19
77.15	124.11
80.09	124.11
83.46	124.11
84.9	50.89
86.0	50.89
87.27	50.89
87.87	11.03
89.66	177.65
92.96	177.65
94.53	153.39
97.58	153.39
100.65	170.61
102.92	170.61
105.02	170.61
107.16	34.67
110.12	34.67
110.77	6.01
113.49	6.01
113.88	6.01
116.21	149.85
116.33	149.85
119.69	131.21
120.15	131.21
121.54	151.42
122.98	187.74
124.62	187.74
126.91	70.39
127.81	67.02
130.18	29.77
132.77	29.77
133.87	116.25
136.35	163.93
137.0	163.93
138.06	163.93
140.33	223.32
140.67	223.32
142.45	223.32
143.63	11.88
146.98	11.88
150.0	11.88
150.74	105.93
151.76	105.93
152.62	207.9
153.76	207.9
153.92	207.9
155.67	177.6
156.85	177.6
158.95	177.6
160.12	100.35
161.21	100.35
162.46	38.59
162.59	38.59
164.01	73.82
166.66	73.82
166.89	73.82
169.86	112.49
172.01	112.49
172.22	85.53
173.96	85.53
175.59	85.53
178.97	9.14
179.22	9.14
179.65	9.14
182.85	148.42
185.94	195.03
187.55	195.03
189.74	195.03
192.8	141.99
193.02	141.99
194.54	189.03
197.29	210.94
198.44	210.94
200.81	210.94
201.17	207.53
202.83	207.53
204.67	207.53
205.95	206.74
208.84	226.57
210.48	226.57
213.34	226.57
214.33	76.42
214.71	76.42
216.53	76.42
217.81	54.39
220.18	15.46
223.02	15.46
223.86	15.46
225.26	37.91
226.72	37.91
229.91	37.91
230.71	203.81
232.66	203.81
234.61	97.07
236.12	97.07
239.47	97.07
240.07	65.84
240.83	88.99
242.76	37.61
243.98	34.73
245.88	225.39
246.28	225.39
247.4	225.39
248.32	105.76
251.76	105.76
