1.08	26.32
1.98	167.67
5.32	167.67
6.42	207.13
8.7	207.13
8.91	207.13
9.7	226.29
11.69	72.01
12.28	31.38
14.16	31.38
15.4	110.8
18.66	110.8
20.2	110.8
22.74	203.77
25.24	203.77
26.34	188.69
26.95	188.69
27.6	139.56
28.15	139.56
28.76	139.56
29.22	131.16
29.62	75.02
31.63	75.02
33.25	75.02
35.31	50.79
36.83	50.79
39.03	68.86
39.31	68.86
40.45	211.31
41.96	211.31
42.45	28.79
43.46	28.79
44.4	28.3
46.62	19.32
47.15	19.32
48.69	169.73
51.69	59.06
52.75	79.88
54.79	79.88
56.67	79.88
57.54	44.42
58.94	214.15
62.4	86.12
64.0	93.41
65.83	93.41
68.72	93.41
70.67	3.3
73.05	73.57
73.26	73.57
75.35	73.9
78.77	197.58
81.23	197.58
83.89	197.58
86.66	89.78
89.9	89.78
93.33	88.44
93.57	88.44
95.31	161.1
97.93	161.1
100.15	161.1
103.26	225.15
105.32	225.15
106.94	225.15
110.39	106.46
113.33	106.46
114.03	207.23
116.0	207.23
118.54	207.23
119.19	195.33
120.75	65.28
124.1	220.99
126.45	220.99
129.84	141.58
133.23	221.84
133.76	42.17
136.41	42.17
139.57	7.2
142.45	7.2
144.28	185.05
147.02	123.43
147.83	123.43
151.08	218.11
153.51	218.11
156.01	218.11
159.08	94.01
162.28	94.01
164.96	94.01
166.36	203.13
168.74	52.54
171.18	125.7
173.39	125.7
174.07	125.7
177.2	6.81
180.19	6.81
180.95	153.46
182.34	153.46
183.78	153.46
184.3	185.68
184.91	185.68
186.24	41.41
188.26	41.41
190.08	41.41
192.17	14.44
193.93	14.44
196.92	14.44
199.8	201.95
201.69	201.95
203.89	201.95
204.55	225.84
207.43	132.65
208.06	132.65
208.29	29.49
211.01	29.49
213.4	29.49
215.68	40.15
218.03	34.59
218.34	34.59
221.69	225.82
222.72	74.3
224.99	74.3
225.89	102.35
228.02	38.01
231.44	38.01
234.25	173.62
236.73	173.62
239.29	173.62
241.17	200.08
241.87	200.08
244.89	195.3
247.29	41.01
249.77	41.01
251.96	41.01
