0.66	97.32
3.87	97.32
7.04	107.09
9.67	107.09
12.27	48.66
14.49	127.65
16.12	127.65
17.52	23.12
19.19	92.25
20.17	218.41
21.67	100.5
22.44	100.5
23.82	61.92
24.67	188.01
27.0	188.01
27.92	188.01
30.36	83.36
32.67	83.36
32.88	83.36
33.82	148.59
35.52	148.59
35.86	8.94
38.34	114.76
39.43	114.76
42.17	225.73
45.29	225.73
46.56	93.62
46.9	93.62
50.36	93.62
51.79	210.23
53.19	210.23
55.88	210.23
56.67	154.51
58.29	112.42
60.91	69.85
63.69	69.85
66.68	120.98
68.8	120.98
69.94	79.69
71.78	74.85
74.83	74.85
77.03	93.76
80.47	93.76
81.7	93.76
82.34	203.06
83.71	203.06
87.01	203.06
89.53	209.49
91.18	209.49
93.69	12.08
96.96	81.27
97.33	81.27
99.81	81.27
102.26	90.57
102.46	90.57
102.66	90.57
103.74	133.27
106.63	13.87
107.98	51.78
110.05	51.78
110.49	63.44
111.65	60.33
112.19	60.33
115.26	18.15
116.77	18.15
116.99	1.82
120.27	1.82
120.95	48.17
123.93	48.17
124.49	48.17
125.71	39.56
125.9	137.94
128.38	86.36
130.75	103.53
132.13	140.12
134.42	46.28
137.58	46.28
137.82	46.28
140.83	96.88
142.49	96.88
142.63	96.88
145.68	46.29
147.33	46.29
147.87	46.29
148.3	44.46
149.51	179.17
151.29	179.17
153.31	148.27
156.11	148.27
156.56	95.69
159.09	24.82
159.79	24.82
161.57	200.71
163.18	194.74
163.96	194.74
165.41	194.74
167.65	184.63
169.74	184.63
172.34	41.68
172.44	76.46
175.52	142.64
177.8	142.64
178.13	142.64
179.56	176.24
180.27	115.03
181.33	89.77
181.53	89.77
183.27	226.46
185.44	226.46
188.72	226.46
190.96	107.25
193.02	222.0
195.13	25.84
195.56	25.84
196.61	119.73
198.4	27.86
198.53	27.86
201.51	27.86
204.23	215.52
204.87	215.52
206.77	215.52
209.38	75.03
212.56	135.21
214.39	135.21
216.67	135.21
218.05	48.01
220.15	48.01
221.18	48.01
221.36	120.36
224.79	207.16
226.12	207.16
228.01	207.16
229.87	178.64
232.1	200.93
233.02	200.93
236.07	209.11
238.28	209.11
240.62	209.11
242.05	12.14
244.95	60.69
245.96	60.69
247.18	84.85
247.8	84.85
248.77	84.85
249.42	118.16
251.75	47.93
