0.75	137.56
3.25	137.56
3.69	41.91
6.78	130.52
7.34	130.52
9.36	65.03
12.74	65.03
16.21	65.03
17.65	92.63
19.75	86.66
21.84	86.66
23.97	132.84
24.53	132.84
26.76	127.07
27.4	161.36
27.92	224.62
29.7	158.41
31.67	158.41
33.75	158.41
35.3	33.52
36.3	6.38
39.09	6.38
39.84	61.18
41.42	223.62
42.92	223.62
45.44	223.62
47.26	109.07
48.98	109.07
49.34	134.89
51.76	134.89
54.98	134.89
57.72	116.8
58.99	116.8
61.13	116.8
61.33	219.17
62.78	219.17
66.06	219.17
67.16	23.4
69.67	213.76
71.93	218.44
73.28	153.57
76.05	153.57
78.02	153.57
80.96	85.15
82.5	109.82
84.06	109.82
85.04	28.98
86.68	193.36
89.99	10.22
92.9	10.22
95.96	31.53
98.03	31.53
98.37	125.28
99.86	41.74
100.53	59.6
101.34	59.6
103.77	59.6
106.05	21.63
106.42	21.63
109.76	44.84
112.84	70.56
116.1	30.11
116.48	30.11
116.73	187.83
117.74	187.83
120.75	187.83
121.37	121.42
124.1	121.42
127.08	121.42
128.91	141.45
131.69	141.45
135.06	141.45
137.35	127.03
138.16	127.03
140.27	127.03
140.55	201.29
143.24	178.87
143.5	178.87
144.28	107.57
145.01	107.57
146.29	39.23
147.72	39.23
150.99	39.23
152.33	55.01
155.56	16.76
158.42	81.56
160.61	81.56
162.27	81.56
163.38	229.43
166.88	229.43
168.29	229.43
171.33	13.52
172.32	13.52
175.56	13.52
178.67	54.65
178.9	2.3
181.22	2.3
183.03	30.84
184.84	30.84
188.32	30.84
188.56	172.89
189.19	227.94
189.91	50.22
193.16	50.22
195.94	50.22
197.49	38.47
200.79	38.47
201.81	38.47
204.14	109.79
204.47	109.79
205.92	122.32
209.38	122.32
210.44	176.8
212.26	176.8
215.17	176.8
217.08	113.85
217.29	113.85
220.23	112.91
222.33	112.91
225.16	19.61
227.92	90.09
231.34	90.09
234.77	90.09
235.06	175.79
235.23	175.79
235.38	113.21
235.79	134.17
237.35	31.85
239.71	31.85
241.07	31.85
244.08	115.01
246.5	157.54
248.47	157.54
250.11	82.55
