1.81	185.65
4.72	50.17
5.83	50.17
9.19	145.41
11.37	51.48
11.9	51.48
15.18	51.48
17.49	140.9
19.55	140.9
22.95	140.9
24.28	119.26
25.86	76.38
29.23	76.38
31.43	200.59
34.12	200.59
37.09	200.59
37.77	212.46
41.26	104.6
42.15	182.08
42.5	91.98
43.95	91.98
45.0	92.04
47.63	10.27
49.13	10.27
49.47	10.27
50.57	222.93
52.59	193.57
53.93	193.57
55.29	193.57
58.34	48.98
58.72	210.93
61.26	210.93
63.43	210.93
64.47	184.96
65.96	184.96
68.11	184.96
70.0	137.19
70.28	137.19
71.57	137.19
72.5	182.05
72.84	182.05
73.99	182.05
77.36	135.36
80.04	135.36
83.16	135.36
83.4	126.81
85.7	216.56
86.42	75.12
87.47	46.71
90.01	190.97
90.57	190.97
91.29	190.97
94.01	225.8
94.31	117.67
95.85	117.67
96.72	117.67
99.01	111.93
101.92	111.93
103.79	153.55
106.79	116.08
109.41	116.08
109.75	116.08
112.77	29.62
113.09	29.62
114.75	141.6
116.71	141.6
116.9	141.6
119.05	174.0
121.69	28.23
124.79	28.23
125.12	49.61
125.95	49.61
127.61	49.61
131.06	94.04
132.28	54.67
135.76	54.67
137.23	54.67
140.7	44.39
142.06	5.19
142.7	5.19
145.84	5.19
148.51	155.02
149.47	155.02
150.19	155.02
153.29	116.38
155.93	116.38
158.64	182.24
160.71	71.57
161.19	71.57
163.73	71.57
163.85	60.57
166.73	22.36
168.74	22.36
171.63	22.36
174.53	89.86
174.97	89.86
175.83	89.86
177.21	226.6
180.27	226.6
182.3	226.6
183.37	188.22
185.25	187.83
186.52	56.86
189.95	56.86
190.16	56.86
191.64	189.95
192.02	189.95
193.19	189.95
196.2	80.88
196.91	43.02
198.05	43.02
198.17	69.02
201.58	69.02
201.94	69.02
203.83	69.8
205.56	137.65
206.64	74.4
210.07	147.68
211.79	147.68
214.47	147.68
216.6	19.53
216.86	19.53
219.72	187.1
221.77	187.1
224.3	187.1
226.17	74.68
228.33	74.68
230.33	74.68
230.95	227.09
234.1	227.09
235.84	227.09
238.16	115.95
241.16	150.91
244.31	150.91
246.99	150.91
250.01	52.32
