0.81	81.13
2.48	103.61
3.44	53.66
6.0	53.66
8.21	53.66
11.48	141.09
14.94	141.09
15.79	141.09
17.78	123.1
20.73	107.35
21.78	158.65
23.18	215.08
26.21	12.33
28.96	147.88
31.73	147.88
35.16	147.88
35.49	80.21
38.5	84.54
39.82	84.54
40.65	84.54
42.46	140.94
44.64	19.57
46.01	64.69
46.19	192.86
47.87	192.86
50.75	192.86
52.87	136.02
55.91	136.02
58.56	91.05
61.29	101.92
61.9	139.03
64.6	139.03
66.9	139.03
67.63	110.05
67.96	110.05
70.29	105.35
72.01	191.47
73.05	29.06
75.81	29.06
76.45	29.06
77.13	224.61
79.69	30.47
80.51	30.47
82.13	85.25
84.89	85.25
85.56	57.21
86.63	47.29
87.04	47.29
87.69	124.78
90.74	124.78
94.17	67.51
94.54	81.76
95.31	81.76
98.7	81.76
101.53	152.91
104.41	71.81
106.5	171.43
106.91	171.43
107.93	171.43
110.65	27.44
112.87	27.44
114.96	27.44
115.95	86.74
117.41	86.74
119.55	86.74
122.18	227.89
124.32	227.89
125.78	227.89
126.73	184.8
127.8	184.8
129.4	184.8
132.35	55.55
133.74	55.55
135.81	68.65
137.69	68.65
137.92	165.07
138.74	165.07
141.77	165.07
143.98	198.48
145.54	198.48
147.5	12.3
149.91	12.3
152.51	12.3
154.57	152.69
155.4	152.69
158.0	186.13
161.23	186.13
163.41	83.03
163.89	202.34
166.36	148.2
167.01	148.2
167.55	67.89
170.49	67.89
173.45	141.6
175.19	141.6
178.24	21.82
180.81	21.82
184.24	21.82
185.42	44.5
187.62	44.5
189.62	68.16
191.91	68.16
195.28	106.53
197.21	106.53
200.61	106.53
202.97	163.49
203.86	163.49
205.2	163.49
207.39	225.44
207.89	110.71
208.19	61.4
209.42	75.71
210.95	75.71
213.11	75.71
216.49	157.94
217.92	157.94
218.72	54.92
220.09	54.92
222.62	97.89
222.77	97.89
225.41	97.89
226.88	12.51
228.93	22.56
229.17	22.56
230.84	22.56
233.95	132.25
234.81	132.25
237.93	132.25
240.86	131.03
243.82	131.03
246.77	131.03
248.61	47.5
250.42	136.44
