1.53	31.91
2.71	31.91
4.58	28.07
5.34	28.07
8.64	28.07
9.45	113.37
10.77	113.37
10.95	113.37
12.33	5.49
14.63	5.49
15.24	5.49
18.13	40.92
18.86	48.44
19.14	48.44
19.75	48.44
22.05	139.75
24.0	139.75
25.38	176.77
25.71	176.77
26.84	225.03
29.03	226.08
30.7	59.24
33.24	59.24
35.51	59.24
36.05	175.46
39.1	175.46
40.86	92.81
43.58	92.81
43.93	92.81
44.46	80.11
46.93	80.11
50.28	199.78
51.21	199.78
51.56	163.78
53.37	163.78
54.39	163.78
55.54	212.19
57.72	166.65
61.13	166.65
61.68	121.85
64.17	121.85
66.62	201.52
69.4	201.52
71.64	201.52
73.15	180.67
74.65	104.9
77.63	104.9
80.44	104.9
82.89	160.68
85.47	162.56
88.3	162.56
90.23	27.57
90.97	14.39
93.65	14.39
96.78	14.39
97.25	167.86
99.9	167.86
101.94	102.84
103.78	102.84
104.46	78.29
105.48	78.29
107.8	78.29
110.9	177.87
112.65	177.87
112.8	177.87
115.06	184.96
118.52	112.19
120.02	112.19
122.6	212.71
125.7	57.89
126.17	57.89
126.36	167.15
128.91	167.15
130.98	167.15
131.49	153.23
133.14	153.23
135.91	153.23
137.33	61.3
140.32	21.64
142.8	162.0
145.85	161.05
146.92	161.05
147.74	161.05
150.66	104.14
152.84	62.12
153.67	62.12
156.41	194.17
156.74	194.17
157.07	186.32
159.21	186.32
159.58	61.54
161.24	38.58
163.46	38.58
166.22	38.58
167.08	131.22
168.65	131.22
169.01	214.84
170.93	214.84
172.03	214.84
173.39	184.67
175.94	184.67
176.19	184.67
177.72	15.41
180.72	123.21
182.26	95.22
182.42	95.22
183.9	95.22
187.12	153.55
190.41	153.55
191.2	153.55
193.72	230.1
194.23	230.1
197.44	230.1
199.1	133.21
202.02	78.73
202.38	78.73
203.27	78.73
205.4	97.94
206.83	97.94
207.36	43.39
208.66	104.26
209.94	75.27
210.27	146.3
211.98	146.3
215.23	146.3
216.63	182.67
219.21	182.67
219.59	107.9
222.86	107.9
224.1	107.9
227.34	56.73
227.66	56.73
230.82	145.2
233.72	145.2
237.06	201.59
240.07	20.02
242.48	225.48
242.61	225.48
243.11	225.48
244.09	180.03
247.16	180.03
248.15	5.47
250.01	5.47
