3.36	45.12
4.63	45.12
6.61	213.65
9.01	213.65
9.95	73.84
12.58	171.91
13.74	171.91
15.41	171.91
15.91	174.46
17.13	210.19
18.12	109.16
18.83	109.16
19.31	19.55
21.03	19.55
23.77	126.1
25.59	63.2
26.24	142.72
27.23	31.05
30.64	31.05
31.39	145.43
33.21	145.43
34.14	178.67
36.41	123.72
37.04	123.72
38.26	123.72
39.77	50.19
40.38	194.65
42.98	194.65
43.81	41.08
46.77	41.08
48.38	41.08
51.81	63.98
54.52	63.98
54.98	63.98
58.04	197.13
60.7	197.13
61.09	153.88
63.82	153.88
64.09	153.88
67.17	182.26
69.15	185.85
72.53	73.68
74.46	73.68
75.58	73.68
77.39	197.96
77.59	197.96
79.96	197.96
81.71	195.6
81.98	195.6
82.86	195.99
84.46	195.99
85.88	114.8
86.86	114.8
89.0	114.8
92.05	27.85
94.59	27.85
97.32	27.85
100.73	153.5
102.39	153.5
104.93	153.5
108.33	10.45
111.04	197.79
111.46	123.17
114.57	123.17
117.23	54.65
119.02	46.84
120.72	46.84
122.94	176.75
126.32	211.34
129.66	211.34
130.29	68.6
131.26	201.5
133.25	54.61
136.69	54.61
138.85	54.61
141.6	133.69
142.58	133.69
145.78	89.57
147.96	4.92
148.99	208.01
150.42	208.01
152.36	196.37
153.98	196.37
154.35	196.37
155.08	33.37
156.68	33.37
158.88	164.58
160.77	164.58
163.92	194.06
167.13	62.22
169.96	62.22
172.91	62.22
175.2	129.48
177.12	66.49
180.45	90.81
181.56	90.81
182.09	90.81
183.66	72.88
186.2	64.78
189.38	64.78
190.73	64.78
192.8	230.25
193.94	230.25
196.49	230.25
199.22	153.35
199.5	153.35
201.11	153.35
201.25	96.71
201.88	96.71
201.99	96.71
205.15	198.8
208.32	198.8
208.77	198.8
211.83	17.0
213.22	47.77
213.45	198.78
216.8	198.78
219.89	198.78
222.23	151.19
225.66	151.19
227.55	151.19
229.69	40.97
230.69	40.97
232.63	40.97
235.3	74.42
237.4	201.74
237.92	201.74
241.34	189.06
244.45	129.67
246.55	129.67
248.74	129.67
252.15	144.67
