1.35	205.95
1.52	205.95
2.64	205.95
2.93	120.91
4.42	120.91
5.21	229.27
5.88	28.23
6.6	28.23
7.09	125.23
9.96	125.23
11.06	229.74
12.66	229.74
14.64	163.13
17.31	163.13
20.34	163.13
23.33	230.32
25.74	230.32
28.86	230.32
29.48	211.05
30.35	210.92
33.32	155.0
35.41	155.0
36.77	15.26
39.9	74.91
40.94	170.15
41.17	170.15
44.28	170.15
47.34	57.78
49.01	57.78
49.96	96.16
50.99	96.16
53.87	227.69
55.26	227.69
57.19	227.69
58.75	77.56
61.29	77.56
61.77	92.21
62.26	92.21
63.41	166.22
66.07	166.22
67.18	166.22
70.34	224.15
70.97	224.15
71.24	126.3
72.91	214.7
73.34	95.11
75.8	95.11
79.07	95.11
81.14	184.7
82.47	184.7
85.13	151.22
87.02	151.22
87.54	151.22
90.48	100.56
92.27	81.91
92.4	81.91
93.03	81.91
94.67	197.18
96.57	197.18
98.29	37.38
101.21	37.38
102.28	93.17
104.27	93.17
106.26	199.28
109.53	199.28
112.8	149.04
114.74	149.04
116.24	149.04
117.76	57.78
118.19	57.78
120.84	71.55
121.52	100.81
124.22	197.78
125.38	197.78
128.28	197.78
129.63	78.73
132.95	43.29
133.23	43.29
133.73	43.29
134.41	86.05
134.73	86.05
135.23	46.79
137.49	46.79
140.28	62.33
141.46	62.33
144.32	62.33
145.27	174.47
147.07	120.35
147.61	120.35
149.14	120.35
149.98	165.45
153.25	165.45
155.93	75.83
158.16	75.83
160.47	161.89
161.43	150.99
164.37	150.99
165.3	183.36
168.35	183.36
170.39	217.81
172.01	217.81
173.56	217.81
174.56	47.1
175.85	47.1
179.07	156.78
181.12	60.77
181.53	60.77
184.23	60.77
185.28	29.77
187.71	29.77
188.25	14.19
190.91	14.19
193.11	14.19
196.06	89.91
199.39	89.91
202.56	89.91
202.95	87.53
203.47	87.53
205.42	103.99
208.08	103.99
209.01	179.21
209.16	124.82
211.61	37.39
214.79	37.39
214.92	37.39
215.8	227.23
216.85	227.23
220.29	227.23
221.44	228.95
224.74	228.95
225.49	55.41
225.75	55.41
226.07	55.41
226.92	9.36
229.43	9.36
230.53	6.45
232.72	6.45
234.6	6.45
237.69	110.75
240.6	110.75
243.58	110.75
243.96	10.28
244.1	73.57
244.62	73.57
247.14	204.24
249.26	204.24
252.71	134.27
