0.52	152.07
3.39	152.07
4.52	152.07
6.69	212.04
6.92	212.04
10.2	212.04
10.79	71.59
13.86	71.59
16.78	71.59
19.66	98.5
20.32	98.5
22.78	209.07
23.65	209.07
24.14	166.56
26.5	61.59
29.06	61.59
30.93	61.59
31.59	131.89
34.3	131.89
36.69	24.59
37.66	24.59
40.0	63.15
42.75	63.15
45.08	131.66
47.82	131.66
48.44	173.69
50.35	173.69
52.48	18.34
53.34	18.34
56.56	18.34
59.46	120.88
62.87	76.34
65.78	76.34
69.19	76.34
70.14	61.06
73.6	61.06
76.15	178.3
79.3	178.3
80.09	141.82
80.48	141.82
81.16	92.58
83.06	92.58
85.1	92.58
86.06	120.01
89.12	120.01
91.58	120.01
94.24	142.67
97.62	52.58
98.38	52.58
98.73	52.48
99.55	52.48
100.47	62.77
103.43	62.77
104.29	62.77
107.53	128.12
110.4	75.47
111.1	75.47
112.3	75.47
115.62	5.58
116.79	5.58
120.21	5.58
123.15	26.5
125.2	26.5
127.72	142.79
130.99	142.79
132.41	142.79
133.46	108.38
135.02	113.41
136.12	113.41
137.87	113.41
138.65	115.4
141.96	115.4
142.79	130.1
145.81	130.1
147.24	130.1
148.44	144.4
151.23	135.12
153.99	135.12
154.33	135.12
157.78	44.13
161.12	44.13
162.54	213.88
163.72	67.58
164.76	67.58
165.09	67.58
167.1	73.8
169.64	73.8
172.55	73.8
174.92	59.38
176.58	73.01
177.07	166.85
178.13	97.09
179.08	97.09
181.65	169.98
182.61	169.98
183.09	169.98
183.97	208.48
186.07	208.48
187.73	208.48
187.88	152.12
191.07	152.12
193.9	23.54
197.05	23.54
200.39	23.54
200.82	203.06
204.08	203.06
205.01	203.06
206.54	204.89
208.46	204.89
209.93	204.89
211.77	75.86
213.48	140.47
216.39	140.47
218.7	164.71
222.0	164.71
223.16	164.71
226.28	174.36
229.0	174.36
231.45	174.36
232.83	126.07
235.82	221.08
237.59	81.33
237.95	81.33
238.69	81.33
239.75	60.23
240.5	60.23
241.23	60.23
241.82	89.15
242.36	89.15
244.97	89.15
248.03	137.17
249.04	137.17
250.01	102.37
