0.8	169.45
2.35	169.45
3.51	169.45
4.99	178.63
8.02	178.63
9.26	140.94
9.99	140.94
11.21	226.25
14.01	113.97
15.1	148.27
17.19	148.27
17.44	227.41
20.17	39.71
22.1	10.77
25.07	10.77
27.36	73.54
28.73	73.54
28.97	73.54
30.08	134.49
30.24	110.57
32.7	110.57
33.7	211.7
37.15	44.46
38.02	44.46
40.38	41.67
41.57	41.67
43.17	41.67
46.19	190.2
47.34	190.2
47.8	190.2
47.99	170.45
51.1	170.45
52.76	174.31
52.87	29.79
53.71	29.79
57.0	29.79
59.94	139.81
60.16	139.81
63.06	166.28
63.17	166.28
64.92	191.95
66.92	191.95
67.41	175.5
69.96	175.5
70.14	88.3
71.28	88.3
71.46	146.54
73.09	158.84
73.57	158.84
74.28	158.84
75.75	222.06
77.68	108.9
78.11	108.9
79.19	131.3
81.05	131.3
82.42	143.49
85.18	59.61
85.67	59.61
86.4	59.61
87.62	38.26
90.28	38.26
93.74	213.11
95.26	80.25
97.23	80.25
98.65	187.39
101.23	118.78
101.77	118.78
104.85	118.78
104.99	76.22
108.28	76.22
109.45	15.25
110.47	15.25
113.71	135.23
116.95	135.23
117.9	135.23
119.56	195.35
119.85	195.35
120.32	57.91
121.03	57.91
122.76	192.62
124.12	192.62
125.68	123.8
127.05	90.45
130.13	208.58
130.98	208.58
132.36	208.58
132.51	101.09
134.26	101.09
136.44	120.15
139.08	67.79
139.8	67.79
140.52	157.75
142.1	49.54
143.99	42.34
147.32	35.04
150.24	35.04
151.3	218.0
153.01	218.0
155.73	130.65
156.43	130.65
156.82	105.66
158.22	105.66
159.48	42.47
160.62	42.47
161.27	49.1
162.4	49.1
165.89	149.95
168.97	149.95
170.49	141.49
172.31	141.49
173.15	151.31
175.3	151.31
178.76	151.31
181.78	186.47
183.95	186.47
185.88	78.19
189.09	133.27
190.48	221.09
192.11	94.23
193.48	94.23
195.63	94.23
197.38	148.2
198.12	148.2
201.26	148.2
203.56	97.15
204.91	97.15
206.02	58.11
207.59	58.11
208.3	58.11
209.52	197.2
209.79	197.2
210.66	197.2
214.06	62.56
217.35	62.56
217.62	62.56
218.67	115.73
221.54	115.73
224.23	144.11
226.09	182.67
228.95	155.7
232.14	155.7
233.06	92.54
235.66	92.54
239.04	46.22
241.83	46.22
244.67	46.22
246.4	47.17
247.02	47.17
249.42	47.17
249.88	150.2
253.37	150.2
