0.41	39.35
3.23	39.35
6.52	83.33
8.57	83.33
8.9	83.33
12.11	211.38
14.32	211.38
17.65	211.38
20.25	189.8
23.63	126.04
24.64	126.04
25.08	34.91
25.24	182.14
27.02	182.14
27.65	35.99
30.46	35.99
32.57	43.67
33.19	43.67
36.45	39.91
37.41	39.91
39.03	44.5
40.24	44.5
41.8	157.6
43.64	157.6
43.95	157.6
44.17	134.79
47.65	134.79
48.18	94.84
50.17	94.84
50.7	209.3
51.73	208.34
52.61	208.34
55.3	208.34
56.66	133.06
57.8	86.0
60.08	86.0
61.95	38.54
62.33	38.54
65.16	38.54
67.29	153.71
70.11	126.74
71.2	177.16
73.09	177.16
75.99	215.99
77.86	215.99
79.92	175.95
83.11	175.95
85.94	175.95
86.67	205.41
89.18	205.41
89.48	43.44
91.53	43.44
91.69	74.7
92.89	74.7
94.64	48.27
97.77	172.74
100.08	172.74
102.12	172.74
105.48	68.97
108.98	220.74
109.19	220.74
110.39	42.3
110.99	155.86
111.77	155.86
115.12	155.86
118.55	57.59
120.81	57.59
123.5	102.72
126.79	102.72
127.79	102.72
129.33	153.75
130.74	153.75
131.65	153.75
134.9	144.7
136.78	144.7
139.27	55.0
141.39	55.0
143.35	34.64
143.94	89.2
146.87	89.2
149.3	219.39
151.53	219.39
154.83	219.39
158.09	108.51
161.52	87.47
164.34	87.47
166.76	216.16
166.99	216.16
168.39	216.16
169.73	6.74
170.36	6.74
171.08	128.99
172.26	128.99
175.13	128.99
177.97	207.52
179.24	207.52
179.46	192.38
180.68	192.38
182.52	58.17
184.36	205.38
187.61	205.38
188.77	205.38
190.42	62.95
192.23	62.95
193.72	62.95
194.75	198.12
195.14	198.12
196.81	35.35
197.6	35.35
197.86	35.35
198.2	34.78
201.66	34.78
202.03	34.78
204.96	55.46
207.4	55.46
209.98	55.46
210.93	177.09
211.57	177.09
211.68	34.36
212.4	166.96
214.94	141.67
215.9	141.67
216.61	141.67
217.86	64.48
219.11	101.63
222.33	101.63
223.39	101.63
225.2	37.76
226.25	37.76
227.71	37.76
230.93	156.72
233.58	102.11
235.2	191.33
236.31	100.45
239.59	100.45
240.82	150.82
241.62	150.82
244.5	150.82
245.17	57.17
246.87	57.17
249.87	196.46
250.16	196.46
