0.43	93.73
1.82	213.15
4.05	124.17
6.36	146.72
7.79	146.72
10.43	146.72
13.29	41.86
16.56	41.86
19.37	41.86
21.27	146.58
24.36	146.58
26.59	23.59
27.29	52.71
27.66	52.71
29.82	164.59
30.26	164.59
33.39	83.25
35.99	31.04
38.2	137.16
40.26	33.08
42.19	33.08
43.74	183.8
46.33	183.8
48.23	159.65
50.09	159.65
51.72	159.65
54.67	129.6
58.0	47.0
58.57	36.72
61.58	36.72
62.22	36.72
65.5	108.01
67.75	8.86
69.17	8.86
69.76	8.86
73.1	36.86
73.74	36.86
73.89	185.6
75.87	185.6
78.58	173.69
79.33	157.3
80.68	157.3
81.47	56.23
83.27	56.23
83.65	77.95
86.82	77.95
89.82	77.95
92.31	180.65
93.73	180.65
97.05	180.65
98.85	120.23
99.2	120.23
99.59	120.23
102.0	52.7
105.05	213.86
108.26	213.86
108.45	190.56
110.74	91.22
111.35	38.74
113.76	38.74
115.71	38.74
117.99	107.06
120.5	203.84
122.08	214.69
123.3	214.69
125.14	214.69
125.25	119.1
127.38	119.1
130.6	119.1
131.01	32.24
131.59	14.91
135.03	14.91
135.95	14.91
137.15	223.35
140.17	223.35
142.82	89.84
143.01	89.84
145.63	73.64
146.8	202.43
148.92	202.43
149.1	136.23
152.18	97.99
153.47	97.99
156.77	226.88
159.99	226.88
161.93	100.97
163.35	203.53
164.31	203.53
167.0	221.01
169.36	221.01
169.97	221.01
172.83	195.67
172.97	195.67
173.92	6.83
176.53	7.43
177.64	7.43
180.26	7.43
182.87	133.98
185.39	133.98
186.29	133.98
188.69	220.55
191.82	220.55
192.81	90.7
196.0	90.7
197.58	24.7
198.44	24.7
200.68	73.35
200.8	101.18
202.81	101.18
205.88	101.18
206.49	221.13
208.24	221.13
211.41	184.45
212.28	169.78
214.3	169.78
214.6	25.5
217.2	75.39
220.35	75.39
223.44	75.39
225.38	63.12
228.33	63.12
228.72	63.12
229.52	150.61
229.77	145.03
232.86	103.11
233.49	121.22
236.04	121.22
236.74	121.22
239.77	138.38
241.24	71.53
243.51	71.53
244.7	116.69
246.92	61.46
248.42	61.46
250.05	80.32
