2.82	195.82
4.22	122.64
7.71	122.64
11.0	76.45
13.55	76.45
14.55	76.45
15.11	99.67
17.81	136.42
21.01	136.42
22.39	93.57
25.31	93.57
26.6	95.9
27.85	95.9
29.88	5.08
32.11	72.75
33.81	72.75
34.12	72.75
35.76	10.67
37.7	121.61
37.95	121.61
39.41	121.61
40.83	2.99
44.3	2.99
47.61	2.99
49.12	174.31
51.99	154.49
52.37	154.49
52.56	101.2
52.91	101.2
56.04	101.2
56.99	144.3
60.24	144.3
62.57	144.3
64.28	6.34
65.57	6.34
67.73	74.42
68.05	74.42
70.79	74.42
73.18	134.56
74.43	134.56
77.58	134.56
80.78	175.41
82.65	175.41
84.94	52.69
85.67	190.84
87.82	190.84
88.43	190.84
88.6	143.62
91.19	143.62
93.12	203.28
94.63	116.6
95.74	116.6
97.29	116.6
100.2	83.73
102.21	216.87
102.86	216.87
104.37	71.8
106.66	71.8
108.55	171.67
112.0	171.67
112.92	183.55
115.48	183.55
117.06	183.55
119.87	221.08
121.6	221.08
124.84	221.08
127.41	78.1
127.65	78.1
129.94	79.31
130.47	79.31
133.01	79.31
133.24	7.8
134.8	7.8
137.37	139.61
140.37	84.29
141.39	84.29
142.73	164.45
145.9	228.0
148.19	228.0
149.98	138.55
151.75	138.55
154.19	11.97
154.36	67.16
155.66	67.16
158.73	63.51
160.36	75.21
161.47	61.87
164.76	28.99
165.11	28.99
166.97	28.99
170.09	75.37
173.3	75.37
174.56	3.88
177.88	87.97
178.28	58.9
179.46	58.9
180.64	58.9
183.45	92.87
186.65	140.52
187.57	140.52
188.46	140.52
189.06	30.34
192.2	160.92
194.69	160.92
196.67	160.92
198.34	123.21
200.87	132.27
203.95	132.27
205.91	132.27
206.16	92.9
207.21	92.9
208.03	34.45
210.32	34.45
212.59	34.45
214.58	146.54
215.56	146.54
216.33	24.49
218.22	63.96
220.35	63.96
223.05	90.52
226.42	90.52
228.3	217.08
229.37	158.3
230.1	158.3
232.32	158.3
234.29	24.2
234.46	24.2
235.45	24.2
237.04	205.24
240.03	205.24
243.16	205.24
243.78	165.13
246.79	101.58
247.66	168.25
248.55	168.25
251.95	168.25
