1.22	32.7
4.39	32.7
6.83	32.7
8.67	70.81
11.89	70.81
12.07	104.34
15.33	104.34
15.51	118.6
16.8	118.6
17.4	157.95
18.1	157.95
20.07	157.95
22.4	73.77
25.63	73.77
27.74	33.78
29.17	33.78
30.64	230.02
31.08	230.02
31.61	223.23
32.09	135.89
33.64	135.89
34.61	72.27
36.99	96.02
39.29	96.02
41.55	96.02
44.83	109.64
46.65	109.64
49.18	87.41
50.47	87.41
51.53	87.41
51.99	130.82
55.12	130.82
55.62	130.82
57.18	70.07
59.54	72.4
62.14	72.4
65.56	72.4
68.99	86.29
70.78	86.29
72.44	86.29
75.81	204.1
76.7	204.1
78.43	204.1
81.63	127.96
84.73	6.61
86.87	6.61
90.28	6.61
92.99	223.27
94.66	223.27
95.17	223.27
96.98	218.85
97.71	218.85
100.32	132.25
102.11	37.08
104.42	37.08
106.28	37.08
107.79	149.47
110.59	149.47
111.78	185.02
112.07	185.02
115.23	75.51
118.27	42.86
121.06	31.38
121.35	28.84
121.47	28.84
123.32	18.8
125.83	90.5
126.15	82.01
127.8	82.01
130.99	82.01
134.07	3.27
134.53	3.27
136.12	3.27
136.77	82.78
139.87	82.78
142.86	99.24
146.26	147.64
146.95	147.64
149.29	147.64
152.56	167.4
156.01	167.4
156.49	167.4
159.44	196.69
162.89	167.49
165.66	167.49
169.09	54.25
172.12	54.25
173.55	205.24
176.7	205.24
177.8	205.24
178.31	63.61
181.36	121.08
184.48	121.08
185.77	57.72
188.4	57.72
191.57	225.68
193.81	165.75
194.42	190.02
197.23	190.02
200.71	190.02
201.37	130.94
202.48	130.94
204.51	130.94
206.77	142.34
209.01	142.34
209.31	67.27
210.72	67.27
213.87	67.27
214.57	76.67
216.19	132.02
218.36	132.02
221.54	30.97
224.21	30.97
224.82	53.08
227.43	121.69
228.69	201.16
231.09	201.16
231.31	201.16
234.62	163.35
235.08	163.35
236.64	163.35
236.96	189.27
237.5	189.27
238.23	189.27
241.31	126.88
242.0	126.88
243.11	184.31
243.68	184.31
244.51	184.31
245.02	173.28
248.03	190.58
250.62	190.58
