0.48	203.41
2.15	203.41
5.52	38.24
7.4	146.97
9.17	163.22
10.04	163.22
10.61	163.22
11.44	185.67
13.49	117.27
16.74	117.27
18.46	117.27
19.79	26.73
21.41	26.73
24.07	215.67
24.99	215.67
28.37	215.67
31.75	37.83
35.18	37.83
38.63	37.83
38.74	216.22
41.18	25.1
42.77	25.1
42.96	25.1
45.54	206.22
47.92	206.22
50.36	209.21
51.82	209.21
55.19	121.88
56.18	121.88
58.76	121.88
61.18	122.11
61.52	122.11
64.83	122.11
67.23	99.83
70.61	99.83
72.07	99.83
73.54	84.69
75.73	36.71
76.53	36.71
78.54	206.27
80.08	138.63
82.98	138.63
85.33	138.63
86.19	172.75
88.21	156.48
91.65	156.48
94.4	14.01
96.28	14.01
97.24	116.24
97.95	145.88
100.92	99.83
101.31	99.83
101.65	99.83
104.62	67.61
107.43	134.68
109.79	134.68
111.18	14.61
113.79	115.27
114.89	115.27
115.17	115.27
115.54	86.82
116.16	1.52
117.73	19.74
118.41	19.74
121.82	19.74
124.44	184.27
127.59	61.6
129.8	61.6
130.11	61.6
133.51	215.24
135.48	215.24
138.0	38.91
140.61	2.89
142.96	2.89
145.83	80.84
148.88	80.84
150.71	56.03
151.89	56.03
155.04	56.03
157.08	69.26
159.23	69.26
162.34	69.26
165.41	227.33
168.61	189.81
170.27	189.81
171.8	189.81
174.61	95.25
176.14	161.15
178.16	161.15
180.23	161.15
182.75	14.87
185.35	14.87
188.77	157.82
190.16	158.86
190.96	30.59
191.35	125.27
191.55	116.33
192.66	116.33
194.99	185.45
196.06	185.45
198.37	70.57
199.06	70.57
201.34	214.24
204.22	214.24
207.35	214.24
207.84	108.73
210.14	108.73
213.21	226.66
213.53	226.66
215.06	226.66
217.53	127.4
219.63	127.4
219.78	89.22
220.58	117.15
221.8	117.15
224.61	117.15
226.84	26.68
230.13	26.68
231.04	26.68
232.51	43.68
235.75	43.68
235.96	43.68
237.36	196.77
238.8	120.22
242.18	23.97
242.51	23.97
243.8	23.97
244.07	88.07
244.25	76.24
246.56	84.97
249.87	107.32
252.89	131.75
