3.19	5.67
6.44	149.68
8.69	105.82
10.44	67.95
13.61	67.95
14.93	67.95
15.06	157.51
15.9	157.51
18.06	157.51
20.36	10.64
20.9	10.64
23.59	10.64
26.19	55.9
27.54	124.64
28.79	124.64
32.11	124.64
32.88	124.57
35.58	124.57
38.65	124.57
40.77	36.58
43.96	36.58
45.46	36.58
45.79	45.53
47.43	45.53
48.82	208.04
51.64	122.9
54.48	164.79
55.21	164.79
58.24	164.79
58.86	119.51
61.81	119.51
63.69	60.63
65.87	60.63
68.52	60.63
70.02	122.93
70.88	122.93
71.88	152.82
74.33	152.82
76.16	162.86
79.18	21.67
79.48	185.69
82.07	185.69
84.36	185.69
87.39	218.48
90.37	177.94
93.41	177.66
96.02	177.66
96.18	217.22
98.52	221.81
99.72	152.47
102.06	152.47
104.59	212.44
106.78	212.44
109.0	212.44
109.76	134.27
112.68	134.27
112.98	56.97
115.64	225.22
119.13	169.17
121.74	86.86
123.74	86.86
124.87	207.94
126.25	207.94
126.7	191.9
126.88	191.9
128.11	191.9
129.26	16.62
130.94	16.62
131.63	128.28
133.64	169.69
136.53	195.45
138.74	195.45
139.73	195.45
142.16	60.34
144.34	60.34
146.32	60.34
147.25	85.43
148.86	85.43
149.2	177.45
151.61	177.45
152.98	104.97
154.2	225.11
154.66	15.68
155.1	17.36
157.43	17.36
159.91	17.36
162.56	73.5
163.87	74.8
165.08	74.8
165.41	74.8
167.86	59.71
171.02	59.71
173.46	59.71
175.98	230.43
178.36	189.88
179.13	166.84
181.93	41.62
183.8	41.62
185.85	41.62
186.81	72.63
189.86	167.08
191.74	167.08
194.57	176.16
196.14	176.16
199.18	176.16
201.76	143.42
205.02	143.42
205.42	143.42
208.48	78.0
210.73	177.81
212.77	162.87
215.9	191.64
219.31	43.92
221.22	43.92
221.91	220.48
223.02	220.48
224.69	220.48
227.5	69.07
230.63	5.87
232.48	53.18
233.78	53.18
234.29	2.54
234.64	2.54
237.21	2.54
238.39	162.58
241.57	25.09
242.92	201.65
245.05	201.65
246.81	201.65
249.25	35.5
250.42	35.5
