1.89	66.36
4.85	66.36
5.15	66.36
7.04	184.27
8.89	167.89
10.4	167.89
13.12	125.47
14.36	125.47
16.12	125.47
18.14	112.94
20.33	112.94
23.6	112.94
25.83	87.87
29.05	87.87
32.42	209.95
35.85	209.95
37.31	209.95
38.35	75.19
40.92	75.19
41.43	14.22
43.63	14.22
44.71	14.22
45.59	20.85
48.04	20.85
49.93	20.85
51.38	56.85
52.07	56.85
54.91	90.94
56.1	89.15
58.57	89.15
61.33	2.08
63.89	2.08
65.61	2.08
68.13	192.79
69.94	160.22
72.69	160.22
72.93	112.73
73.45	112.73
73.83	112.73
74.31	96.24
77.8	96.24
80.71	96.24
82.99	179.52
86.29	8.65
89.44	8.65
89.71	80.33
91.67	80.33
92.97	80.33
93.42	85.86
94.5	90.2
95.22	114.73
95.92	114.73
99.26	114.73
100.27	227.37
103.14	227.37
104.29	227.37
105.53	203.11
106.48	203.11
107.15	67.68
110.0	189.67
113.29	189.67
113.8	189.67
115.53	47.71
118.75	47.71
119.99	47.71
123.29	186.48
125.56	186.48
126.07	65.06
128.6	65.06
130.9	65.06
131.1	117.4
131.98	117.4
132.62	161.02
134.17	161.02
136.09	98.33
136.33	98.33
138.94	152.07
139.87	161.67
140.95	104.71
143.87	104.71
146.66	176.19
148.09	176.19
149.09	176.19
152.33	151.06
153.75	151.06
154.94	120.43
156.28	120.43
159.52	120.43
161.93	199.14
162.67	52.09
163.51	52.09
164.24	52.09
165.51	15.4
168.94	15.4
170.73	154.95
171.07	154.95
173.13	154.95
175.74	218.81
176.31	27.83
178.23	112.54
179.51	112.54
180.97	108.16
181.45	108.16
183.12	108.16
186.14	70.4
188.74	70.4
191.2	194.57
192.55	194.57
196.0	20.9
196.78	20.9
200.05	20.9
202.83	197.35
204.19	197.35
205.18	197.35
206.55	213.4
209.86	196.08
213.21	110.78
216.61	100.59
217.35	100.59
218.87	150.92
219.64	151.38
222.36	151.38
224.83	151.38
225.07	75.81
226.51	75.81
229.69	75.81
230.11	184.93
231.79	184.93
233.3	184.93
234.27	93.24
237.46	93.24
240.5	139.45
241.03	87.26
244.44	87.26
246.14	139.46
247.77	139.46
250.21	80.26
