3.25	56.06
4.08	56.06
7.0	56.06
7.58	37.33
10.43	37.33
13.67	37.33
14.06	69.28
14.58	69.28
15.67	69.28
17.68	215.12
20.98	91.91
23.01	91.91
26.5	91.91
27.87	88.18
28.48	88.18
28.97	88.18
32.1	121.79
33.26	121.79
36.57	88.01
38.98	88.01
41.01	180.82
42.89	97.66
46.2	82.18
48.12	82.18
50.14	82.18
51.68	149.03
51.86	149.03
53.14	149.03
55.57	44.65
56.38	44.65
59.15	91.68
62.46	91.68
62.62	133.22
63.13	148.09
64.75	148.09
67.71	149.15
71.11	149.15
72.64	149.15
75.34	89.78
76.31	89.78
77.99	156.96
78.95	156.96
80.12	156.96
81.03	227.84
82.81	227.84
84.54	227.84
86.41	23.83
88.66	23.83
89.26	128.53
90.04	128.53
90.53	207.44
92.15	173.25
93.03	173.25
95.77	194.51
96.6	194.51
100.06	194.51
100.69	88.53
102.32	88.53
105.62	113.58
106.63	44.59
108.28	116.31
108.61	53.71
110.32	186.11
113.57	186.11
114.05	127.41
116.16	98.86
117.34	90.14
119.48	90.14
120.97	90.14
124.11	205.5
124.47	205.5
126.15	205.5
127.84	114.82
128.46	114.82
131.87	114.82
132.99	28.46
135.58	28.46
138.95	57.58
139.55	57.58
142.33	102.91
143.7	102.91
146.5	102.91
149.71	119.85
152.12	119.85
153.32	27.41
154.53	27.41
157.57	138.05
159.67	138.05
161.71	138.05
161.99	27.25
162.37	27.25
164.0	106.07
165.77	106.07
168.72	106.07
171.88	28.79
175.07	28.79
177.87	138.8
180.94	194.76
183.87	194.76
184.99	194.76
185.76	129.56
187.43	129.56
188.41	129.56
189.86	71.3
190.06	71.3
193.17	71.3
193.85	24.21
196.02	100.23
197.45	100.23
197.64	214.21
198.62	214.21
200.13	214.21
200.83	205.06
204.02	76.84
205.08	76.84
208.09	160.97
209.17	160.97
211.1	160.97
211.46	226.52
212.64	226.52
214.8	226.52
217.29	5.88
219.48	5.88
219.65	125.24
221.91	125.24
222.21	125.24
225.62	87.18
228.78	87.18
230.45	44.96
233.4	44.96
233.94	44.96
237.1	225.76
239.15	115.97
239.25	114.09
241.42	87.85
243.7	87.85
245.58	87.85
248.12	47.97
251.08	47.97
