2.44	193.34
4.47	193.34
6.85	193.34
9.6	147.27
12.55	147.27
12.68	214.0
13.59	214.0
16.67	58.05
18.71	58.05
21.49	58.05
21.79	144.24
24.45	144.24
24.78	144.24
24.92	53.67
27.19	23.81
28.95	23.81
29.45	23.81
31.71	127.33
33.53	223.22
35.16	223.22
35.3	223.22
35.83	221.96
38.12	194.54
40.17	133.52
43.4	98.08
45.52	98.08
46.85	98.08
48.85	199.03
52.07	199.03
53.19	199.03
56.59	22.45
57.69	220.64
60.14	220.64
62.8	62.88
64.01	62.88
66.75	62.88
67.42	148.03
69.28	148.03
71.45	148.03
71.78	31.46
74.75	127.56
77.15	127.56
78.3	127.56
78.8	38.72
79.38	38.72
81.47	38.72
83.65	205.21
86.52	205.21
87.45	205.21
88.28	51.96
90.9	3.96
94.3	188.49
96.83	188.49
98.22	188.49
100.25	122.46
100.99	122.46
104.25	122.46
107.75	74.99
110.32	74.99
110.93	74.99
111.27	59.81
112.87	214.24
114.94	18.07
116.36	18.07
117.37	197.26
119.61	197.26
123.09	57.29
123.51	57.29
124.4	161.92
124.59	161.92
127.91	169.1
128.63	169.1
128.75	98.92
131.01	98.92
131.74	98.92
132.79	91.51
134.8	91.51
136.2	101.87
138.16	163.4
140.7	222.38
142.23	120.8
143.53	120.8
146.57	120.8
149.81	172.23
152.44	172.23
155.37	222.46
156.28	222.46
159.41	222.46
160.23	155.82
163.57	4.47
166.91	4.47
168.53	43.96
170.32	170.99
171.76	170.99
173.66	170.99
176.7	60.09
176.82	17.22
176.96	62.66
177.62	64.26
178.19	200.03
181.36	200.03
184.67	204.07
184.8	11.87
187.17	11.87
187.99	11.87
191.47	163.56
194.08	163.56
195.21	213.06
196.27	53.34
197.71	142.01
201.06	129.02
203.4	129.02
204.43	129.02
204.83	227.65
208.24	227.65
211.49	157.31
212.2	157.31
214.63	157.31
217.3	228.51
220.08	202.48
222.85	202.48
225.77	202.48
225.91	161.56
229.27	161.56
231.52	161.56
234.45	94.02
237.19	94.02
239.67	94.02
240.67	119.1
243.0	119.1
244.2	119.1
245.28	12.92
247.0	12.92
249.08	12.92
251.16	8.0
