2.55	101.1
2.87	101.1
3.0	90.74
3.21	119.09
5.89	216.86
9.12	116.11
9.38	116.11
9.79	116.11
10.77	0.7
11.91	220.28
14.88	220.28
16.97	119.76
20.21	181.1
21.23	181.1
23.88	181.27
25.19	23.24
26.48	42.77
28.86	42.77
29.34	42.77
32.64	161.55
35.02	206.02
36.94	206.02
39.3	172.94
40.55	172.94
42.5	199.02
43.4	199.02
45.04	115.46
45.63	115.46
48.7	115.46
51.4	204.68
54.57	204.68
57.74	204.68
58.2	177.43
61.52	91.93
62.06	119.95
63.32	119.95
64.44	64.09
65.6	119.49
67.75	119.49
68.63	134.5
70.64	134.5
71.36	173.54
73.94	173.54
76.03	173.54
76.59	168.57
79.25	168.57
81.55	210.0
83.35	44.0
83.88	44.0
86.33	226.88
86.97	83.34
87.46	83.34
88.31	83.34
89.24	151.07
90.75	151.07
91.19	151.07
94.51	209.79
95.2	130.39
96.18	130.39
98.91	46.4
99.96	46.4
101.57	168.4
102.9	168.4
105.87	186.08
108.86	221.74
109.9	221.74
111.13	221.74
113.03	213.84
113.36	213.84
113.48	213.84
115.97	127.03
116.44	127.03
119.44	127.03
122.4	21.33
124.59	21.33
125.32	21.33
126.06	121.21
127.2	121.21
129.59	108.57
129.91	108.57
130.6	60.94
132.05	60.94
133.67	60.94
136.37	11.52
137.03	184.56
140.26	220.12
140.58	220.12
144.0	220.12
144.68	202.39
147.73	202.39
151.2	70.13
152.9	70.13
154.42	70.13
155.94	148.49
159.23	151.93
162.29	151.93
162.42	151.93
164.32	71.3
167.2	223.89
167.86	223.89
170.26	223.89
172.33	37.82
175.36	186.98
178.56	186.98
178.99	186.98
181.8	112.19
182.74	112.19
184.06	112.19
184.33	84.22
187.52	84.22
189.03	84.22
192.02	201.16
193.25	201.16
193.86	201.16
196.8	66.37
197.94	66.37
199.71	122.45
202.68	122.45
204.09	22.05
204.51	192.69
207.02	192.69
207.53	56.43
208.82	56.43
210.39	58.12
212.74	58.12
215.83	58.12
216.32	6.5
216.5	6.5
217.09	6.5
220.45	80.04
221.16	80.04
221.31	156.49
223.58	156.49
223.78	156.49
225.8	196.24
227.58	196.24
228.16	191.37
230.09	191.37
230.77	78.73
231.02	78.73
231.57	158.83
231.79	158.83
233.08	99.16
234.43	99.16
236.65	99.16
238.1	158.23
239.69	158.23
241.0	3.37
243.0	3.37
243.4	3.37
244.58	11.77
248.08	11.77
251.0	73.03
