2.74	80.36
5.86	80.36
7.28	80.36
9.91	210.34
10.27	210.34
11.2	210.34
11.82	143.56
14.1	143.56
17.59	192.15
21.07	73.16
22.17	73.16
23.49	135.7
24.93	70.23
26.95	70.23
28.41	59.21
30.6	59.21
32.38	229.74
35.19	229.74
36.03	229.74
36.17	41.2
39.32	168.29
41.11	130.86
43.69	172.34
45.06	172.34
46.83	108.27
48.66	108.27
49.83	83.94
53.19	83.94
53.89	191.52
55.24	191.52
57.94	18.84
58.61	18.84
59.71	134.11
62.43	134.11
65.58	134.11
67.02	80.75
68.19	80.75
70.81	5.59
73.34	42.73
74.05	42.73
75.43	42.73
78.1	68.79
78.25	68.79
81.42	68.79
83.97	175.83
84.62	175.83
85.42	145.57
86.8	145.57
89.02	226.41
89.49	226.41
90.31	145.37
93.65	145.37
95.61	145.37
96.35	157.5
97.36	157.5
100.27	157.5
102.0	90.22
104.14	90.22
107.0	90.22
108.77	128.61
109.79	43.02
112.26	43.02
113.89	53.03
114.21	53.03
115.91	45.95
118.67	203.19
120.71	203.19
121.87	58.44
123.91	223.42
127.33	223.42
129.15	223.42
130.03	216.77
131.95	216.77
132.11	67.88
133.33	67.88
134.98	160.17
136.99	100.56
138.68	100.56
139.1	120.52
140.46	120.52
142.58	120.52
142.87	3.95
144.14	3.95
145.25	75.98
146.19	147.23
149.38	147.23
152.03	147.23
154.61	202.38
156.27	202.38
159.74	42.96
163.0	155.77
165.91	37.38
169.04	37.38
172.35	37.38
175.39	76.22
177.77	76.22
180.26	229.84
183.09	130.44
184.87	130.44
186.57	132.67
189.49	203.5
190.03	203.5
190.35	203.5
193.08	148.43
194.44	96.31
195.66	172.49
196.58	76.33
199.88	76.33
202.53	76.33
205.68	160.65
207.0	160.65
209.05	160.65
212.39	174.14
214.52	174.14
217.52	119.59
220.88	203.48
223.01	203.48
225.43	199.29
226.53	199.29
226.72	15.97
229.62	115.0
229.88	115.0
232.51	171.08
235.26	171.08
236.2	171.08
238.71	79.99
239.51	62.86
242.68	62.86
243.27	62.86
245.81	17.68
246.03	17.68
247.34	177.43
248.54	117.32
250.3	111.91
