1.12	40.84
3.5	40.84
4.09	13.25
6.8	13.25
7.48	141.09
9.44	141.09
11.27	88.75
11.82	147.37
14.91	147.37
18.37	147.37
21.53	66.21
23.0	66.21
25.71	66.21
28.99	13.49
31.18	13.49
33.2	13.49
35.73	151.01
37.52	151.01
39.58	90.06
40.84	90.06
43.46	90.06
46.5	159.31
48.93	159.31
49.12	159.31
49.75	60.9
51.45	60.9
54.64	28.32
57.24	28.32
59.84	138.72
62.05	15.1
64.82	5.2
66.59	5.2
70.07	84.71
71.24	84.71
72.79	116.84
74.6	116.84
74.85	107.7
76.18	107.7
76.32	107.7
78.25	133.52
78.37	133.52
81.34	133.52
82.86	145.03
84.37	145.03
85.3	157.42
85.43	157.42
86.9	138.02
89.83	28.42
91.59	80.72
95.03	80.72
97.78	90.46
98.74	90.46
101.07	67.84
102.42	126.71
105.26	126.71
107.81	126.71
109.0	66.45
111.97	66.45
113.45	24.41
116.01	24.41
118.45	24.41
119.68	14.75
120.14	14.75
122.01	14.75
122.46	31.44
125.74	31.44
128.57	31.44
129.75	21.46
133.0	21.46
133.27	73.21
136.33	73.21
138.75	29.23
141.63	153.68
143.42	51.61
146.24	51.61
148.52	51.61
151.42	66.78
153.77	118.36
157.09	118.36
158.73	49.67
160.28	49.67
162.44	141.06
162.64	81.17
164.97	99.89
166.14	36.76
168.61	36.76
171.07	36.76
172.29	133.43
174.53	84.03
176.09	84.03
179.22	84.03
180.28	154.85
183.01	44.11
183.76	44.11
187.1	73.44
188.88	73.44
192.07	73.44
195.38	123.66
196.72	4.04
196.97	106.69
197.13	106.69
199.63	25.86
200.97	25.86
202.46	25.86
205.2	150.46
208.23	150.46
210.61	150.46
212.78	143.63
214.1	31.45
216.25	31.45
217.39	21.35
218.86	88.23
220.32	88.23
220.84	73.45
221.87	73.45
225.31	73.45
226.61	156.92
227.01	156.92
227.39	79.4
229.7	55.45
232.22	55.45
233.26	31.41
235.46	31.41
237.83	31.41
239.57	18.22
240.09	18.22
241.96	69.16
242.94	69.16
245.98	69.16
246.42	111.67
248.33	111.67
250.54	111.67
