2.92	148.85
3.36	148.85
6.58	148.85
9.99	138.55
11.75	138.55
12.69	48.21
15.04	48.21
18.39	53.63
19.04	106.03
20.93	106.03
24.39	106.03
24.79	7.57
27.56	7.57
28.89	104.91
31.4	104.91
31.66	104.91
32.93	138.61
34.84	124.11
35.05	124.11
37.3	21.68
39.52	96.64
41.44	63.94
44.5	63.94
47.88	157.97
49.11	157.97
51.11	111.86
52.68	111.86
55.56	111.86
58.58	119.44
60.63	119.44
60.86	119.44
64.28	80.53
67.71	80.53
67.88	32.45
70.44	32.45
70.93	55.52
74.38	55.52
77.17	55.52
78.99	37.53
81.16	37.53
84.17	37.53
86.83	116.26
88.32	116.26
91.51	116.26
93.28	97.98
95.65	1.85
96.28	1.85
99.02	7.93
101.93	7.93
103.49	7.93
106.16	106.23
106.31	88.6
109.3	88.6
109.83	88.6
111.45	90.29
113.2	156.12
116.22	156.12
118.97	156.12
120.41	138.72
121.69	134.45
123.61	134.45
126.09	134.45
128.55	111.19
130.66	111.19
130.77	114.65
133.65	90.83
134.06	90.83
136.0	156.75
136.92	43.16
139.6	43.16
140.97	111.72
141.93	65.87
143.18	65.87
144.06	90.44
145.82	80.86
147.05	72.75
148.14	139.22
150.69	139.22
153.91	135.98
156.75	135.98
158.92	120.93
162.39	120.93
164.17	146.45
165.13	146.45
165.42	137.82
168.88	89.04
169.09	89.04
170.18	89.04
172.16	127.51
173.04	53.18
175.82	135.81
178.93	122.98
180.21	55.95
181.79	21.4
185.04	102.0
186.17	102.0
186.52	102.0
188.03	83.2
188.61	83.2
189.87	83.2
190.51	52.15
192.24	92.79
195.46	92.79
196.88	3.91
198.12	3.91
200.02	3.91
201.82	74.61
202.33	74.61
205.63	74.61
206.71	54.33
209.15	54.33
209.66	141.46
211.39	130.43
211.82	130.43
212.38	130.43
215.43	3.4
218.03	134.89
220.19	61.16
221.52	61.16
222.55	61.16
225.4	80.25
225.86	80.25
226.83	101.6
227.48	101.6
227.84	40.51
228.13	40.51
228.74	40.51
228.94	99.53
229.26	99.53
229.52	114.75
232.81	114.75
234.34	90.27
235.59	90.27
237.29	11.71
238.89	11.71
239.62	137.96
241.42	152.52
242.93	135.96
245.85	135.96
247.6	42.03
248.16	32.48
251.47	32.48
