1.98	116.25
2.19	115.14
2.34	90.36
3.74	90.36
5.51	120.15
8.16	120.15
10.19	143.9
10.51	143.9
13.57	143.9
15.66	113.94
18.83	94.54
21.27	94.54
21.4	49.97
23.03	49.97
24.4	49.97
25.52	141.92
27.22	141.92
28.95	113.04
30.74	113.04
32.09	132.77
34.07	100.24
36.12	80.76
39.16	80.76
39.78	86.36
41.82	86.36
42.56	86.36
44.9	108.69
46.01	117.14
47.81	152.9
50.0	152.9
50.65	60.89
53.91	60.89
57.25	60.89
58.09	144.32
61.56	114.21
64.17	114.21
64.97	114.21
65.17	73.35
68.46	73.35
71.79	73.35
74.43	46.61
76.93	46.61
77.05	4.47
77.69	4.47
79.92	112.17
80.11	112.17
82.33	112.17
84.5	95.42
85.57	95.42
86.34	86.76
89.02	86.76
92.01	86.76
92.38	2.25
92.61	104.23
94.37	104.23
97.78	68.27
99.78	24.51
100.48	24.51
101.96	24.51
103.95	160.26
107.23	160.26
108.22	1.16
109.74	1.16
110.09	32.76
110.66	32.76
112.45	76.64
115.38	16.45
115.65	17.3
117.6	89.29
117.86	89.29
120.91	24.94
122.45	24.94
123.7	126.91
126.47	126.91
126.97	63.61
127.1	63.61
129.25	108.02
130.43	108.02
131.57	108.02
132.68	57.72
134.9	57.72
136.01	72.47
137.54	72.47
140.18	45.21
143.35	45.21
145.61	142.17
146.58	142.17
148.56	25.55
149.88	25.55
150.55	126.59
151.68	126.59
154.56	36.0
156.82	36.0
158.96	118.65
161.42	118.65
161.73	118.65
164.88	122.53
166.38	122.53
167.04	10.0
168.22	10.0
171.16	10.0
173.62	148.08
174.32	148.08
177.41	64.82
179.27	64.82
180.84	64.82
183.74	72.01
184.13	72.01
184.83	65.0
187.11	65.0
190.16	76.1
192.38	121.83
195.16	18.0
196.45	102.64
197.3	102.64
198.16	102.64
199.38	3.54
199.59	3.54
200.23	118.18
202.68	118.18
205.54	124.36
207.58	102.39
211.06	102.39
213.84	26.82
215.81	26.82
218.89	26.82
219.97	26.26
222.65	26.26
224.88	83.27
228.31	83.27
228.49	77.26
230.82	129.98
231.81	129.98
235.25	136.82
237.5	136.82
240.48	124.68
241.23	124.68
242.08	56.15
245.37	91.1
247.49	115.68
248.81	6.97
250.73	6.97
