0.18	82.34
3.1	82.34
6.39	82.34
6.62	84.83
8.88	16.94
9.5	43.13
10.46	43.13
13.3	122.14
14.2	122.14
15.66	61.04
18.78	61.04
19.14	61.04
21.6	29.93
24.51	29.93
24.83	29.93
26.33	104.9
29.6	104.9
32.1	104.9
32.75	117.78
34.25	18.67
35.31	155.18
37.23	155.18
37.48	155.18
38.15	29.53
38.67	29.53
42.07	18.98
44.72	18.98
44.95	112.18
45.12	149.81
46.21	132.19
48.93	132.19
50.02	136.79
51.56	136.79
52.91	148.01
53.88	24.85
54.85	65.55
57.0	65.55
59.24	46.11
59.69	46.11
60.52	62.05
63.89	62.05
65.17	19.65
65.88	19.65
68.48	19.65
69.0	119.83
70.8	119.83
74.24	119.83
75.39	24.24
78.33	24.24
78.95	95.08
79.61	95.08
81.74	48.1
84.6	0.86
86.74	152.04
89.65	152.04
92.17	131.78
92.76	131.78
96.01	133.22
98.03	14.26
101.02	14.26
103.84	14.26
105.81	160.37
108.0	160.37
108.55	160.37
109.19	68.53
110.58	68.53
111.38	68.53
113.41	60.78
114.22	60.78
115.59	117.24
118.28	117.24
121.3	117.24
123.49	83.48
125.55	128.41
128.08	123.17
128.49	123.17
131.72	90.32
134.24	90.32
135.87	90.32
136.31	80.22
138.08	80.22
141.38	67.51
143.23	67.51
143.89	67.51
144.57	19.83
144.9	19.83
146.43	29.4
147.71	46.74
149.88	46.74
152.81	46.74
153.07	9.83
155.66	53.38
159.12	53.38
162.33	9.51
163.02	9.51
163.72	9.51
167.01	58.53
168.98	40.07
169.19	40.07
170.15	70.44
170.28	70.44
170.47	70.44
171.43	66.14
173.88	66.14
177.1	66.14
179.97	30.38
180.93	30.38
181.07	9.29
181.54	58.38
182.32	33.42
183.65	33.42
185.32	33.42
188.01	16.73
188.97	28.77
190.12	28.77
191.84	28.77
193.69	48.31
194.15	6.13
194.59	6.13
196.66	6.13
198.44	146.32
199.47	146.32
200.98	14.69
202.56	14.69
205.68	144.48
207.73	144.48
209.22	37.92
212.63	37.92
213.02	37.92
216.31	139.87
217.56	139.87
217.93	78.5
218.74	78.5
221.81	78.5
222.66	112.84
226.12	156.84
227.25	112.75
227.8	30.17
230.7	78.22
230.89	78.22
231.88	78.22
232.36	122.69
234.98	122.69
236.26	88.24
239.05	88.24
242.17	117.49
243.78	117.49
245.92	8.02
246.49	8.02
249.98	8.02
251.49	91.21
