0.83	62.2
3.25	126.68
5.24	21.74
6.12	118.39
6.96	118.39
10.46	118.39
12.2	78.92
13.29	82.82
15.93	146.69
17.02	146.69
19.34	126.61
19.88	126.61
21.67	126.61
23.98	128.74
25.2	128.74
26.55	128.74
27.07	13.32
27.69	33.84
29.83	33.84
30.07	33.84
32.61	37.61
32.99	37.61
33.56	99.1
36.66	99.1
37.79	99.1
40.36	40.91
41.19	103.34
44.67	111.37
47.42	63.63
49.55	65.52
52.84	65.52
53.68	36.91
56.25	36.91
56.63	36.91
58.35	75.12
61.44	75.12
64.17	75.12
66.0	8.97
69.16	8.97
71.7	8.97
74.64	158.67
77.0	158.67
79.19	158.67
79.33	18.34
79.96	18.34
82.78	18.34
83.09	46.21
86.23	112.67
86.95	98.43
87.29	128.87
89.34	128.87
92.74	114.46
93.06	114.46
96.32	41.25
96.97	33.59
100.03	33.59
100.32	33.59
102.17	128.26
103.65	128.26
104.23	138.62
106.01	138.62
109.0	138.62
110.08	33.4
112.89	33.4
115.51	33.4
117.87	150.72
120.73	150.72
122.44	104.17
125.01	104.17
126.52	104.17
128.59	114.42
131.15	114.42
134.5	114.42
136.99	41.16
137.13	128.16
139.01	150.57
142.48	94.75
145.43	126.74
147.92	126.74
150.18	126.74
153.48	132.8
154.77	132.8
156.31	114.84
157.53	152.73
159.44	152.73
162.08	114.55
163.74	114.55
167.19	38.19
167.64	38.19
168.96	38.19
171.49	66.19
172.58	146.81
174.71	146.81
177.13	79.17
178.32	79.17
181.3	79.17
181.68	56.29
183.37	56.29
185.26	56.29
186.2	152.58
188.53	52.47
190.89	52.47
191.87	91.25
192.21	91.25
194.22	91.25
196.23	90.77
198.06	8.56
201.36	8.56
201.95	140.67
204.12	140.67
204.35	140.67
206.02	3.11
209.35	3.11
209.51	3.11
211.02	155.3
214.26	155.3
215.71	155.3
216.3	4.05
217.05	4.05
218.91	114.23
221.41	114.23
221.52	141.68
224.55	141.68
224.87	141.68
226.81	85.88
230.02	49.48
231.6	49.48
232.68	79.29
234.79	79.29
234.94	58.04
238.2	58.04
239.67	142.91
242.84	142.91
244.8	142.91
246.66	30.35
247.44	30.35
250.25	149.0
