3.0	62.69
4.54	62.69
5.24	62.69
8.33	5.7
9.13	144.22
12.17	53.84
14.56	53.84
14.96	22.11
17.45	22.11
18.89	22.11
21.48	6.74
21.72	75.24
25.12	75.24
25.55	156.64
28.62	93.14
29.4	93.14
29.53	93.14
30.4	62.05
31.34	62.05
34.64	62.05
36.38	88.91
36.87	88.91
37.78	12.28
41.21	102.65
43.59	37.93
44.8	37.93
45.01	110.98
47.32	110.98
48.12	110.98
49.16	42.55
51.87	42.55
54.67	42.55
54.78	41.04
57.84	41.04
58.79	51.19
60.21	51.19
62.2	50.29
64.53	50.29
67.25	73.8
68.3	73.8
68.46	73.8
70.92	143.12
73.79	143.12
74.48	55.89
76.47	55.89
78.15	55.89
80.57	34.75
80.96	34.75
82.33	34.75
83.33	79.02
86.36	79.02
89.28	73.63
92.36	73.63
95.71	73.63
97.47	105.37
99.8	105.37
100.59	105.37
100.88	111.65
104.05	80.75
105.63	80.75
107.89	80.75
108.3	69.61
110.28	18.61
112.13	70.85
113.65	70.85
115.7	25.52
118.92	25.52
121.62	25.52
123.25	123.42
123.45	123.42
124.31	54.1
125.39	54.1
128.29	43.91
129.82	43.91
131.67	43.91
133.51	104.66
134.19	104.66
135.02	104.66
136.05	117.79
136.38	117.79
139.5	27.06
141.22	27.06
141.64	27.06
144.12	141.05
146.26	153.51
148.13	153.51
149.68	107.58
152.95	37.45
153.62	37.45
153.96	37.45
155.8	87.02
158.08	73.99
161.43	73.99
163.42	94.88
163.73	94.88
166.27	94.88
168.81	14.29
169.77	14.29
171.73	14.29
173.53	7.44
176.82	7.44
179.33	151.81
182.42	151.81
184.4	103.15
186.73	103.15
188.67	147.35
190.49	147.35
192.43	147.35
194.12	11.98
195.69	11.98
198.83	6.25
199.91	19.72
201.82	19.72
203.19	28.21
204.32	28.21
206.96	143.31
207.22	143.31
210.43	135.01
213.42	127.38
216.57	127.38
218.97	127.38
219.72	57.17
221.56	92.74
222.95	92.74
224.96	115.5
228.05	115.5
229.91	115.5
233.4	109.48
234.79	109.48
237.4	62.45
239.92	62.45
241.21	62.45
243.92	125.42
246.19	125.42
248.34	125.42
250.21	73.13
