2.66	101.75
3.31	101.75
3.67	101.75
4.13	40.94
6.94	158.09
7.13	158.09
9.5	62.93
11.23	146.65
14.22	146.65
16.83	7.44
17.66	7.44
20.85	7.44
23.94	82.65
24.38	153.81
27.02	153.81
30.3	146.61
31.16	146.61
32.86	146.61
33.86	71.9
36.51	71.9
37.35	27.27
38.19	27.27
41.08	98.33
43.55	98.33
45.6	98.33
46.89	61.08
49.89	68.19
53.32	68.19
56.0	119.9
56.62	119.9
56.73	119.9
59.99	157.56
62.78	157.56
63.8	99.32
67.24	99.32
67.6	69.92
69.6	69.92
72.74	69.92
73.37	69.5
75.89	69.5
77.77	159.92
80.86	159.92
84.26	151.21
84.38	151.21
86.32	151.21
86.85	27.96
87.1	27.96
89.95	89.6
92.07	89.6
92.75	89.6
96.1	77.09
97.58	106.72
99.57	106.72
100.59	106.72
102.18	82.93
102.35	82.93
103.38	107.05
106.19	107.05
109.56	26.26
110.77	26.26
113.99	26.95
116.43	118.05
117.92	118.05
121.02	21.24
121.45	21.24
121.6	155.21
124.87	155.21
126.58	155.21
129.38	158.11
130.27	158.11
131.55	158.11
133.15	63.22
133.54	63.22
135.98	63.22
138.39	98.21
141.84	157.41
144.36	157.41
147.55	157.41
148.82	148.12
150.09	148.12
150.59	148.12
152.46	98.63
155.75	130.41
159.15	130.41
162.49	30.84
164.49	30.84
165.42	30.84
167.88	30.51
171.28	30.51
174.71	30.51
175.36	142.25
177.26	142.25
178.55	142.25
178.66	62.14
182.12	7.54
184.69	7.54
185.77	21.09
188.28	21.09
190.23	147.34
192.36	147.34
195.24	147.34
197.19	0.76
200.49	141.43
203.3	141.43
205.74	74.72
209.21	74.72
209.84	112.71
211.42	158.25
214.7	93.81
217.61	93.81
218.05	121.33
220.26	106.41
220.36	155.86
221.61	155.86
224.03	155.86
224.94	93.25
225.28	93.25
227.15	102.11
227.67	102.11
229.24	102.11
229.79	64.51
230.73	7.89
231.03	7.89
233.63	113.86
233.84	113.86
234.89	13.74
236.91	80.21
238.73	80.21
240.69	104.22
242.34	129.01
244.92	129.01
245.04	129.01
247.05	0.68
247.21	0.68
249.69	104.97
252.17	51.86
