2.56	75.17
4.48	28.02
5.27	28.02
7.08	85.15
7.35	85.15
10.46	85.15
10.88	10.57
14.2	10.57
17.35	10.57
20.75	58.87
22.58	136.68
22.71	158.77
26.07	47.3
27.11	47.3
28.8	23.37
31.13	23.37
34.28	127.71
35.35	127.71
36.46	127.71
38.79	135.39
39.61	135.39
40.6	95.91
43.87	95.91
47.02	95.91
47.71	54.77
49.28	106.24
50.84	106.24
54.02	106.24
55.08	120.0
57.04	120.0
59.52	111.7
59.74	3.65
60.35	116.55
63.11	116.55
66.27	116.55
68.45	110.99
69.9	110.99
72.69	21.22
75.73	45.07
78.74	45.07
79.22	45.07
81.29	98.05
82.95	47.21
85.9	47.21
87.69	47.21
89.71	78.39
90.5	78.39
91.25	12.37
92.47	135.38
95.04	44.2
97.12	81.89
98.02	81.89
98.73	81.89
99.66	61.1
101.51	61.1
104.56	61.1
106.13	35.65
108.46	35.65
110.46	35.65
112.38	59.55
113.99	102.98
116.27	102.98
119.22	102.98
120.78	83.17
121.63	103.47
124.11	103.47
127.42	117.75
128.13	117.75
131.36	117.75
133.83	126.11
135.39	133.47
138.42	133.47
140.4	133.47
142.27	76.02
145.25	76.02
148.32	76.02
149.83	65.88
151.92	102.05
152.81	84.17
154.12	69.5
156.44	69.5
156.94	37.55
157.31	37.55
158.98	28.06
160.02	81.82
161.58	81.82
164.16	86.64
167.6	44.95
170.41	44.95
170.8	44.95
174.19	3.42
175.97	3.42
177.35	84.84
180.55	84.84
183.33	84.84
184.42	143.17
185.18	143.17
188.19	143.17
190.0	102.22
191.04	102.22
192.91	102.22
194.92	117.05
197.11	117.05
200.55	142.29
202.19	43.86
204.52	122.36
204.86	122.36
207.71	48.8
209.02	48.8
211.49	48.8
211.61	2.75
213.7	2.75
214.49	2.75
215.16	34.67
217.69	34.67
218.41	34.67
219.78	133.35
220.07	5.03
221.8	5.03
222.77	5.03
224.35	108.54
227.2	108.54
228.76	90.97
230.89	90.97
232.66	17.71
236.12	17.71
236.9	21.03
240.39	113.84
241.76	63.26
242.19	61.7
245.3	61.7
246.45	61.7
249.58	82.08
250.69	151.59
