0.24	153.95
1.13	153.95
3.86	153.95
7.18	48.41
9.49	0.91
11.99	80.02
12.83	80.02
14.75	22.85
18.22	16.69
21.67	16.69
22.16	16.69
25.22	39.2
28.42	39.2
29.73	39.2
32.23	23.48
35.03	23.48
36.12	18.13
36.71	18.13
39.94	49.11
42.93	160.35
43.44	22.1
45.2	22.1
45.54	79.97
45.69	79.97
46.47	79.97
48.34	123.17
48.61	45.61
50.32	45.61
52.71	77.18
55.5	77.18
56.33	94.95
56.93	13.8
57.63	77.92
59.97	17.21
62.51	17.21
64.11	17.21
65.98	42.99
68.44	42.99
69.94	42.99
71.23	75.25
71.5	75.25
73.67	75.25
74.21	78.29
75.86	78.29
76.04	44.8
79.39	44.8
80.79	44.8
81.29	42.14
82.74	42.14
85.12	42.14
87.78	112.21
89.88	112.21
90.84	112.21
94.0	80.86
96.41	158.82
98.91	158.82
100.72	61.71
104.06	28.15
106.45	28.15
109.47	28.15
110.59	113.05
111.89	113.05
115.14	149.95
117.93	149.95
118.54	149.95
119.42	65.84
122.75	65.84
125.02	65.84
126.21	36.22
129.7	36.22
129.82	29.07
131.54	29.07
134.69	29.07
135.05	20.79
137.19	20.79
137.5	68.9
138.13	156.77
138.64	156.77
141.72	141.71
141.83	141.71
142.67	45.81
145.37	45.81
148.21	45.81
151.04	144.52
151.51	9.93
154.99	9.93
155.63	9.93
156.01	135.92
156.48	135.92
157.41	135.92
160.22	148.92
163.55	148.92
165.01	66.45
166.22	66.45
167.53	66.45
169.92	160.91
170.3	160.91
171.35	160.91
171.85	153.35
172.95	153.35
174.43	153.35
177.0	140.31
177.36	140.31
180.82	46.3
183.73	69.4
187.03	69.4
187.8	69.4
189.13	27.49
192.37	27.49
194.97	120.45
195.36	120.45
198.38	120.45
199.06	107.83
202.53	107.83
204.39	107.83
205.98	13.71
206.68	74.92
207.77	10.14
210.84	10.14
213.61	80.42
215.77	80.42
217.19	133.71
219.81	133.71
222.95	133.71
223.45	117.31
223.79	117.31
225.66	38.58
228.56	133.19
229.64	133.19
231.55	113.45
232.28	65.21
234.71	65.21
235.0	100.87
236.37	161.83
238.49	161.83
241.92	55.86
242.22	152.38
244.48	152.38
247.4	103.26
248.72	103.26
249.85	28.67
251.17	25.1
