1.71	54.1
2.17	54.1
4.95	81.57
7.08	81.57
8.05	81.57
10.26	8.71
11.44	8.71
14.91	8.71
15.36	42.84
16.62	42.84
17.03	42.84
19.44	18.59
20.71	18.59
23.42	138.12
23.66	138.12
26.83	138.12
28.69	156.09
31.15	156.09
32.94	156.09
34.53	81.31
35.11	24.09
36.65	24.09
37.32	28.73
39.98	28.73
40.26	28.73
41.91	77.04
44.7	77.04
47.65	77.04
50.5	37.19
53.89	37.19
55.75	37.19
58.68	45.04
62.03	45.04
63.09	45.04
65.95	75.93
67.96	75.93
71.14	75.93
74.43	147.69
76.47	147.69
77.46	34.5
80.18	9.78
82.59	9.78
85.84	91.62
87.92	71.03
91.29	71.03
94.6	105.46
96.51	105.46
97.2	105.46
97.8	40.07
100.11	40.07
101.27	40.07
101.39	14.98
104.75	14.98
106.91	14.98
110.24	59.8
110.55	59.8
113.45	49.3
115.73	49.3
119.18	49.3
119.29	84.64
120.58	84.64
123.53	87.89
125.32	87.89
127.18	22.36
128.7	121.08
128.98	121.08
130.63	74.15
133.34	74.15
134.85	145.44
135.62	67.7
138.54	67.7
141.66	151.98
143.62	80.26
147.09	80.26
148.66	80.26
151.63	142.03
154.32	142.03
155.18	124.6
157.66	124.6
158.87	48.78
159.68	48.78
161.45	48.78
163.78	94.9
165.78	94.9
168.65	135.58
171.19	135.58
171.87	135.58
172.27	33.42
173.91	33.42
176.2	33.42
179.68	20.38
181.79	20.38
183.72	122.71
186.7	145.03
190.12	159.46
192.78	159.46
196.27	159.46
197.84	104.7
199.4	60.96
201.52	60.96
201.85	93.12
203.4	93.12
206.24	117.03
208.04	117.03
210.42	141.59
212.15	141.59
213.54	47.45
214.44	47.45
214.74	47.45
217.19	134.36
220.36	134.36
223.56	134.36
224.45	122.5
225.81	122.5
227.58	138.96
228.89	13.27
230.7	13.27
232.92	140.65
233.68	140.65
235.55	26.5
239.02	26.5
242.35	26.5
244.4	122.88
245.75	70.5
249.03	37.55
252.07	37.55
