1.35	144.44
1.52	144.44
2.64	144.44
2.93	84.82
4.42	84.82
5.21	160.79
5.88	19.85
6.6	19.85
7.09	87.85
9.96	87.85
11.06	161.12
12.66	161.12
14.64	114.42
17.31	114.42
20.34	114.42
23.33	161.53
25.74	161.53
28.86	161.53
29.48	148.02
30.35	147.92
33.32	108.72
35.41	108.72
36.77	10.76
39.9	52.57
40.94	119.34
41.17	119.34
44.28	119.34
47.34	40.57
49.01	40.57
49.96	67.47
50.99	67.47
53.87	159.68
55.26	159.68
57.19	159.68
58.75	54.43
61.29	54.43
61.77	64.7
62.26	64.7
63.41	116.59
66.07	116.59
67.18	116.59
70.34	157.2
70.97	157.2
71.24	88.6
72.91	150.57
73.34	66.74
75.8	66.74
79.07	66.74
81.14	129.54
82.47	129.54
85.13	106.07
87.02	106.07
87.54	106.07
90.48	70.56
92.27	57.48
92.4	57.48
93.03	57.48
94.67	138.29
96.57	138.29
98.29	26.27
101.21	26.27
102.28	65.38
104.27	65.38
106.26	139.76
109.53	139.76
112.8	104.55
114.74	104.55
116.24	104.55
117.76	40.56
118.19	40.56
120.84	50.22
121.52	70.73
124.22	138.71
125.38	138.71
128.28	138.71
129.63	55.25
132.95	30.41
133.23	30.41
133.73	30.41
134.41	60.38
134.73	60.38
135.23	32.86
137.49	32.86
140.28	43.76
141.46	43.76
144.32	43.76
145.27	122.37
147.07	84.43
147.61	84.43
149.14	84.43
149.98	116.05
153.25	116.05
155.93	53.22
158.16	53.22
160.47	113.55
161.43	105.91
164.37	105.91
165.3	128.6
168.35	128.6
170.39	152.75
172.01	152.75
173.56	152.75
174.56	33.08
175.85	33.08
179.07	109.97
181.12	42.66
181.53	42.66
184.23	42.66
185.28	20.93
187.71	20.93
188.25	10.01
190.91	10.01
193.11	10.01
196.06	63.09
199.39	63.09
202.56	63.09
202.95	61.42
203.47	61.42
205.42	72.96
208.08	72.96
209.01	125.69
209.16	87.57
211.61	26.27
214.79	26.27
214.92	26.27
215.8	159.36
216.85	159.36
220.29	159.36
221.44	160.57
224.74	160.57
225.49	38.91
225.75	38.91
226.07	38.91
226.92	6.62
229.43	6.62
230.53	4.58
232.72	4.58
234.6	4.58
237.69	77.7
240.6	77.7
243.58	77.7
243.96	7.27
244.1	51.63
244.62	51.63
247.14	143.24
249.26	143.24
252.71	94.19
