1.21	97.68
4.46	97.68
4.64	97.68
5.75	153.61
9.03	5.38
11.75	5.38
12.25	105.47
13.72	105.47
15.3	105.47
18.21	110.1
18.58	110.1
20.46	21.0
20.95	86.73
21.52	86.73
22.25	86.73
25.16	159.19
25.29	159.19
28.64	94.71
29.9	32.28
33.35	32.28
33.97	73.57
36.05	73.57
37.21	29.39
40.37	29.39
42.5	76.7
44.67	76.7
45.1	76.7
48.09	73.99
48.94	99.47
49.25	99.47
49.71	96.59
52.94	95.84
55.02	95.84
57.63	95.84
58.38	35.76
61.1	35.76
61.81	35.76
63.91	37.26
65.83	37.26
68.78	91.07
71.39	91.07
72.61	54.16
74.08	54.16
75.52	54.16
75.71	99.87
77.35	37.98
79.77	13.47
83.08	13.47
84.31	13.47
86.58	28.44
89.6	1.49
89.84	1.49
92.41	1.49
93.62	77.39
94.21	67.35
97.29	67.35
99.98	22.22
101.78	22.22
103.48	17.92
106.49	17.92
108.93	140.07
110.57	69.86
112.96	89.05
116.43	89.05
118.54	89.05
121.91	139.15
125.08	139.15
127.09	139.15
129.27	57.04
129.87	99.68
133.35	99.68
136.77	132.07
139.06	132.07
141.54	59.14
144.82	59.14
147.99	2.43
149.77	2.43
152.22	2.43
155.16	53.43
157.27	53.43
158.6	69.84
161.36	69.84
162.55	69.84
162.7	101.72
163.29	101.72
164.14	129.26
166.76	143.07
169.94	143.07
171.85	143.07
172.89	98.63
173.2	142.78
175.51	142.78
176.68	142.78
176.98	66.17
178.44	66.17
181.58	117.46
183.04	70.79
186.01	70.79
186.9	70.79
188.11	136.05
188.68	157.74
191.87	157.74
193.39	157.74
196.33	38.98
197.92	57.85
198.92	113.88
200.7	121.17
202.01	121.17
203.16	75.42
204.59	75.42
207.51	138.1
209.71	111.07
210.28	50.77
212.0	77.88
214.95	77.88
217.14	131.0
218.79	131.0
220.42	160.48
222.7	160.48
223.8	160.48
225.18	159.04
227.99	159.04
230.05	159.04
231.72	21.92
234.78	21.92
236.71	96.85
237.13	96.85
238.59	33.04
238.89	33.04
239.66	33.04
242.87	14.64
244.0	13.37
247.18	13.37
250.0	13.37
