0.48	142.66
2.15	142.66
5.52	26.87
7.4	103.09
9.17	114.48
10.04	114.48
10.61	114.48
11.44	130.22
13.49	82.27
16.74	82.27
18.46	82.27
19.79	18.8
21.41	18.8
24.07	151.26
24.99	151.26
28.37	151.26
31.75	26.58
35.18	26.58
38.63	26.58
38.74	151.64
41.18	17.66
42.77	17.66
42.96	17.66
45.54	144.63
47.92	144.63
50.36	146.72
51.82	146.72
55.19	85.5
56.18	85.5
58.76	85.5
61.18	85.66
61.52	85.66
64.83	85.66
67.23	70.05
70.61	70.05
72.07	70.05
73.54	59.43
75.73	25.79
76.53	25.79
78.54	144.67
80.08	97.24
82.98	97.24
85.33	97.24
86.19	121.16
88.21	109.76
91.65	109.76
94.4	9.88
96.28	9.88
97.24	81.55
97.95	102.33
100.92	70.05
101.31	70.05
101.65	70.05
104.62	47.46
107.43	94.47
109.79	94.47
111.18	10.31
113.79	80.87
114.89	80.87
115.17	80.87
115.54	60.93
116.16	1.13
117.73	13.9
118.41	13.9
121.82	13.9
124.44	129.24
127.59	43.25
129.8	43.25
130.11	43.25
133.51	150.95
135.48	150.95
138.0	27.34
140.61	2.08
142.96	2.08
145.83	56.73
148.88	56.73
150.71	39.34
151.89	39.34
155.04	39.34
157.08	48.61
159.23	48.61
162.34	48.61
165.41	159.42
168.61	133.12
170.27	133.12
171.8	133.12
174.61	66.83
176.14	113.03
178.16	113.03
180.23	113.03
182.75	10.48
185.35	10.48
188.77	110.7
190.16	111.42
190.96	21.5
191.35	87.88
191.55	81.61
192.66	81.61
194.99	130.07
196.06	130.07
198.37	49.53
199.06	49.53
201.34	150.25
204.22	150.25
207.35	150.25
207.84	76.28
210.14	76.28
213.21	158.95
213.53	158.95
215.06	158.95
217.53	89.37
219.63	89.37
219.78	62.61
220.58	82.19
221.8	82.19
224.61	82.19
226.84	18.76
230.13	18.76
231.04	18.76
232.51	30.68
235.75	30.68
235.96	30.68
237.36	138.01
238.8	84.34
242.18	16.86
242.51	16.86
243.8	16.86
244.07	61.8
244.25	53.51
246.56	59.63
249.87	75.3
252.89	92.42
