0.93	82.54
1.92	82.54
4.91	82.54
7.39	15.92
10.56	15.92
11.19	5.7
13.26	72.81
14.18	72.81
15.15	118.73
18.13	118.73
19.83	4.81
21.54	4.81
23.59	4.81
24.97	47.32
27.96	47.32
30.43	47.32
32.02	112.91
34.23	152.35
35.77	152.35
35.87	152.35
38.08	65.52
38.42	65.52
39.28	65.52
40.53	72.84
43.05	116.45
43.52	125.43
45.37	125.43
48.04	21.41
50.37	137.07
51.14	2.43
53.24	155.01
53.71	155.01
54.24	155.01
57.59	150.69
58.86	140.57
59.04	140.57
59.82	14.96
63.01	148.81
66.04	133.1
69.43	133.1
71.73	133.1
74.08	132.56
77.1	132.56
77.43	132.56
80.44	96.51
82.68	117.69
84.0	117.69
85.12	117.69
86.74	100.76
87.64	100.76
90.83	144.99
93.2	78.45
93.8	63.27
96.56	63.27
98.17	63.27
100.64	86.41
102.36	67.84
103.26	67.84
105.39	67.84
107.83	108.16
111.12	108.16
114.38	139.09
115.96	139.09
118.75	111.23
121.07	111.23
121.52	111.23
121.66	80.5
124.03	80.5
127.0	80.5
128.9	8.87
130.09	61.64
131.72	141.36
133.31	141.36
135.86	151.51
139.24	16.39
139.76	16.39
141.52	90.64
143.83	103.79
146.87	103.79
147.48	7.19
147.82	7.19
150.62	142.99
151.58	36.48
152.6	111.92
155.53	132.29
157.26	59.13
158.79	59.13
160.03	59.13
161.17	127.34
163.17	127.34
164.77	113.88
167.18	113.88
168.05	28.89
170.25	2.0
173.1	2.0
174.07	109.57
175.6	109.57
176.54	109.57
177.58	121.59
178.79	95.6
181.88	95.6
182.95	102.72
183.21	122.08
184.41	122.08
187.59	28.81
190.87	28.81
192.93	28.81
195.68	148.73
196.98	47.76
199.02	129.81
199.54	98.21
201.09	80.33
201.46	80.33
202.18	79.01
204.43	121.31
207.49	121.31
209.98	121.31
213.25	51.12
214.67	51.12
217.94	51.12
221.21	9.37
224.24	128.91
227.62	128.91
230.24	128.91
230.96	56.63
232.7	56.63
234.61	56.63
235.25	123.42
237.78	123.42
238.53	123.42
238.98	13.53
240.28	13.53
242.29	13.53
243.46	125.41
245.82	73.5
247.93	73.5
248.69	7.03
251.8	42.18
