0.39	122.4
2.92	8.61
5.03	8.61
7.81	8.61
8.48	35.13
9.41	35.13
12.36	35.13
15.25	34.56
15.61	34.56
16.77	34.56
19.6	7.08
20.19	3.55
20.7	3.55
21.53	3.55
24.24	161.45
27.32	161.45
30.58	161.45
32.47	115.21
33.93	115.21
36.38	161.54
38.53	161.54
39.18	161.54
41.53	121.27
42.06	121.27
44.37	120.37
46.15	120.37
48.24	131.3
50.38	145.7
52.35	135.73
54.03	135.73
57.19	135.73
58.87	55.06
61.12	13.25
63.89	13.25
66.22	13.25
66.62	34.21
67.01	34.21
67.84	34.21
68.7	100.56
69.86	13.65
70.07	13.65
72.8	13.65
73.69	13.93
75.91	4.85
79.01	4.85
79.95	30.78
82.3	30.78
85.74	30.78
88.08	78.32
90.95	78.32
92.61	78.32
94.36	29.49
96.34	29.49
97.85	29.49
101.04	127.56
104.23	127.56
107.72	113.26
109.22	113.26
110.25	158.92
111.03	158.92
112.28	127.96
115.74	127.96
116.2	37.29
118.08	43.18
121.14	43.18
123.61	43.18
126.56	39.59
127.01	39.59
128.59	39.59
131.19	58.8
132.74	58.8
134.16	58.8
134.71	87.22
136.34	80.74
137.49	80.74
140.0	80.74
140.68	136.92
141.61	104.95
143.26	104.95
146.3	39.14
146.69	39.14
147.63	124.0
148.29	89.44
149.63	89.44
151.09	89.44
151.52	155.22
153.12	155.22
156.54	107.26
157.05	107.26
159.27	107.26
162.11	146.66
164.82	146.66
165.76	80.0
168.94	122.36
172.08	122.36
172.78	95.21
174.81	95.21
177.88	95.21
179.25	34.92
181.09	34.92
182.76	34.92
183.5	102.76
184.25	102.54
185.32	72.97
186.89	30.1
189.47	30.1
189.75	159.19
190.44	159.19
191.15	37.56
193.8	37.56
195.69	37.56
198.88	41.24
199.48	48.49
201.48	79.44
202.63	110.29
202.8	32.37
204.93	32.37
206.62	32.37
206.72	5.92
208.58	5.92
211.14	5.92
214.35	159.14
215.8	101.8
216.31	101.8
217.59	83.21
220.02	83.21
222.65	83.21
223.11	149.07
226.52	149.07
229.8	70.88
230.67	142.03
234.13	142.03
235.84	142.03
236.36	147.08
239.13	147.08
242.62	130.67
243.66	103.37
244.02	103.37
244.83	103.37
246.39	52.36
247.28	52.36
248.08	52.36
249.09	145.96
252.54	145.96
