0.89	116.43
2.5	150.57
4.58	150.57
7.29	150.57
9.19	64.31
12.67	64.31
15.04	65.02
15.77	52.89
17.87	52.89
19.67	45.17
21.79	137.52
24.09	29.57
27.28	29.57
28.99	87.19
29.22	29.35
31.82	29.35
32.18	26.11
34.67	26.11
36.13	26.11
38.17	124.3
40.72	69.61
43.46	69.61
45.53	69.61
47.04	49.53
47.17	32.51
50.24	32.51
51.42	123.23
51.97	123.23
54.74	19.7
55.9	19.7
56.42	20.05
57.27	20.05
58.08	75.59
58.52	75.59
60.58	75.59
61.91	120.79
65.27	120.79
67.29	108.87
68.55	73.33
70.52	73.33
70.78	137.6
72.85	137.6
75.36	137.6
77.15	87.07
80.09	87.07
83.46	87.07
84.9	35.74
86.0	35.74
87.27	35.74
87.87	7.79
89.66	124.6
92.96	124.6
94.53	107.59
97.58	107.59
100.65	119.67
102.92	119.67
105.02	119.67
107.16	24.36
110.12	24.36
110.77	4.28
113.49	4.28
113.88	4.28
116.21	105.11
116.33	105.11
119.69	92.05
120.15	92.05
121.54	106.21
122.98	131.67
124.62	131.67
126.91	49.41
127.81	47.04
130.18	20.93
132.77	20.93
133.87	81.55
136.35	114.98
137.0	114.98
138.06	114.98
140.33	156.62
140.67	156.62
142.45	156.62
143.63	8.39
146.98	8.39
150.0	8.39
150.74	74.32
151.76	74.32
152.62	145.81
153.76	145.81
153.92	145.81
155.67	124.57
156.85	124.57
158.95	124.57
160.12	70.41
161.21	70.41
162.46	27.12
162.59	27.12
164.01	51.81
166.66	51.81
166.89	51.81
169.86	78.92
172.01	78.92
172.22	60.02
173.96	60.02
175.59	60.02
178.97	6.47
179.22	6.47
179.65	6.47
182.85	104.1
185.94	136.79
187.55	136.79
189.74	136.79
192.8	99.6
193.02	99.6
194.54	132.58
197.29	147.93
198.44	147.93
200.81	147.93
201.17	145.55
202.83	145.55
204.67	145.55
205.95	144.99
208.84	158.9
210.48	158.9
213.34	158.9
214.33	53.64
214.71	53.64
216.53	53.64
217.81	38.19
220.18	10.9
223.02	10.9
223.86	10.9
225.26	26.64
226.72	26.64
229.91	26.64
230.71	142.94
232.66	142.94
234.61	68.11
236.12	68.11
239.47	68.11
240.07	46.21
240.83	62.45
242.76	26.42
243.98	24.4
245.88	158.07
246.28	158.07
247.4	158.07
248.32	74.2
251.76	74.2
