1.72	40.11
4.44	69.64
6.48	69.64
8.28	69.64
9.96	60.9
13.28	60.9
15.0	60.9
17.14	119.8
17.59	119.8
19.61	63.85
20.8	63.85
22.1	27.57
23.65	114.39
24.92	114.39
27.47	42.88
28.28	42.88
29.36	114.47
32.17	114.47
33.19	55.42
33.44	55.42
35.74	90.84
35.84	116.04
36.49	116.04
38.75	116.04
41.19	70.89
41.37	70.89
43.74	70.89
47.04	68.6
48.01	68.6
50.45	32.71
51.09	32.71
51.79	61.01
53.56	61.01
56.54	32.15
58.44	32.15
61.76	105.35
65.08	105.35
68.07	71.19
69.16	160.61
71.06	46.99
72.61	46.99
75.9	46.99
79.29	129.87
80.52	62.67
81.91	11.21
83.6	17.39
83.95	17.39
87.0	17.39
89.26	36.74
91.57	147.7
91.7	38.0
92.76	38.0
93.6	38.0
95.09	36.94
96.48	69.95
99.85	69.95
102.89	69.95
104.83	7.63
106.42	13.84
106.65	143.16
109.6	143.16
111.39	155.12
112.99	155.12
116.44	55.64
117.27	55.64
119.76	38.01
120.77	38.01
123.11	38.01
124.14	93.33
126.55	93.33
129.34	93.33
129.66	66.98
131.19	66.98
132.14	130.42
134.87	130.42
137.92	40.17
140.17	40.17
143.26	40.17
146.37	78.34
146.85	119.85
149.82	49.03
153.25	89.31
155.6	89.31
156.65	5.77
157.56	5.77
159.86	5.77
161.42	127.46
163.03	127.46
164.3	127.46
165.91	5.89
168.81	16.19
170.59	16.19
172.42	35.3
173.11	35.3
175.41	35.3
178.82	158.61
181.99	158.61
185.45	158.61
188.6	108.25
192.09	108.25
193.28	0.67
195.4	0.67
195.89	84.2
197.66	127.73
200.18	127.73
200.31	105.37
203.61	105.37
205.76	105.37
207.77	93.42
208.6	93.42
210.98	93.42
212.88	149.76
213.77	19.71
216.89	19.71
217.1	19.71
219.11	10.27
220.69	10.27
222.13	50.26
225.17	125.55
227.39	125.55
227.71	125.55
229.27	121.53
230.83	121.53
232.6	121.53
233.67	122.15
236.4	122.15
238.12	89.06
241.04	89.06
242.4	89.06
242.9	30.83
244.0	9.71
244.99	9.71
246.48	29.99
249.84	29.99
252.51	29.99
