1.25	110.84
1.79	0.41
4.04	109.21
6.62	109.21
7.89	94.74
9.41	69.18
11.78	69.18
14.55	156.32
15.39	149.73
15.72	43.09
18.39	43.09
21.66	48.1
23.74	48.1
24.59	48.1
26.9	123.0
28.92	123.0
30.66	123.0
32.97	117.75
35.75	117.75
38.27	133.41
39.34	133.41
41.1	70.42
44.31	70.42
44.54	70.42
44.99	8.27
48.05	8.27
49.1	8.27
52.11	63.12
52.3	7.22
55.16	7.22
55.66	113.5
56.83	113.5
59.89	36.88
62.65	36.88
65.44	36.88
66.73	135.14
67.27	135.14
70.62	135.14
73.44	151.88
74.65	76.29
77.36	76.29
77.89	35.04
80.91	35.04
81.89	81.07
84.34	81.07
86.82	81.07
90.24	115.75
92.24	32.41
93.42	12.86
95.87	12.86
99.32	12.86
102.33	133.71
105.54	133.71
108.73	147.7
109.29	132.91
111.8	107.18
114.33	47.33
116.81	158.64
119.05	158.64
119.73	158.64
123.04	139.37
124.14	72.47
127.59	72.47
128.06	72.47
130.01	130.61
132.96	19.91
136.15	19.91
139.01	19.91
139.36	78.69
140.73	109.04
142.52	109.04
145.15	109.04
146.67	38.97
146.84	38.97
148.84	38.97
150.47	49.53
153.61	153.33
154.89	153.33
156.27	153.33
157.94	113.27
160.58	113.27
163.24	113.27
165.05	49.35
167.07	49.35
167.85	49.35
170.26	143.2
171.54	108.92
172.93	108.92
176.07	108.92
176.55	13.7
178.14	13.7
178.88	119.61
181.73	119.61
183.97	119.61
184.5	125.63
186.68	125.63
188.01	125.63
190.95	91.29
194.23	91.29
194.94	62.2
197.37	19.64
198.42	19.64
199.43	19.64
200.7	146.64
202.8	146.64
205.1	146.64
206.03	29.97
208.37	161.22
210.94	161.22
211.86	161.22
215.03	82.06
218.37	82.06
221.58	83.51
221.8	128.72
223.35	128.72
226.17	128.72
226.45	29.27
227.29	29.27
227.83	32.08
229.92	51.61
230.28	51.61
232.25	51.61
232.76	105.3
236.23	14.79
236.77	129.83
238.75	129.83
240.81	129.83
241.45	47.4
244.08	153.28
247.48	153.28
250.89	101.3
