2.99	54.82
6.16	54.82
7.65	54.82
11.03	78.71
13.02	78.71
14.5	78.71
15.27	91.22
17.21	53.78
20.58	53.78
21.58	89.48
23.79	89.48
25.83	89.48
26.21	2.38
29.4	2.38
32.84	139.18
33.51	161.13
33.96	161.13
36.87	32.38
37.98	32.38
39.3	32.38
40.89	46.2
41.87	46.2
42.66	88.81
46.14	88.81
48.9	88.81
51.36	129.4
51.52	129.4
52.11	17.58
53.26	17.58
55.39	17.58
58.67	150.53
61.12	15.06
64.46	97.2
65.41	122.27
65.94	122.27
67.22	122.27
67.73	30.96
68.67	30.96
71.91	89.59
72.78	89.59
74.78	89.59
74.92	51.98
75.71	13.85
78.08	13.85
79.89	33.41
80.57	33.41
81.66	97.74
84.81	97.74
88.07	97.74
90.49	119.03
93.18	35.29
95.23	147.42
98.08	147.42
101.44	143.29
104.68	96.64
105.82	96.64
105.93	96.64
109.27	127.65
111.84	127.65
112.8	127.65
113.69	110.86
114.83	110.86
116.96	110.86
117.68	77.14
119.14	77.14
122.49	77.14
123.78	119.82
126.15	119.82
126.83	119.82
127.02	122.32
127.13	122.32
129.6	114.07
131.42	114.07
132.39	114.07
134.27	161.41
137.02	161.41
140.01	161.41
143.38	39.03
143.91	39.03
147.02	39.03
147.67	77.48
150.5	77.48
152.9	86.89
153.81	69.95
154.83	83.93
156.52	17.05
159.07	17.05
160.09	161.45
162.75	161.45
163.43	161.45
163.79	14.74
166.73	14.74
169.18	14.74
170.28	141.62
171.87	141.62
174.15	141.62
177.41	29.27
179.64	29.27
180.62	29.27
183.12	115.18
186.21	75.65
188.49	91.52
190.1	91.52
193.49	42.96
195.82	42.96
199.31	42.96
202.4	10.31
204.57	20.36
205.93	20.36
207.7	20.36
209.27	72.33
210.45	102.62
211.92	18.34
213.58	18.34
214.14	18.34
214.34	66.25
215.67	65.45
217.94	65.45
218.66	144.35
219.51	144.35
221.81	144.35
224.28	121.38
225.7	121.38
228.14	80.22
229.38	80.22
231.14	80.22
234.42	120.76
237.18	120.76
238.61	61.69
238.81	18.73
239.49	18.73
242.02	18.73
244.32	138.75
247.25	138.75
249.1	138.75
250.13	1.7
