2.76	69.45
5.49	83.32
8.4	83.32
8.79	113.6
9.26	17.9
10.49	76.45
11.38	105.32
14.59	105.32
14.89	105.32
17.74	74.03
20.34	74.03
23.15	74.03
24.68	158.17
25.79	59.78
27.13	146.36
27.87	146.36
28.69	42.97
30.37	50.45
33.7	80.81
35.3	54.83
36.7	54.83
38.23	54.83
38.43	132.09
39.96	153.68
40.94	153.68
41.85	3.51
44.64	3.51
45.8	15.87
46.71	65.21
50.04	31.2
50.23	31.2
52.82	31.2
54.5	99.23
55.25	99.23
57.42	99.23
59.26	91.08
62.06	91.08
62.36	10.63
64.03	54.86
64.92	54.86
67.3	54.86
70.7	44.5
72.07	44.5
75.32	44.5
76.53	34.19
76.69	34.19
78.28	155.55
79.28	155.55
81.45	155.55
84.45	113.32
85.28	113.32
85.66	161.97
87.28	9.29
88.39	9.29
89.03	9.29
91.33	46.62
94.48	46.62
96.77	0.38
97.22	131.92
100.21	131.92
100.6	117.08
103.27	117.08
105.04	122.52
106.02	122.52
107.48	23.95
109.85	23.95
112.29	23.95
112.45	144.56
114.42	144.56
115.79	52.61
116.84	52.61
120.25	117.58
121.41	148.65
123.71	148.65
126.47	148.65
129.45	125.0
131.53	125.0
132.06	125.0
135.06	86.79
135.38	14.13
136.73	14.13
139.12	14.13
140.8	7.21
143.56	120.94
143.83	152.72
144.34	152.72
147.68	152.72
148.24	128.26
149.43	140.6
152.12	99.86
154.83	99.86
155.25	99.86
157.01	132.91
160.15	20.73
161.92	107.65
164.55	107.65
165.65	1.54
167.48	127.15
170.76	68.27
173.0	68.27
175.17	149.84
177.79	149.84
178.12	25.6
180.33	25.6
182.82	25.6
183.22	15.59
184.54	15.59
186.16	85.98
188.47	126.75
191.8	126.75
193.22	126.75
196.11	5.88
197.1	49.74
200.19	59.01
200.75	59.01
202.78	50.99
205.55	109.61
206.34	109.61
208.59	109.61
211.09	93.4
214.23	93.4
215.77	89.13
218.73	89.13
220.74	25.44
222.14	44.42
224.87	82.76
225.44	82.76
226.55	82.76
229.19	38.12
229.84	38.12
231.3	38.12
233.84	129.44
234.58	114.05
236.07	31.07
238.77	96.38
241.79	41.91
244.32	41.91
244.65	115.83
245.71	115.83
246.06	115.23
247.65	159.49
250.83	136.88
