2.93	5.55
4.26	5.55
6.97	5.55
9.07	15.95
11.92	69.75
13.65	69.75
15.56	44.81
18.41	44.81
19.9	142.12
22.2	42.36
24.59	42.36
25.3	42.36
26.92	156.77
27.61	156.77
29.02	156.77
31.59	74.1
34.93	74.1
36.31	117.46
36.89	117.46
37.36	26.12
39.22	63.78
42.07	63.78
43.8	71.7
45.4	71.7
46.61	35.02
48.26	35.02
50.5	35.02
53.32	104.77
56.47	104.77
58.11	104.77
60.97	30.98
64.45	23.71
66.38	23.71
68.37	143.03
70.69	143.03
74.13	76.03
77.1	76.03
80.49	157.89
82.67	157.89
84.85	33.82
86.25	33.82
86.49	33.82
89.55	59.12
90.35	0.47
92.67	0.47
94.33	0.47
94.87	133.89
95.74	97.81
98.01	97.81
100.77	160.77
102.23	83.61
102.7	83.61
105.76	83.61
106.81	17.27
108.17	17.27
111.59	111.65
114.98	111.65
116.68	147.01
117.44	27.41
119.19	40.98
121.96	40.98
122.26	40.98
125.19	81.19
125.93	81.19
126.33	30.38
126.66	30.38
129.18	135.75
131.14	136.87
132.56	66.28
134.5	5.08
135.75	5.08
137.26	64.5
139.61	155.62
142.97	113.19
143.51	113.19
146.86	113.19
147.59	74.1
148.83	74.1
150.69	159.22
151.49	159.22
151.74	29.22
154.77	29.22
156.19	29.22
156.58	111.9
158.13	152.93
158.56	152.93
159.99	33.0
161.38	112.02
164.02	112.02
165.65	44.66
167.03	44.66
169.69	87.78
172.96	59.6
174.36	59.6
177.34	18.05
179.18	18.05
181.58	18.05
183.13	20.78
185.33	14.47
187.53	14.47
190.28	67.87
193.08	67.87
195.66	23.89
197.4	23.89
197.63	23.89
200.79	80.83
202.15	123.28
204.73	123.28
207.92	123.28
210.83	56.14
214.06	56.14
215.7	56.14
218.52	149.99
221.28	149.99
221.79	112.26
221.9	112.26
225.08	83.65
225.43	83.65
228.46	27.21
229.2	27.21
230.51	27.21
233.48	0.2
236.97	118.4
239.48	3.83
239.74	3.83
242.25	23.72
243.8	23.72
245.81	23.72
248.01	8.35
248.73	8.35
249.46	8.35
251.68	9.13
