2.67	70.9
4.0	108.75
5.78	108.75
6.59	92.44
9.88	8.51
10.59	8.51
12.05	8.51
14.62	80.12
14.97	80.12
18.0	80.12
20.63	86.14
23.62	86.14
25.15	92.1
25.79	61.92
26.27	61.92
26.52	149.58
27.22	149.58
29.51	149.58
30.35	41.96
32.71	116.35
34.67	116.35
35.16	116.35
37.73	19.11
39.58	40.55
41.84	109.37
44.33	109.37
45.35	109.37
45.59	23.46
45.99	160.46
48.96	160.46
50.29	160.46
52.51	131.61
54.72	131.61
57.58	45.47
59.41	45.47
61.47	45.47
63.24	107.78
65.37	107.78
66.09	107.78
67.92	141.91
70.9	141.91
72.24	141.91
74.74	114.62
76.79	105.03
77.56	105.03
79.83	105.03
82.52	27.14
84.54	112.05
86.94	150.09
87.22	43.06
89.12	2.89
92.04	31.39
94.22	31.39
97.36	21.16
100.34	21.16
103.37	21.16
105.16	141.27
108.33	141.27
110.85	56.42
111.63	28.05
112.74	28.05
114.69	28.05
117.79	109.31
119.45	68.8
122.92	51.93
125.01	51.93
128.17	95.73
129.03	95.73
132.11	95.73
135.38	66.64
137.35	66.64
138.28	66.64
139.03	122.78
139.98	122.78
141.57	122.78
143.14	86.65
146.35	86.65
148.68	39.61
151.65	39.61
154.28	39.61
154.47	80.17
155.48	143.17
156.2	143.17
156.39	45.59
157.5	45.59
158.28	45.59
158.78	131.2
160.66	144.94
160.93	89.46
163.24	132.07
165.36	141.42
165.77	141.42
168.28	41.84
168.9	41.84
171.24	41.84
172.41	56.98
175.45	134.5
178.41	134.5
179.31	134.5
182.53	135.29
186.03	135.29
186.89	135.29
187.77	44.96
190.38	44.96
191.84	44.96
194.78	9.24
198.08	9.24
199.64	4.25
201.24	98.54
201.59	156.9
204.04	80.49
204.52	80.49
207.97	14.86
210.18	14.86
210.89	5.21
212.7	5.21
213.66	5.21
217.1	60.92
218.87	60.92
221.42	121.51
222.46	115.12
223.56	115.12
224.58	145.37
226.63	145.37
228.04	145.37
229.71	59.12
230.9	76.49
231.74	76.79
232.26	76.79
235.65	76.79
239.01	111.54
242.0	111.54
245.28	8.12
246.99	8.12
247.82	151.67
247.99	151.67
251.36	77.81
