2.8	38.29
3.32	38.29
5.25	119.47
6.47	95.8
9.96	95.8
11.51	132.46
14.23	132.46
15.19	146.84
15.5	143.98
15.72	143.98
16.31	19.3
16.49	86.31
17.28	45.09
20.18	45.09
22.7	45.09
26.03	54.75
29.32	54.75
29.52	40.42
30.41	153.43
31.94	68.28
32.63	68.28
33.54	68.28
33.8	108.94
35.74	108.94
39.14	108.94
39.5	63.11
42.56	63.43
44.45	140.61
47.85	140.61
50.95	140.61
52.05	86.28
55.01	86.28
56.33	125.26
58.3	125.26
60.79	76.22
62.54	76.22
65.94	76.22
68.67	73.83
71.94	73.83
73.75	73.83
75.82	12.03
77.83	12.03
79.02	12.03
82.22	92.88
83.22	87.83
86.25	144.61
87.09	144.61
88.58	144.61
89.38	149.51
91.51	149.51
94.42	149.51
95.46	5.29
96.36	5.29
99.14	5.29
102.19	51.43
102.84	108.05
103.12	108.05
104.13	28.49
105.82	28.49
107.05	28.49
108.27	28.39
109.83	28.39
111.34	28.39
111.72	127.87
114.35	127.87
115.48	136.94
117.56	136.18
118.54	130.92
119.6	9.56
120.33	11.04
122.56	11.04
125.77	20.11
127.72	72.8
128.01	72.8
129.07	2.03
131.7	70.47
133.87	70.47
134.69	155.82
134.84	114.11
136.15	111.37
138.52	111.37
140.81	141.0
141.89	141.0
143.52	151.42
143.65	102.14
146.54	102.14
148.06	102.14
150.64	18.95
153.82	160.34
156.46	15.3
158.23	15.3
160.71	15.3
163.46	115.16
164.51	78.02
165.48	78.02
167.46	78.02
167.6	154.39
167.87	13.01
170.53	13.01
172.95	13.01
174.89	158.01
175.97	158.01
178.89	158.01
179.51	36.42
179.91	36.42
181.47	26.58
182.8	26.58
183.66	77.38
185.33	77.38
187.91	77.38
190.05	160.14
190.59	160.14
191.14	160.14
192.46	131.88
194.86	131.88
195.33	19.11
197.63	63.84
198.9	63.84
201.25	63.84
202.15	23.97
205.28	23.97
205.63	23.97
205.83	88.82
206.24	88.82
207.71	88.82
209.15	22.58
212.48	22.58
213.9	22.58
215.97	63.62
219.22	63.62
221.51	63.62
221.99	23.22
224.55	23.22
225.16	23.22
227.71	7.46
230.24	140.01
230.84	140.01
231.95	140.01
234.37	14.86
235.4	14.86
236.24	14.86
236.83	145.45
240.31	43.34
241.47	43.34
243.88	11.04
244.75	11.04
245.51	11.04
247.75	48.62
248.1	133.48
248.9	133.48
251.86	106.58
