2.39	22.76
2.76	22.76
3.6	22.76
5.36	130.68
6.93	130.68
9.01	51.12
10.85	73.65
12.02	87.38
15.39	87.38
18.11	6.14
19.15	6.14
21.78	11.9
22.22	106.53
22.73	24.2
23.24	24.2
26.04	56.39
28.46	56.39
29.09	22.0
31.64	22.0
31.91	22.0
33.04	75.4
35.91	49.24
36.49	49.24
37.69	49.24
41.11	129.9
42.31	129.9
44.38	43.74
46.88	46.44
47.47	26.71
50.48	35.93
52.14	157.71
54.33	157.71
54.65	73.16
56.13	57.16
57.93	57.16
58.18	57.16
60.4	156.58
63.62	156.58
65.8	156.58
67.27	74.08
69.41	74.08
72.0	71.75
73.75	71.75
76.38	69.88
78.3	69.88
79.86	69.88
81.32	20.47
84.34	20.47
85.35	85.45
88.06	37.0
90.7	10.96
93.96	58.34
95.78	13.9
96.88	13.9
97.61	5.62
99.58	68.78
99.7	68.78
100.99	68.78
103.08	7.15
104.96	139.31
106.5	139.31
107.95	78.18
110.99	88.94
113.5	88.94
113.86	88.94
115.64	70.82
117.12	135.13
118.15	135.13
119.28	96.83
122.06	96.83
122.73	96.83
123.03	77.42
126.21	77.42
128.53	129.84
129.55	129.84
130.12	3.84
131.53	146.1
133.13	146.95
133.69	146.95
136.61	106.16
138.13	106.16
139.73	106.12
140.87	106.12
143.39	73.87
145.82	73.87
148.34	73.87
151.09	93.4
151.67	93.4
153.77	24.96
156.89	24.96
160.03	24.96
163.11	40.64
165.24	40.64
165.58	51.12
168.25	14.04
171.68	48.18
173.99	48.18
177.15	87.63
179.48	160.4
181.56	11.88
184.36	69.36
187.48	69.36
190.24	69.36
191.29	121.9
191.87	121.9
194.79	67.18
196.05	67.18
196.37	67.18
198.02	8.19
199.88	8.19
202.3	8.19
205.73	98.15
209.21	98.15
210.05	98.15
210.18	90.01
212.26	71.97
215.31	71.97
218.78	89.81
221.18	89.81
222.97	89.81
224.53	139.56
226.48	139.56
228.28	87.22
230.33	6.31
232.57	6.31
233.62	6.31
233.82	84.65
236.81	119.05
239.96	119.05
242.25	119.05
242.39	48.26
243.44	48.26
244.22	115.34
246.61	115.34
249.56	133.44
252.7	133.44
