0.61	4.84
3.17	90.34
4.22	90.34
5.68	90.34
9.08	67.47
10.87	67.47
12.28	46.92
14.87	36.78
15.91	109.23
18.56	109.23
19.9	161.66
21.93	7.25
23.27	152.18
24.05	152.18
27.34	153.74
28.39	153.74
28.7	153.74
29.04	97.03
30.91	97.03
32.36	97.03
34.89	16.46
35.37	16.46
36.61	16.46
38.66	129.83
40.89	129.83
43.19	129.83
43.75	24.87
45.38	24.87
46.89	24.87
48.96	87.15
49.13	122.92
50.6	122.92
51.01	159.44
52.64	159.44
54.79	54.95
55.83	117.89
57.78	117.89
59.29	21.2
60.06	148.04
62.99	148.04
65.49	148.04
66.19	133.59
67.76	133.59
70.83	133.59
73.82	160.12
76.48	55.35
77.62	55.35
80.04	105.26
80.56	105.26
81.89	105.26
84.41	143.56
87.44	143.56
89.16	129.72
92.51	129.72
93.02	135.98
96.03	35.32
97.29	35.32
100.76	35.32
101.29	149.55
103.93	149.55
104.41	138.18
107.26	138.18
109.26	157.92
109.39	157.92
111.47	157.92
112.54	142.98
112.95	123.0
113.56	123.0
116.59	58.73
119.33	58.73
120.35	58.73
120.78	28.74
121.98	28.74
124.5	28.74
125.6	50.67
128.88	50.67
128.99	93.56
131.63	93.56
132.42	102.23
132.84	102.23
135.29	102.23
138.01	37.82
140.8	107.47
142.44	120.28
144.43	63.89
145.12	63.89
148.29	63.89
149.25	76.16
149.72	76.16
152.33	76.16
155.61	154.73
159.09	154.73
161.89	51.64
165.05	51.64
168.24	99.35
170.06	99.35
170.68	6.87
173.65	127.07
173.81	127.07
176.74	127.07
178.49	18.46
181.11	18.46
181.35	105.83
181.71	105.83
182.12	105.83
183.37	95.61
185.03	97.14
185.41	97.14
186.4	97.14
186.65	41.23
187.99	40.51
188.27	40.51
191.73	40.51
194.78	119.38
196.4	119.38
199.26	119.38
202.39	69.24
204.42	69.24
207.86	62.14
210.72	62.14
213.73	62.14
216.9	74.34
219.86	74.34
220.62	40.97
223.96	40.97
225.49	40.97
227.93	35.9
229.39	7.52
230.88	83.65
232.55	83.65
234.87	44.23
236.68	44.23
238.52	21.92
239.23	21.92
239.93	4.04
240.19	50.63
242.23	50.63
244.63	83.46
247.42	83.46
249.99	55.43
250.59	55.43
