0.1	92.53
2.02	92.53
3.03	47.02
5.01	126.22
6.31	126.22
7.03	126.22
8.95	127.31
11.1	94.25
13.68	94.25
14.72	94.25
16.37	111.08
19.85	133.96
21.45	84.44
24.65	79.81
25.51	130.92
27.83	110.18
29.76	136.03
33.0	136.03
36.03	15.92
36.67	65.52
37.71	65.52
40.1	65.52
41.7	26.78
43.22	100.07
45.8	100.07
46.37	100.07
48.17	144.76
48.74	144.76
49.02	144.76
52.1	29.05
53.17	153.79
54.83	153.79
57.73	153.79
58.0	125.19
60.38	103.37
62.7	103.37
63.51	68.9
65.85	68.9
67.75	68.9
68.46	121.31
69.48	121.31
70.87	140.91
72.5	140.91
75.4	140.91
75.66	1.69
78.83	1.69
81.07	13.16
84.03	61.35
85.29	62.48
86.26	132.34
87.45	132.34
89.27	132.34
90.35	95.62
93.77	24.04
94.54	24.04
97.75	85.03
99.86	113.62
103.15	113.62
103.84	113.62
106.53	59.34
109.05	64.06
112.02	64.06
113.37	64.06
114.52	70.9
114.83	70.9
117.12	70.9
118.45	73.19
119.76	73.19
120.52	73.19
121.43	159.95
121.78	33.22
124.77	144.57
127.73	144.57
130.1	144.57
130.68	49.17
132.0	148.62
134.13	138.16
135.97	108.6
136.81	108.6
137.83	108.6
138.14	141.38
141.4	141.38
143.75	83.88
145.58	83.88
147.25	126.9
149.5	126.9
150.44	82.92
153.52	50.92
154.65	50.92
156.82	50.92
159.69	13.95
162.76	13.95
165.89	13.95
166.8	111.83
168.0	111.83
168.86	69.81
168.96	69.81
169.83	69.81
170.71	150.83
172.17	150.83
172.91	150.83
174.31	61.05
176.6	61.05
179.44	61.05
181.18	21.32
182.85	21.32
184.7	21.32
186.23	115.89
188.12	47.51
189.12	60.22
190.74	60.22
194.18	60.22
195.08	121.88
196.62	121.88
197.96	121.88
200.39	73.34
202.98	73.34
203.59	73.34
203.73	98.74
204.19	129.63
206.88	72.63
209.03	72.63
209.39	72.63
211.5	157.48
212.23	157.48
214.46	156.73
214.83	156.73
216.98	65.82
218.75	65.82
220.28	128.53
221.71	128.53
224.4	32.25
227.71	32.25
230.2	77.51
232.13	77.51
232.57	77.51
233.73	152.21
236.75	152.21
238.23	152.21
241.16	93.38
243.84	124.47
244.91	124.47
245.85	34.95
245.99	34.95
248.81	54.06
251.18	145.1
