0.95	154.6
4.26	154.6
7.06	154.6
9.24	51.88
12.73	51.88
14.88	51.88
18.11	114.41
20.4	125.91
22.22	125.91
25.7	125.91
26.86	152.71
27.31	97.29
30.15	97.29
30.73	16.02
32.87	16.02
36.07	16.02
38.43	64.23
40.72	29.71
43.83	29.71
45.71	29.71
46.02	109.74
46.65	109.74
49.22	114.52
50.33	114.52
53.37	89.5
56.21	128.18
58.13	128.18
59.91	27.4
60.21	145.8
62.29	60.46
64.21	160.65
66.09	160.65
67.43	160.65
70.4	12.78
72.72	12.78
75.37	12.78
76.74	81.82
79.93	15.92
80.19	15.92
83.6	15.92
86.87	33.76
89.94	33.76
92.69	100.52
94.28	100.52
94.62	100.52
97.48	137.89
98.09	137.89
100.95	137.89
103.8	40.52
104.04	40.52
104.24	40.52
107.11	73.54
107.25	73.54
108.47	73.54
109.46	140.25
111.91	132.59
112.54	135.55
114.81	135.55
115.34	135.55
115.84	77.98
116.37	77.98
119.68	77.98
123.0	34.04
125.07	34.04
126.62	34.04
127.14	27.22
127.36	27.22
129.31	66.97
129.54	66.97
132.47	139.22
134.47	139.22
135.38	23.81
137.48	23.81
140.44	23.81
143.33	69.51
143.64	6.06
144.87	6.06
147.27	57.52
149.05	59.8
151.03	59.8
153.86	59.8
154.21	70.23
157.26	70.23
160.41	70.23
160.95	30.28
162.33	30.28
163.4	30.28
166.71	36.0
168.9	36.0
169.48	36.0
169.79	143.19
172.36	143.19
173.3	143.19
176.33	69.76
176.82	69.76
179.07	69.76
179.86	39.45
182.35	147.19
185.15	147.19
187.81	17.32
189.51	60.05
189.96	60.05
192.62	60.05
195.72	107.77
198.57	135.08
200.55	16.39
201.4	73.84
201.86	73.84
204.33	64.65
204.46	64.65
207.19	64.65
210.57	85.26
212.64	111.26
215.06	80.18
216.42	80.18
219.36	140.32
221.7	91.7
223.71	91.7
225.13	90.32
226.1	90.32
229.23	90.32
229.99	94.94
231.55	94.94
234.08	65.8
236.82	65.8
238.02	71.53
240.76	71.53
243.61	110.61
246.73	110.61
248.7	94.61
251.45	157.67
