1.21	89.59
3.77	39.27
6.78	39.27
7.42	39.27
9.91	80.26
12.77	80.26
16.12	80.26
17.69	157.32
20.77	61.59
21.69	61.59
22.39	127.92
22.86	127.92
26.1	141.57
27.91	117.99
30.16	73.45
32.88	42.56
35.05	42.56
37.64	42.56
39.13	20.9
40.57	10.65
42.33	85.84
43.35	85.84
43.96	74.95
44.79	127.91
46.4	127.91
49.7	127.91
53.11	151.53
55.84	151.53
56.77	75.92
59.52	37.44
61.26	8.43
62.96	25.86
63.41	8.02
65.53	8.02
68.95	8.02
71.19	42.38
74.53	42.38
77.07	45.73
78.88	45.73
82.17	45.73
83.78	100.01
86.54	100.01
88.92	74.87
91.5	74.87
93.58	74.87
93.85	73.02
97.2	73.02
98.81	73.02
101.24	57.49
103.79	57.49
105.95	57.49
108.39	52.71
109.79	52.71
110.82	52.71
110.96	15.13
111.8	15.13
112.57	15.13
114.21	74.79
117.11	98.42
120.57	98.42
122.59	26.64
123.65	26.64
124.88	160.17
126.6	97.44
127.98	140.12
130.6	51.42
132.15	51.42
132.65	51.42
135.37	158.21
137.07	34.54
140.31	34.54
141.8	34.54
144.71	11.63
147.93	75.92
149.18	106.42
149.45	106.42
151.35	58.01
151.89	144.02
154.47	144.02
155.69	144.02
156.65	51.53
159.06	51.53
159.84	71.08
160.25	3.53
161.34	123.88
163.9	123.88
164.02	5.82
167.13	5.82
168.86	14.09
171.27	122.25
173.37	122.25
174.43	146.81
177.27	146.81
177.47	146.81
179.01	111.24
181.45	75.13
182.38	54.75
183.59	54.75
184.42	81.33
185.56	18.18
186.44	63.83
187.09	63.83
190.3	139.04
192.44	139.04
195.15	139.04
197.95	12.66
199.16	12.66
201.25	12.66
203.11	57.06
205.59	57.06
206.82	16.94
207.2	16.94
210.27	122.02
212.48	46.47
214.31	46.47
215.95	46.47
218.16	51.8
218.73	136.01
220.0	136.01
221.95	136.01
224.94	68.92
227.52	68.92
229.95	68.92
231.42	99.81
232.62	99.81
235.86	160.3
236.92	160.3
237.73	160.3
239.59	99.37
240.19	99.37
241.65	61.74
245.07	152.72
245.26	5.77
246.37	104.97
248.61	110.73
249.0	110.73
251.68	110.73
