0.66	68.28
3.87	68.28
7.04	75.13
9.67	75.13
12.27	34.17
14.49	89.55
16.12	89.55
17.52	16.27
19.19	64.73
20.17	153.17
21.67	70.51
22.44	70.51
23.82	43.47
24.67	131.86
27.0	131.86
27.92	131.86
30.36	58.5
32.67	58.5
32.88	58.5
33.82	104.22
35.52	104.22
35.86	6.33
38.34	80.51
39.43	80.51
42.17	158.3
45.29	158.3
46.56	65.69
46.9	65.69
50.36	65.69
51.79	147.44
53.19	147.44
55.88	147.44
56.67	108.38
58.29	78.87
60.91	49.03
63.69	49.03
66.68	84.87
68.8	84.87
69.94	55.93
71.78	52.53
74.83	52.53
77.03	65.79
80.47	65.79
81.7	65.79
82.34	142.41
83.71	142.41
87.01	142.41
89.53	146.92
91.18	146.92
93.69	8.53
96.96	57.03
97.33	57.03
99.81	57.03
102.26	63.55
102.46	63.55
102.66	63.55
103.74	93.48
106.63	9.79
107.98	36.36
110.05	36.36
110.49	44.53
111.65	42.36
112.19	42.36
115.26	12.78
116.77	12.78
116.99	1.34
120.27	1.34
120.95	33.83
123.93	33.83
124.49	33.83
125.71	27.79
125.9	96.76
128.38	60.6
130.75	72.64
132.13	98.29
134.42	32.51
137.58	32.51
137.82	32.51
140.83	67.98
142.49	67.98
142.63	67.98
145.68	32.51
147.33	32.51
147.87	32.51
148.3	31.23
149.51	125.66
151.29	125.66
153.31	104.0
156.11	104.0
156.56	67.14
159.09	17.46
159.79	17.46
161.57	140.76
163.18	136.58
163.96	136.58
165.41	136.58
167.65	129.49
169.74	129.49
172.34	29.28
172.44	53.66
175.52	100.05
177.8	100.05
178.13	100.05
179.56	123.61
180.27	80.7
181.33	62.99
181.53	62.99
183.27	158.82
185.44	158.82
188.72	158.82
190.96	75.25
193.02	155.69
195.13	18.18
195.56	18.18
196.61	83.99
198.4	19.59
198.53	19.59
201.51	19.59
204.23	151.15
204.87	151.15
206.77	151.15
209.38	52.66
212.56	94.85
214.39	94.85
216.67	94.85
218.05	33.72
220.15	33.72
221.18	33.72
221.36	84.44
224.79	145.28
226.12	145.28
228.01	145.28
229.87	125.29
232.1	140.92
233.02	140.92
236.07	146.66
238.28	146.66
240.62	146.66
242.05	8.57
244.95	42.61
245.96	42.61
247.18	59.54
247.8	59.54
248.77	59.54
249.42	82.9
251.75	33.66
