0.33	14.02
2.93	14.02
5.12	14.02
7.31	149.36
7.43	140.06
7.65	140.06
9.81	140.06
11.28	63.57
14.39	63.57
14.71	63.57
18.09	75.2
18.45	92.52
21.45	92.52
23.94	4.87
27.22	4.87
28.37	4.87
31.27	132.63
33.44	132.63
34.82	104.49
36.7	104.49
39.59	104.49
42.49	110.07
44.57	110.07
44.86	49.34
46.3	49.34
46.98	120.45
47.46	120.45
47.63	120.45
49.11	67.13
49.59	67.13
53.02	67.13
54.57	60.94
55.23	60.94
57.2	60.94
57.63	40.42
60.86	40.42
62.32	23.77
63.75	23.77
64.11	23.77
66.94	150.28
69.11	150.28
71.84	90.82
73.84	90.82
74.55	90.82
75.05	67.0
76.58	67.0
78.43	67.0
78.62	6.58
79.94	6.58
81.48	62.32
84.45	62.32
85.84	62.32
86.09	73.51
88.69	73.51
90.29	73.51
93.58	67.42
96.02	67.42
98.34	67.42
99.17	16.76
101.05	16.76
103.22	16.76
106.6	21.45
107.49	154.25
108.63	154.25
110.75	123.29
112.82	123.29
113.26	64.51
114.44	113.26
114.84	113.26
117.69	85.62
120.33	132.92
123.23	132.92
126.34	132.92
128.5	65.37
131.38	65.37
131.75	65.37
132.08	160.66
134.88	160.66
135.04	80.87
137.22	80.87
137.48	80.87
139.41	105.61
140.82	105.61
143.46	144.39
144.61	144.39
147.01	62.06
148.39	140.36
150.85	153.89
151.35	153.89
153.35	153.89
155.83	66.67
156.77	4.23
159.46	36.44
161.27	121.0
164.7	121.0
165.2	155.82
166.22	44.85
169.06	10.0
172.49	10.0
174.31	10.0
175.05	137.65
178.4	137.65
179.36	137.65
182.66	20.31
183.54	20.31
184.55	20.31
187.8	95.6
190.12	95.6
191.98	95.6
192.56	38.98
194.04	38.98
196.03	38.98
196.93	129.89
198.08	129.89
199.66	149.38
202.8	149.38
206.2	149.38
206.96	12.92
207.85	12.92
210.65	12.92
211.82	61.75
214.31	61.75
216.14	61.75
218.44	27.45
219.58	27.45
222.17	120.33
225.04	120.33
227.76	120.33
229.09	134.24
232.45	134.24
234.12	134.24
236.79	112.81
237.86	24.33
238.65	153.21
241.72	153.21
244.28	4.15
245.97	4.15
249.23	4.15
250.98	21.26
