3.2	78.75
5.44	78.75
8.91	11.99
9.49	11.99
12.09	11.99
14.4	160.24
15.05	160.24
17.21	160.24
20.23	121.62
20.44	121.62
22.38	121.62
23.16	51.12
26.06	51.12
26.81	51.12
29.73	145.62
33.05	60.34
35.45	154.37
36.28	154.37
39.6	154.37
40.39	52.82
41.95	52.82
44.81	6.31
45.55	137.8
48.19	137.8
49.55	75.56
53.0	75.56
54.97	7.78
58.04	7.78
60.87	160.79
64.3	19.47
65.37	19.47
66.2	19.47
68.53	127.65
71.63	15.53
73.65	15.53
75.6	41.73
77.71	41.73
80.58	41.73
83.88	141.61
85.7	135.05
86.06	85.18
87.73	85.18
89.06	88.97
89.54	13.63
91.84	13.63
92.44	77.98
93.43	100.64
96.23	100.64
97.59	106.97
98.51	106.97
101.35	47.75
102.94	47.75
105.85	47.75
106.39	6.58
106.87	6.58
109.72	6.58
112.9	68.48
113.84	68.48
115.18	68.48
116.53	51.44
116.97	51.44
119.21	51.44
119.39	35.11
120.03	35.11
120.43	112.32
121.3	147.86
123.73	147.86
125.72	147.86
126.39	45.87
129.87	45.87
130.91	114.66
134.01	114.66
137.18	114.76
138.27	1.0
139.27	35.44
142.3	115.94
142.58	115.94
145.65	148.94
148.91	148.94
151.98	148.94
153.95	29.5
156.9	161.65
160.31	59.57
160.97	59.57
163.62	120.1
167.04	30.4
169.67	16.87
172.75	86.71
175.04	86.71
177.64	86.71
179.77	12.59
183.09	12.59
183.57	12.59
185.5	45.12
188.9	45.12
190.9	140.29
194.28	144.14
195.65	144.14
197.21	144.14
200.62	22.22
203.92	22.22
205.02	148.15
205.69	55.13
206.38	55.13
206.71	55.13
208.63	89.18
210.89	89.18
212.67	89.18
215.13	128.31
215.28	128.31
218.3	20.94
220.99	20.94
221.65	20.94
223.05	104.07
224.0	104.07
226.37	104.07
227.54	76.11
230.34	76.11
230.92	76.11
232.28	36.83
234.5	97.96
237.96	97.96
241.37	160.18
242.48	160.18
245.35	53.83
248.67	53.83
250.76	53.83
