0.22	23.64
3.29	81.73
3.49	84.82
3.64	84.82
6.28	84.82
7.93	22.12
9.53	22.12
12.54	22.12
15.01	143.69
16.78	143.69
20.2	27.95
21.4	27.95
23.45	27.95
26.73	151.13
28.06	151.13
29.69	35.7
31.06	35.7
31.9	104.74
33.27	105.79
34.68	105.79
35.56	105.79
36.85	62.1
38.94	62.1
41.71	79.87
42.53	79.87
43.43	109.84
45.61	109.84
47.36	109.84
48.65	22.76
49.7	22.76
50.23	105.41
52.37	105.41
53.02	101.26
54.96	101.26
57.01	68.87
59.55	68.87
60.54	78.53
63.75	78.53
64.13	78.53
65.09	53.33
68.49	53.33
68.75	53.33
68.87	54.02
70.84	54.02
74.17	147.4
76.77	147.4
78.81	78.84
80.18	37.71
83.62	37.71
85.06	3.4
88.26	3.4
89.15	3.4
90.96	155.2
92.07	155.2
93.28	155.2
93.84	13.45
94.29	13.45
95.62	13.45
95.81	40.64
97.43	58.65
100.63	51.5
100.98	51.5
103.67	51.5
104.25	36.72
107.12	36.72
110.58	13.03
113.85	110.33
114.06	110.33
115.2	110.33
116.97	29.27
118.65	29.27
118.81	29.27
121.08	36.18
123.12	60.25
124.63	84.67
128.03	84.67
130.88	84.67
134.15	97.64
136.34	91.74
139.16	91.74
142.61	116.84
142.92	116.84
144.05	8.68
146.81	4.01
150.28	4.01
152.96	0.38
154.81	117.92
156.73	130.07
157.92	130.07
160.14	130.07
161.73	56.16
162.63	56.16
165.74	56.16
168.37	43.75
168.8	43.75
170.49	43.75
171.25	40.84
173.68	101.22
177.07	101.22
180.52	101.22
183.62	13.2
183.91	61.88
185.57	61.88
185.83	61.88
189.32	7.21
189.97	7.21
191.77	148.63
193.86	148.63
194.38	55.89
197.44	55.89
199.9	5.45
203.28	50.51
206.49	37.12
209.6	37.12
210.06	142.56
210.28	142.56
211.11	142.56
213.84	13.99
215.64	150.43
215.97	106.48
218.6	106.48
220.32	71.34
221.58	75.69
222.43	62.69
223.05	62.69
225.93	3.8
228.35	67.14
229.71	3.22
232.96	3.22
233.68	3.22
234.11	52.39
236.26	52.39
238.59	63.69
240.65	63.69
241.24	29.83
242.98	29.83
244.37	58.05
245.84	144.97
247.21	144.97
248.76	116.32
252.02	116.32
