1.7	38.07
2.63	38.07
4.75	38.07
5.95	153.22
7.65	143.1
8.15	143.1
8.33	143.1
10.8	63.02
13.25	63.02
14.35	145.17
15.81	15.89
16.62	15.89
19.89	75.24
21.2	75.24
22.28	75.24
23.96	45.76
26.03	45.76
27.96	115.96
28.39	115.96
29.47	115.96
31.45	161.67
31.92	161.67
34.49	7.04
37.35	7.04
37.49	7.04
38.77	113.97
39.23	113.97
40.57	113.97
41.04	43.29
42.74	43.29
43.25	43.29
46.49	97.6
48.49	97.6
49.11	97.6
51.17	59.45
54.61	59.45
54.86	59.45
56.44	7.13
57.33	7.13
58.16	7.13
61.14	123.49
61.67	82.05
64.74	82.05
66.91	82.05
69.44	102.75
70.22	102.75
73.39	102.75
74.39	59.2
75.04	119.61
77.74	119.61
80.22	126.74
83.61	155.11
84.45	155.11
87.02	155.11
88.94	137.7
91.91	13.46
93.22	158.28
93.96	12.13
96.72	12.13
100.18	12.13
100.87	146.32
103.28	84.59
105.69	84.59
105.97	84.59
107.86	27.38
108.42	27.38
108.52	110.52
109.13	99.29
109.63	99.29
112.15	99.29
114.75	119.75
115.75	126.26
116.83	128.07
117.63	128.07
120.29	54.39
123.42	54.39
125.79	54.39
126.4	52.73
128.15	52.73
130.25	3.67
131.62	3.67
132.38	3.67
135.48	160.21
137.03	160.21
139.11	129.09
140.07	56.16
143.1	105.74
143.53	105.74
146.61	55.48
148.12	55.48
149.26	33.67
149.78	33.67
149.88	12.2
150.81	86.62
152.3	86.62
153.06	86.62
156.31	62.05
159.58	62.05
160.16	73.19
161.56	73.19
163.11	140.08
166.48	140.08
167.75	157.21
168.95	157.21
170.73	157.21
172.94	52.3
175.25	52.3
177.94	105.02
178.57	105.02
179.75	105.02
182.83	22.82
184.98	22.82
187.14	129.45
189.66	129.45
190.26	1.64
193.26	1.64
194.0	120.08
194.87	120.08
196.85	58.1
198.21	24.44
200.73	66.97
203.38	66.97
205.84	66.97
209.32	0.71
211.58	0.71
214.83	1.26
216.5	86.61
219.16	86.61
220.86	86.61
221.39	7.49
224.17	62.34
225.3	62.34
225.55	62.34
228.61	64.78
231.95	66.44
232.44	123.67
234.07	123.67
234.89	123.67
237.98	39.77
238.08	123.09
238.84	123.09
241.8	123.09
244.03	159.95
245.98	159.95
248.15	159.95
250.43	113.26
