1.15	22.87
2.13	159.55
3.78	159.55
4.09	159.55
4.86	156.31
5.39	116.76
8.28	116.76
9.64	13.59
10.34	102.0
12.68	102.0
14.27	102.0
17.4	127.5
19.83	127.5
20.55	127.5
23.23	136.46
23.99	136.46
25.55	136.46
26.44	147.11
28.96	147.11
30.67	26.87
31.83	52.97
33.95	118.11
35.65	118.11
37.41	103.35
38.05	103.35
39.27	60.65
40.9	60.65
43.05	60.65
45.25	71.26
46.02	71.26
49.36	71.26
49.51	15.41
50.25	15.41
53.0	87.52
55.6	133.0
56.4	133.0
58.03	85.94
58.33	85.94
61.25	59.49
63.3	59.49
63.82	97.25
64.6	97.25
66.89	97.25
69.63	108.53
70.97	108.53
72.77	114.55
73.82	129.12
74.83	148.32
75.18	148.32
75.57	148.32
76.54	89.22
76.68	89.22
77.0	89.22
78.96	104.44
82.39	104.44
83.95	134.19
85.11	134.19
86.4	134.19
88.67	147.41
91.61	147.41
94.51	67.0
97.45	67.0
99.73	67.0
103.06	60.16
106.2	60.16
108.88	60.16
111.41	76.97
112.64	111.19
115.44	111.19
118.59	138.8
121.44	138.8
123.06	21.49
125.62	21.49
126.74	21.49
129.64	98.23
130.63	98.23
131.1	98.23
133.51	74.63
135.64	74.63
138.45	74.63
138.91	22.08
139.13	86.63
140.49	86.63
142.56	100.67
145.92	105.56
147.83	105.56
148.41	105.56
150.79	70.96
151.79	70.96
153.76	145.49
154.99	155.27
155.48	155.27
157.05	155.27
158.91	18.84
162.34	18.84
164.4	108.03
165.94	108.03
167.13	142.67
168.52	39.04
169.47	22.85
172.26	40.11
174.55	105.36
176.51	45.27
178.93	45.27
180.88	45.27
184.02	10.58
186.68	10.58
187.94	121.48
188.07	120.45
190.01	154.09
190.22	50.33
190.62	102.89
192.06	102.89
192.22	102.89
193.69	112.69
196.74	41.35
199.74	41.35
200.56	23.26
203.96	23.26
204.22	23.26
204.45	2.67
206.83	2.67
208.18	2.67
210.85	39.54
211.47	45.97
212.34	45.97
213.42	26.13
214.37	130.99
216.2	130.99
218.84	114.45
219.96	114.45
222.2	114.45
225.11	38.94
228.38	38.94
230.66	31.08
233.35	124.0
235.64	124.0
235.78	124.0
236.7	4.53
238.43	4.53
238.93	107.77
239.35	107.77
241.47	77.12
244.03	77.12
247.17	7.22
250.45	77.14
