1.22	22.99
4.39	22.99
6.83	22.99
8.67	49.7
11.89	49.7
12.07	73.21
15.33	73.21
15.51	83.2
16.8	83.2
17.4	110.79
18.1	110.79
20.07	110.79
22.4	51.77
25.63	51.77
27.74	23.74
29.17	23.74
30.64	161.31
31.08	161.31
31.61	156.56
32.09	95.32
33.64	95.32
34.61	50.72
36.99	67.37
39.29	67.37
41.55	67.37
44.83	76.92
46.65	76.92
49.18	61.34
50.47	61.34
51.53	61.34
51.99	91.77
55.12	91.77
55.62	91.77
57.18	49.18
59.54	50.81
62.14	50.81
65.56	50.81
68.99	60.55
70.78	60.55
72.44	60.55
75.81	143.14
76.7	143.14
78.43	143.14
81.63	89.76
84.73	4.69
86.87	4.69
90.28	4.69
92.99	156.58
94.66	156.58
95.17	156.58
96.98	153.48
97.71	153.48
100.32	92.77
102.11	26.05
104.42	26.05
106.28	26.05
107.79	104.84
110.59	104.84
111.78	129.77
112.07	129.77
115.23	53.0
118.27	30.11
121.06	22.06
121.35	20.28
121.47	20.28
123.32	13.24
125.83	63.5
126.15	57.56
127.8	57.56
130.99	57.56
134.07	2.35
134.53	2.35
136.12	2.35
136.77	58.09
139.87	58.09
142.86	69.63
146.26	103.56
146.95	103.56
149.29	103.56
152.56	117.41
156.01	117.41
156.49	117.41
159.44	137.95
162.89	117.48
165.66	117.48
169.09	38.09
172.12	38.09
173.55	143.94
176.7	143.94
177.8	143.94
178.31	44.66
181.36	84.94
184.48	84.94
185.77	40.52
188.4	40.52
191.57	158.27
193.81	116.26
194.42	133.27
197.23	133.27
200.71	133.27
201.37	91.85
202.48	91.85
204.51	91.85
206.77	99.84
209.01	99.84
209.31	47.22
210.72	47.22
213.87	47.22
214.57	53.81
216.19	92.61
218.36	92.61
221.54	21.77
224.21	21.77
224.82	37.27
227.43	85.37
228.69	141.08
231.09	141.08
231.31	141.08
234.62	114.58
235.08	114.58
236.64	114.58
236.96	132.74
237.5	132.74
238.23	132.74
241.31	89.01
242.0	89.01
243.11	129.27
243.68	129.27
244.51	129.27
245.02	121.54
248.03	133.67
250.62	133.67
