1.56	63.86
2.3	63.86
3.18	74.8
5.99	81.4
7.79	85.67
10.83	76.05
13.95	76.05
16.12	150.42
16.9	150.51
19.39	86.41
20.25	29.01
22.7	29.01
24.51	29.01
26.99	29.43
30.36	29.43
30.52	29.43
32.85	139.91
33.22	57.39
35.65	35.42
39.14	35.42
41.81	35.42
42.02	63.04
43.81	63.04
45.1	149.4
47.75	149.4
48.65	149.4
49.98	1.44
51.96	1.44
55.24	1.44
56.93	43.0
57.62	43.0
60.1	120.48
61.57	120.48
64.37	120.48
67.14	36.26
69.39	36.26
71.83	36.26
74.91	6.46
76.59	6.46
77.5	140.37
78.17	27.58
79.05	27.58
80.15	103.49
83.61	103.49
85.66	103.49
86.3	145.65
88.81	145.65
89.83	39.02
92.83	39.02
95.66	110.63
98.6	110.63
101.52	21.9
101.85	55.83
104.55	55.83
106.59	31.96
107.16	117.2
109.1	117.2
110.53	147.46
113.79	147.46
114.84	147.46
118.31	116.4
120.27	116.4
122.75	116.4
123.73	93.16
124.67	31.02
126.29	37.09
127.36	146.18
130.81	146.18
132.26	146.18
134.88	94.9
136.26	94.9
139.52	94.9
141.75	41.94
143.73	41.94
144.67	54.35
146.61	132.04
149.75	132.04
152.41	132.04
153.55	99.61
156.59	99.61
158.76	72.93
161.21	72.93
163.54	153.51
166.45	153.51
168.76	21.06
169.53	21.06
169.85	21.06
170.36	101.98
170.94	101.98
172.95	3.5
173.79	3.5
177.26	3.5
180.05	161.86
181.86	161.86
183.52	161.86
185.92	105.13
187.2	105.13
190.24	105.13
193.19	69.44
196.49	69.44
198.42	69.44
198.68	48.97
199.07	48.97
202.06	98.55
204.89	126.97
205.0	160.5
206.92	160.5
208.75	3.29
208.92	3.29
210.73	3.29
211.31	90.5
214.56	16.47
216.92	16.47
217.86	16.47
219.79	42.8
221.71	42.8
224.53	42.8
226.05	109.59
227.35	109.59
230.22	109.59
233.52	10.13
236.42	10.13
238.46	44.4
241.92	44.4
244.61	44.4
244.78	153.27
247.6	153.27
249.68	153.27
250.94	46.15
