2.29	79.91
2.88	79.91
3.43	108.06
4.87	108.06
7.87	108.06
11.32	43.42
12.39	43.42
14.48	0.61
17.81	0.61
20.69	38.98
22.89	38.98
24.51	93.78
24.8	93.78
25.35	93.78
27.64	73.04
28.68	31.13
31.8	118.89
32.76	118.89
33.24	118.89
33.49	75.49
33.82	75.49
36.71	45.78
39.32	45.78
42.65	45.78
43.26	85.08
43.72	136.64
45.1	28.78
47.22	28.78
47.92	28.78
51.26	136.92
53.82	7.92
55.65	7.92
55.82	7.92
58.12	90.17
59.24	159.45
59.56	159.45
62.01	25.08
63.51	25.08
66.94	25.08
67.38	49.17
70.29	126.39
73.12	126.39
75.05	126.39
77.7	152.76
77.81	152.76
78.1	152.76
81.24	68.17
81.42	68.17
84.14	112.92
86.52	49.08
88.18	49.08
90.08	51.9
92.03	2.83
92.6	2.83
95.62	155.54
98.18	155.54
100.82	120.56
103.26	48.21
105.17	149.89
105.79	149.89
106.97	145.99
107.51	145.99
108.0	75.13
111.11	156.72
113.3	97.07
115.9	49.06
118.51	49.06
120.96	49.06
121.48	30.91
123.65	30.91
125.5	30.91
127.41	156.0
129.14	54.32
129.36	54.32
130.48	100.4
133.78	100.4
135.66	100.4
137.13	159.9
139.1	70.45
141.97	70.45
142.94	70.45
145.28	124.65
146.79	124.65
147.71	124.65
149.82	87.0
151.36	87.0
153.4	36.31
153.71	36.31
154.13	36.31
156.23	18.12
158.24	69.93
158.55	57.11
159.92	106.03
161.17	106.03
164.6	146.29
165.43	146.29
167.55	146.29
170.55	31.2
173.06	158.89
173.57	158.89
176.83	158.89
179.05	68.51
182.27	68.51
183.47	68.51
185.62	34.79
185.74	72.11
187.51	103.83
188.03	103.83
190.95	30.79
191.93	9.23
193.08	9.23
193.75	9.23
194.26	29.2
196.25	29.2
199.69	50.12
200.52	50.12
201.4	18.87
202.23	18.87
204.12	18.87
204.31	108.66
207.5	108.66
210.91	108.66
211.27	159.57
213.85	159.57
216.14	159.57
217.48	75.08
219.94	75.08
221.4	55.75
224.82	55.75
227.83	145.89
229.62	131.88
232.71	76.6
233.84	96.79
235.09	126.37
236.71	126.37
239.36	138.24
242.18	117.0
245.33	117.0
246.75	117.0
248.07	136.53
248.69	84.42
251.89	111.53
