2.63	60.9
4.77	116.99
8.03	138.87
9.97	93.55
12.25	93.55
13.16	142.51
16.02	142.51
18.71	151.91
19.76	120.78
22.74	120.78
25.36	117.73
26.59	154.07
27.74	97.73
29.77	10.87
30.55	73.56
32.29	73.56
34.87	141.34
35.4	134.83
38.06	134.83
39.95	134.83
43.06	109.8
44.81	109.8
46.54	75.78
48.06	75.78
50.47	54.1
52.87	151.15
53.1	151.15
55.0	151.15
56.88	54.22
59.27	54.22
62.5	54.22
64.58	7.02
65.87	28.56
68.22	139.33
70.21	139.33
72.39	41.22
75.79	99.58
76.1	74.54
76.79	44.35
78.32	144.75
79.01	10.03
81.68	87.45
82.69	36.36
85.53	36.36
88.56	36.36
88.95	86.86
92.24	86.86
92.67	103.81
93.13	103.81
94.14	92.73
94.26	92.73
97.33	92.73
98.3	45.71
98.89	45.71
99.2	45.71
99.48	21.79
102.89	52.57
104.09	52.57
107.49	144.28
110.01	144.28
111.68	144.28
114.32	128.84
114.9	44.84
116.19	44.84
119.66	44.84
119.89	82.6
123.27	82.6
123.98	82.6
126.67	95.87
127.03	36.75
129.49	36.75
131.45	142.68
133.5	150.17
135.82	150.17
137.35	150.17
140.09	72.44
143.12	72.44
143.94	72.44
144.23	132.91
147.25	52.56
150.31	121.78
153.65	121.78
156.53	120.27
158.85	130.95
161.52	130.95
164.57	102.71
167.21	102.71
167.55	102.71
170.8	132.14
172.55	132.14
172.76	132.14
174.99	133.37
178.18	133.37
179.55	133.37
181.12	23.77
183.29	23.77
185.83	78.92
188.21	78.92
188.57	78.92
191.17	68.16
192.07	14.56
193.98	93.1
197.33	127.58
198.84	102.65
200.42	102.65
201.43	102.65
203.74	151.56
205.69	47.7
207.73	31.04
208.25	31.04
211.67	31.04
212.86	56.94
215.42	111.3
216.23	111.3
219.05	111.3
221.92	10.46
222.27	10.46
223.11	140.35
225.65	140.35
227.35	140.35
229.74	101.94
231.2	101.94
233.94	86.31
236.42	86.31
238.89	86.31
239.01	6.48
239.87	6.48
241.93	161.88
244.92	161.88
245.85	94.75
249.14	76.58
251.95	33.26
