2.26	27.42
5.39	27.42
5.6	83.24
6.31	83.24
6.69	112.38
9.36	112.38
11.13	112.38
11.97	127.33
14.08	127.33
15.22	43.13
16.11	43.13
17.65	43.13
18.38	66.11
19.65	66.11
23.07	137.48
26.38	137.48
28.59	137.48
30.56	22.93
33.67	22.93
34.29	120.66
36.76	89.63
39.9	89.63
41.39	89.63
43.61	88.02
43.93	88.02
45.29	138.44
46.68	138.44
47.33	138.44
48.73	66.48
50.46	66.48
52.65	66.48
54.52	127.55
57.03	127.55
59.71	127.55
61.5	70.57
63.61	70.57
63.76	70.57
66.78	97.47
67.02	97.47
67.33	97.47
69.84	116.19
72.25	27.56
75.27	27.56
75.61	27.56
78.25	77.85
80.35	77.85
82.78	77.85
85.68	21.91
88.73	21.91
92.19	21.91
94.66	97.16
95.7	90.99
98.94	2.55
99.75	4.97
101.76	129.35
103.97	129.35
106.72	129.35
108.67	128.98
112.12	128.98
115.0	128.98
116.39	96.71
118.76	96.71
121.45	96.71
122.59	160.56
123.69	160.56
124.58	77.81
127.46	77.81
129.07	77.81
130.98	154.15
134.0	145.31
137.15	145.31
140.1	10.25
143.45	10.25
145.06	10.25
145.35	136.8
146.0	136.8
147.97	136.8
150.52	2.57
153.42	77.03
153.65	77.03
156.78	61.55
158.11	61.55
161.18	72.12
163.12	127.43
164.12	127.43
164.59	127.43
165.75	110.81
166.94	110.81
169.84	78.32
171.94	78.32
174.33	84.89
177.74	84.89
179.94	84.89
183.1	158.39
184.88	158.39
186.56	125.18
188.55	125.18
192.04	125.18
192.58	81.69
195.67	81.69
199.17	81.69
199.64	56.25
201.58	117.05
205.07	109.6
208.53	109.6
208.87	109.6
209.8	28.61
210.71	28.61
214.2	28.61
216.07	141.11
217.38	141.11
220.56	141.11
221.82	9.96
223.47	9.96
226.4	129.25
227.49	129.25
228.77	47.33
229.28	47.33
230.03	23.71
230.29	100.04
231.07	119.96
232.84	119.96
236.13	39.12
237.96	39.12
238.46	133.26
240.27	133.26
243.5	105.41
245.76	59.14
247.5	59.14
248.88	12.73
251.91	12.73
