1.43	51.71
1.57	42.31
3.94	42.31
4.51	42.31
6.87	92.11
7.62	39.38
10.62	55.63
11.72	55.63
11.85	55.63
13.88	109.1
16.39	109.1
19.58	109.1
22.63	2.47
24.35	2.47
27.24	11.6
28.68	110.01
31.29	55.91
34.09	55.91
35.36	55.91
37.32	58.19
37.47	58.19
40.75	37.01
43.86	37.01
46.55	37.01
50.04	35.2
53.26	61.19
56.68	61.19
59.49	119.92
61.48	86.17
61.7	86.17
64.52	61.76
66.72	61.76
67.25	155.23
69.85	124.58
71.66	124.58
74.99	124.58
75.4	88.27
77.25	88.27
79.12	88.27
81.05	160.1
83.69	40.81
85.47	40.81
87.37	86.44
89.57	86.44
91.88	9.24
93.03	92.22
96.09	80.95
96.29	137.52
98.09	137.52
99.21	137.52
102.26	155.0
105.51	155.0
106.81	155.0
108.18	4.11
108.33	4.11
111.69	4.11
113.07	6.46
114.65	6.46
117.63	6.46
117.86	144.6
119.61	144.6
122.96	144.6
123.35	16.94
124.37	16.94
124.72	16.94
127.6	159.68
130.45	140.11
132.87	112.91
135.58	112.91
138.33	112.91
141.23	143.16
141.63	143.16
143.97	143.16
146.52	125.19
149.88	125.19
152.21	125.19
155.2	149.22
158.24	45.01
159.9	87.16
162.05	70.46
165.25	70.46
167.09	111.43
170.09	111.43
172.44	111.43
175.78	142.8
177.73	142.8
178.6	142.8
179.58	16.19
180.44	75.09
182.47	75.09
184.46	75.09
185.53	112.96
186.82	112.96
189.6	112.96
191.19	107.53
192.88	124.55
193.95	62.09
194.17	161.85
196.6	161.85
198.21	161.85
200.59	96.96
202.97	69.74
205.01	69.74
207.79	17.49
208.56	17.49
209.81	17.49
212.88	125.26
213.88	125.26
215.66	125.26
217.19	38.34
217.59	60.26
218.04	139.92
219.66	139.92
222.65	139.92
224.13	61.38
226.27	61.38
227.78	61.38
230.51	33.96
233.86	33.96
237.31	72.87
238.54	72.87
241.81	70.49
243.41	70.49
244.49	77.92
245.06	118.71
247.25	48.26
249.91	48.26
253.03	48.26
