0.47	45.35
1.12	45.35
3.54	70.71
4.77	70.71
5.61	136.91
9.0	145.46
9.66	145.46
11.72	106.99
15.09	106.99
16.17	65.87
18.15	82.57
18.34	82.57
18.92	152.12
21.84	157.46
25.14	157.46
25.48	110.45
26.05	63.07
29.17	63.07
30.21	136.43
32.98	135.46
34.92	131.62
36.24	131.62
39.17	131.62
39.28	92.77
39.94	18.46
42.59	18.46
44.67	30.01
46.83	30.01
48.7	30.01
49.18	161.85
52.62	161.85
52.95	84.05
53.64	84.05
54.12	38.29
54.63	38.29
56.65	57.57
59.41	113.93
62.46	113.93
63.27	113.93
65.03	65.78
65.83	65.78
67.59	28.71
68.9	28.71
69.16	3.2
71.76	3.2
74.93	99.61
77.11	82.1
79.46	82.1
80.03	96.45
82.6	96.45
83.92	160.58
87.06	160.58
89.23	160.58
90.51	69.01
93.61	125.95
93.93	142.35
94.42	61.15
94.77	61.15
96.47	62.73
99.57	20.89
101.67	20.89
104.57	20.89
106.54	13.2
107.45	13.2
109.21	13.2
112.44	100.79
114.31	100.79
114.79	100.79
118.04	153.32
119.03	86.37
122.08	86.37
122.89	86.37
125.05	154.51
127.62	154.51
128.97	154.51
130.04	100.46
133.1	100.46
134.89	100.46
137.79	120.68
139.82	120.68
141.84	120.68
143.07	33.12
144.3	33.12
146.81	33.12
149.82	126.69
150.03	151.63
150.9	151.63
152.8	100.99
153.38	100.99
155.27	100.99
156.84	140.11
157.88	140.11
158.1	32.87
160.89	85.23
162.42	85.23
165.52	116.96
168.22	116.96
170.29	147.89
172.72	147.89
173.17	147.89
175.54	23.41
177.67	23.41
179.76	29.16
181.28	29.16
182.19	161.75
184.26	161.75
184.91	100.51
187.49	100.51
189.49	100.51
191.64	67.49
192.67	67.49
194.94	37.56
197.95	37.56
201.08	40.37
202.0	40.37
204.49	40.37
205.36	141.16
207.11	67.81
208.64	67.81
209.61	64.22
210.84	64.22
214.2	64.22
215.82	84.64
219.02	84.64
221.48	106.29
223.94	106.29
226.32	106.29
229.7	54.56
229.85	54.56
233.14	153.23
236.48	30.93
236.96	30.93
239.53	130.69
241.4	130.69
242.04	130.69
242.85	151.3
243.28	151.3
244.11	151.3
246.17	133.73
247.52	133.73
248.34	155.4
250.46	155.4
