1.89	89.76
2.2	89.76
4.72	89.76
5.95	148.1
6.66	148.1
6.84	148.1
9.71	87.15
10.12	87.15
11.8	87.15
14.33	105.16
16.06	105.16
16.79	28.13
20.15	28.13
22.4	28.13
24.47	81.4
27.05	81.4
27.97	81.4
28.63	135.0
30.5	135.0
33.65	135.0
34.0	111.26
35.38	111.26
37.76	111.26
40.76	154.29
41.18	160.97
41.84	69.09
42.31	69.09
45.33	147.33
46.82	147.33
49.6	147.33
50.72	161.98
52.22	161.98
53.57	57.52
56.8	57.52
60.29	57.52
62.74	66.46
65.95	52.45
67.9	52.45
71.13	161.96
72.3	161.96
74.94	161.96
75.54	104.92
75.78	104.92
78.87	159.3
81.79	159.3
83.84	68.57
84.82	68.57
85.51	99.24
86.01	13.3
86.46	125.65
87.67	125.65
90.51	39.53
92.3	39.53
93.95	125.5
95.34	126.54
96.2	147.35
96.99	124.96
98.36	124.96
100.67	124.96
101.07	60.48
103.34	81.82
104.46	81.82
106.51	71.83
108.97	18.26
109.55	38.34
111.0	137.56
112.82	137.56
113.15	157.15
114.95	157.15
115.5	132.36
116.68	132.36
119.79	77.12
121.87	77.12
125.35	77.12
125.76	157.41
127.62	157.41
129.26	157.41
129.89	63.49
132.84	63.49
135.47	63.49
137.92	70.06
140.16	70.06
141.4	73.89
144.68	125.69
145.28	125.69
145.88	4.92
147.62	141.21
148.42	141.21
150.55	141.21
153.61	152.9
156.31	78.69
157.05	98.4
158.84	98.4
158.97	103.68
161.5	132.23
162.69	132.23
165.93	132.23
167.8	120.2
169.68	120.2
170.63	134.52
171.62	134.52
172.38	134.52
173.71	3.46
176.36	3.46
178.77	110.03
180.19	110.03
180.39	110.03
182.63	109.71
183.12	109.71
185.6	30.35
186.24	30.35
188.06	23.98
190.15	23.98
193.09	6.63
193.7	1.53
196.87	1.53
198.69	1.53
201.26	98.2
201.79	98.2
203.26	151.86
206.18	151.86
206.72	98.04
208.13	98.04
209.0	98.04
210.76	161.51
212.88	161.29
213.6	48.01
214.58	48.01
216.03	48.01
218.32	16.65
219.05	20.23
221.69	77.42
222.86	77.42
224.74	77.42
225.4	61.39
227.63	61.39
230.15	18.22
231.55	105.06
233.4	132.44
235.14	132.44
235.76	96.17
238.09	69.44
239.78	41.39
240.48	57.85
243.83	137.15
246.56	26.58
248.63	156.23
251.57	156.23
