1.93	149.59
3.06	47.15
3.73	126.06
4.94	48.13
7.3	104.08
9.62	36.65
10.07	36.65
12.03	46.3
13.79	46.3
15.15	46.3
18.08	112.1
19.65	122.72
22.0	122.72
23.18	144.78
24.74	77.98
27.99	45.22
30.59	112.33
33.58	112.33
34.92	112.33
36.16	100.65
39.27	23.18
41.13	23.18
44.39	56.21
45.66	56.21
48.16	56.21
49.24	111.01
51.18	111.01
52.09	111.01
53.39	19.03
56.55	19.03
58.89	19.03
59.27	104.74
62.6	98.34
62.95	104.09
63.33	104.09
65.81	104.09
67.26	116.69
67.58	116.69
69.86	55.69
72.79	55.69
74.3	118.61
77.58	118.61
79.02	118.61
82.1	4.19
82.83	4.19
84.69	25.6
86.72	25.6
88.6	25.6
89.54	38.41
90.27	38.41
92.69	38.41
94.16	34.26
95.27	70.08
95.51	100.66
96.68	58.17
99.93	127.3
102.88	127.3
106.24	127.3
107.77	47.8
109.77	156.23
110.89	156.23
112.45	156.23
113.56	15.49
116.24	4.64
119.4	4.64
120.43	4.64
121.15	88.38
121.76	11.41
124.55	73.66
127.76	86.53
130.25	86.53
130.72	69.1
133.15	0.6
135.8	134.66
136.66	134.66
136.96	134.66
139.26	73.77
139.72	73.77
142.18	121.53
142.92	121.53
145.15	89.71
148.12	89.71
149.87	46.22
151.62	46.22
153.3	106.68
155.64	106.68
157.0	106.68
157.6	80.72
158.39	80.72
160.69	80.33
161.32	80.33
163.48	32.31
166.54	32.31
168.23	32.31
171.19	19.43
172.93	105.82
173.42	105.82
176.47	128.44
178.51	6.53
178.89	6.53
181.34	6.53
182.67	43.07
184.61	43.07
187.28	43.07
189.79	113.46
190.13	113.46
193.08	113.46
194.17	29.25
195.98	37.9
196.87	37.9
199.55	37.9
199.95	58.94
202.94	53.23
204.23	84.36
206.93	84.36
209.56	84.36
210.81	110.87
212.94	124.6
214.4	124.6
216.72	73.61
220.11	73.61
221.41	128.28
221.62	9.83
222.83	118.9
226.13	109.27
229.28	109.27
232.12	54.63
233.67	54.63
235.9	54.63
239.33	84.03
241.4	84.03
242.28	84.03
243.12	51.75
243.46	51.75
243.9	142.33
247.24	151.17
250.32	151.17
