2.86	101.56
5.0	101.56
5.82	59.16
6.75	59.16
9.65	115.73
11.75	75.03
14.13	75.03
17.58	75.03
20.55	98.53
22.44	28.52
24.75	56.15
25.57	86.79
29.04	86.79
29.44	86.79
30.31	41.69
30.7	17.81
31.21	49.83
33.66	49.83
34.45	49.83
37.54	92.35
39.79	92.35
40.16	31.96
41.23	31.96
44.68	31.96
47.25	44.2
49.09	45.99
51.02	45.99
52.6	45.99
53.1	14.14
53.79	59.07
55.35	59.07
55.78	59.07
56.05	52.76
57.66	74.02
60.77	157.77
63.21	157.77
65.73	69.17
68.78	69.17
71.34	69.17
72.82	2.33
74.27	2.33
75.43	2.33
77.6	159.32
78.09	82.2
81.29	82.2
83.2	82.2
84.38	150.62
85.87	21.59
88.75	26.1
91.87	114.19
93.96	114.19
95.75	114.19
97.95	160.33
99.66	129.08
100.83	129.08
103.98	6.0
104.57	79.28
105.48	116.11
107.15	116.11
109.45	116.11
112.35	129.93
113.69	128.2
114.59	110.44
116.53	110.44
119.73	110.44
120.82	73.72
124.17	74.22
127.57	35.15
129.67	35.15
129.92	5.21
132.0	65.11
133.84	95.98
137.21	133.54
139.1	10.87
139.66	10.87
142.3	10.87
142.9	115.58
145.71	139.97
146.13	43.19
148.01	56.24
149.66	124.96
151.5	124.96
154.17	124.96
157.49	52.43
158.36	52.43
159.5	52.43
160.92	11.32
163.98	11.32
167.04	11.32
167.3	133.38
169.61	133.38
171.94	142.68
174.79	142.68
176.49	127.62
179.52	146.14
181.75	146.14
184.22	117.88
184.9	117.88
187.42	62.37
188.76	62.37
190.65	51.71
193.14	69.99
195.23	69.99
196.71	13.62
198.78	81.75
199.87	88.03
203.36	88.03
203.91	88.03
204.84	122.1
207.85	122.1
208.7	151.03
211.01	151.03
211.77	122.33
215.13	122.33
218.38	122.33
220.31	69.4
220.45	69.4
221.85	69.4
223.72	13.89
226.47	29.58
229.15	29.58
230.18	29.58
233.53	158.42
235.72	158.42
237.48	51.36
240.89	4.51
242.28	4.51
243.11	4.51
246.01	45.09
248.91	45.09
252.22	10.12
