1.12	23.87
1.76	0.37
3.99	0.37
7.49	68.91
8.65	68.91
12.11	134.6
13.25	134.6
13.78	134.6
14.17	33.68
16.63	33.68
19.48	33.68
22.74	119.76
25.25	119.76
27.04	119.76
27.31	20.57
28.5	130.66
28.93	130.66
32.41	47.16
33.29	47.16
36.1	55.36
36.52	55.36
40.0	55.36
40.8	110.14
43.55	110.14
46.13	110.14
46.72	73.79
47.36	73.79
49.26	73.79
52.39	53.17
54.84	53.17
57.43	71.78
57.63	76.09
61.11	76.09
63.38	64.28
64.14	64.28
66.38	64.28
68.29	149.77
69.1	149.77
71.66	50.12
74.72	50.12
77.42	141.33
80.21	84.35
81.7	84.35
82.83	96.6
85.23	96.6
85.91	82.46
86.16	82.46
88.96	12.35
92.04	12.35
92.43	12.35
94.74	95.92
96.17	145.55
99.24	145.55
99.95	145.55
100.21	54.11
100.33	54.11
100.87	6.09
103.52	6.09
105.74	53.45
107.03	53.45
107.51	42.91
109.11	42.91
112.21	42.91
115.19	157.82
116.62	17.85
117.32	130.66
120.77	130.66
122.51	130.66
125.71	47.36
128.23	105.97
130.18	64.06
131.92	64.06
132.77	64.06
134.86	95.34
137.64	95.34
140.64	95.34
143.84	1.84
144.56	1.84
146.06	158.75
149.39	59.61
151.7	102.07
153.55	102.07
156.44	148.73
159.63	44.89
159.87	84.13
160.53	84.13
160.99	84.13
161.99	131.47
164.73	3.68
166.73	3.68
169.49	3.68
169.65	112.84
170.58	112.84
173.92	112.84
175.91	75.23
176.09	122.33
179.34	161.12
180.16	46.69
183.39	33.27
184.55	33.27
184.9	54.38
187.59	54.38
187.95	54.38
188.13	153.25
188.42	98.13
191.02	98.13
193.68	9.59
195.48	9.59
196.54	17.54
199.87	17.54
201.63	17.54
204.96	80.38
207.49	80.38
207.86	118.46
207.96	109.85
209.87	109.85
211.73	102.05
213.62	102.05
216.99	102.05
217.15	105.33
219.47	105.33
221.27	105.33
221.51	73.04
223.24	106.36
225.78	106.36
228.67	152.25
229.67	152.25
232.65	140.33
233.28	91.62
235.89	6.61
239.11	123.92
241.05	123.92
241.35	155.65
242.71	155.65
245.39	155.65
246.19	122.62
248.22	122.62
248.82	122.62
251.67	71.76
