0.81	56.93
2.48	72.7
3.44	37.67
6.0	37.67
8.21	37.67
11.48	98.97
14.94	98.97
15.79	98.97
17.78	86.36
20.73	75.32
21.78	111.28
23.18	150.84
26.21	8.7
28.96	103.73
31.73	103.73
35.16	103.73
35.49	56.29
38.5	59.33
39.82	59.33
40.65	59.33
42.46	98.86
44.64	13.78
46.01	45.41
46.19	135.26
47.87	135.26
50.75	135.26
52.87	95.42
55.91	95.42
58.56	63.89
61.29	71.51
61.9	97.53
64.6	97.53
66.9	97.53
67.63	77.21
67.96	77.21
70.29	73.92
72.01	134.29
73.05	20.43
75.81	20.43
76.45	20.43
77.13	157.52
79.69	21.42
80.51	21.42
82.13	59.82
84.89	59.82
85.56	40.16
86.63	33.21
87.04	33.21
87.69	87.54
90.74	87.54
94.17	47.39
94.54	57.37
95.31	57.37
98.7	57.37
101.53	107.26
104.41	50.4
106.5	120.24
106.91	120.24
107.93	120.24
110.65	19.3
112.87	19.3
114.96	19.3
115.95	60.87
117.41	60.87
119.55	60.87
122.18	159.82
124.32	159.82
125.78	159.82
126.73	129.62
127.8	129.62
129.4	129.62
132.35	39.0
133.74	39.0
135.81	48.19
137.69	48.19
137.92	115.78
138.74	115.78
141.77	115.78
143.98	139.2
145.54	139.2
147.5	8.68
149.91	8.68
152.51	8.68
154.57	107.1
155.4	107.1
158.0	130.55
161.23	130.55
163.41	58.27
163.89	141.91
166.36	103.95
167.01	103.95
167.55	47.66
170.49	47.66
173.45	99.33
175.19	99.33
178.24	15.36
180.81	15.36
184.24	15.36
185.42	31.26
187.62	31.26
189.62	47.84
191.91	47.84
195.28	74.74
197.21	74.74
200.61	74.74
202.97	114.68
203.86	114.68
205.2	114.68
207.39	158.1
207.89	77.67
208.19	43.1
209.42	53.13
210.95	53.13
213.11	53.13
216.49	110.78
217.92	110.78
218.72	38.56
220.09	38.56
222.62	68.68
222.77	68.68
225.41	68.68
226.88	8.83
228.93	15.88
229.17	15.88
230.84	15.88
233.95	92.77
234.81	92.77
237.93	92.77
240.86	91.92
243.82	91.92
246.77	91.92
248.61	33.36
250.42	95.71
