3.46	52.25
4.3	31.28
6.32	31.28
9.36	31.28
10.01	142.33
11.13	127.52
11.35	127.52
13.04	83.56
14.22	83.56
14.96	3.82
18.03	39.15
19.53	39.15
20.97	85.15
22.51	85.15
23.9	96.31
25.14	96.31
27.88	135.13
28.28	135.13
30.66	156.96
32.04	156.96
35.06	143.35
38.08	98.13
41.41	98.13
42.97	58.48
43.8	58.48
46.18	58.48
48.94	89.38
51.44	48.86
51.9	157.69
53.36	108.05
56.35	108.05
58.39	108.05
59.14	115.44
59.38	115.44
62.83	115.44
63.74	107.44
65.03	107.44
65.41	107.44
65.86	3.33
69.14	103.87
70.41	103.87
71.82	103.87
74.26	152.9
74.38	152.9
77.22	152.9
79.12	101.79
81.18	130.98
83.32	130.98
84.91	140.49
88.1	140.49
90.74	69.19
92.84	69.19
94.85	45.54
96.86	45.54
97.78	130.44
101.01	130.44
103.54	130.44
106.09	87.94
108.8	87.94
112.26	87.94
114.54	106.37
115.01	28.88
115.64	83.46
118.18	83.46
119.15	44.96
120.89	44.96
122.98	44.96
126.01	115.65
128.69	126.01
129.2	126.01
131.39	9.21
131.52	98.06
132.21	98.06
133.03	98.06
133.27	119.35
135.71	92.49
138.37	34.42
139.84	21.51
141.25	21.51
144.35	21.51
146.33	57.77
146.69	57.77
149.42	57.77
150.85	39.85
153.31	39.85
154.23	56.04
156.42	56.04
159.09	56.04
161.24	6.51
163.12	6.94
164.47	6.94
166.0	6.94
168.27	88.6
171.66	88.6
172.65	108.81
174.01	108.81
176.46	108.81
179.03	8.08
179.48	154.96
180.62	12.46
183.54	12.46
184.93	1.3
186.02	1.3
188.36	1.3
190.56	87.98
193.06	58.57
194.21	157.35
195.93	157.35
196.87	79.15
198.32	86.64
200.6	86.64
202.89	86.64
205.25	29.74
208.66	29.74
211.34	119.6
213.83	119.6
215.35	65.8
218.8	65.8
221.94	65.8
223.69	30.51
224.69	30.51
227.22	59.87
229.59	59.87
230.17	143.18
230.59	143.18
231.11	143.18
231.94	87.35
235.42	87.35
235.59	148.72
237.24	148.72
239.41	148.72
241.53	157.52
242.09	157.52
243.53	157.52
243.75	143.29
247.23	143.29
250.38	40.33
