0.97	145.45
1.5	145.45
4.0	145.45
4.73	140.71
4.97	151.07
7.15	151.07
9.48	151.07
11.56	47.47
13.43	139.38
13.87	139.38
15.16	139.38
17.84	82.05
19.21	82.05
19.53	116.89
19.84	116.89
21.54	116.89
22.94	94.9
26.25	94.9
27.51	112.67
30.93	112.67
32.31	112.67
33.82	98.3
34.1	98.3
35.13	56.57
37.39	56.57
38.92	76.51
39.17	76.51
40.91	76.51
41.14	112.91
41.88	112.91
44.19	112.91
45.37	66.74
48.81	62.8
52.22	62.8
53.11	62.8
53.64	11.07
54.25	19.67
54.86	83.85
55.02	152.73
57.16	133.68
59.95	133.68
62.46	33.45
64.28	35.01
65.87	35.01
68.93	122.23
69.62	122.23
72.87	122.23
73.69	48.79
74.08	48.79
75.58	48.79
79.07	11.79
81.85	85.17
83.63	35.81
85.17	35.81
88.39	35.81
90.4	103.05
92.64	103.05
93.6	103.05
93.71	148.01
94.62	148.01
97.18	148.01
98.53	133.99
101.95	52.24
104.43	52.24
107.01	52.24
107.55	99.54
110.66	99.54
112.0	149.01
113.6	134.28
116.68	134.28
117.74	134.28
119.19	141.05
119.81	141.05
120.13	145.55
120.24	143.33
122.35	114.24
122.77	114.24
123.42	53.12
124.11	53.12
126.94	53.12
127.7	101.9
130.48	101.9
131.02	101.9
131.93	95.95
133.77	95.95
136.17	105.27
136.98	105.27
138.35	105.27
140.62	33.83
143.86	58.5
146.9	58.5
149.1	94.02
151.94	94.02
155.41	16.18
155.89	16.18
158.07	21.61
158.19	21.61
160.38	44.78
162.7	44.78
164.72	44.78
166.44	108.93
169.12	108.93
171.85	106.99
173.81	15.85
176.89	80.96
179.73	156.12
180.4	156.12
183.23	129.66
183.96	129.66
187.27	112.1
190.42	47.74
193.26	47.74
196.44	47.74
197.45	119.79
198.68	119.79
199.46	119.79
202.34	27.48
205.39	27.48
206.9	27.48
208.01	13.03
209.33	3.78
209.85	3.78
210.05	3.78
213.27	68.0
214.53	68.0
216.46	10.28
216.68	73.95
216.87	73.95
218.63	73.95
221.09	18.16
221.65	18.16
224.83	18.16
227.96	114.41
229.3	114.41
230.93	106.09
233.16	106.09
233.31	106.09
236.51	94.34
238.56	94.34
239.78	94.34
242.4	17.59
245.3	17.59
247.71	95.58
250.57	95.58
