0.14	48.6
3.1	48.6
5.21	48.6
8.24	119.45
10.39	119.45
11.1	83.28
11.49	105.45
13.42	105.45
16.72	105.45
19.54	94.79
21.71	49.91
22.7	40.12
25.94	40.12
28.11	93.19
28.4	93.19
29.38	21.0
31.13	119.96
32.04	119.96
33.63	161.1
36.58	92.28
38.31	142.7
38.97	142.7
40.61	142.7
41.33	14.62
43.28	14.62
44.45	66.33
47.4	66.33
49.9	66.33
50.12	135.87
50.33	135.87
51.69	88.04
54.45	88.04
54.97	23.72
56.76	151.59
59.7	151.59
61.55	101.73
63.51	42.67
65.61	42.67
68.07	42.67
71.39	46.44
73.21	46.44
75.82	46.44
76.11	0.81
77.85	0.81
78.12	0.81
78.43	67.16
78.85	52.81
80.73	52.81
82.89	56.49
85.05	112.3
88.41	112.3
90.61	112.3
91.19	25.38
94.51	17.08
97.1	17.08
100.46	137.38
101.24	137.38
103.62	137.38
103.98	33.15
104.45	84.74
106.34	84.74
108.33	84.74
110.32	62.99
111.56	62.99
114.48	122.19
115.47	4.57
116.94	4.57
117.98	132.73
120.84	71.06
121.89	71.06
122.94	45.33
126.17	45.33
129.2	45.33
132.16	21.76
134.91	21.76
138.1	21.76
139.43	46.71
141.35	150.06
144.84	150.06
147.79	149.13
150.74	149.13
151.47	71.24
153.35	74.54
156.7	74.54
156.81	63.56
157.36	88.05
158.5	88.05
158.89	7.39
159.32	7.39
161.84	7.39
162.81	13.47
162.91	28.58
166.12	123.43
166.47	123.43
167.45	123.43
169.59	15.96
170.01	56.76
172.62	56.76
173.24	144.58
174.14	144.58
176.84	144.58
180.13	33.55
181.44	38.53
181.76	38.53
183.33	38.53
183.52	101.61
186.84	43.55
187.41	80.75
189.84	80.75
190.12	80.75
193.4	152.71
193.9	152.71
197.26	10.1
200.3	92.66
200.59	92.66
201.04	92.66
203.42	22.42
204.9	150.05
208.3	150.05
210.69	150.05
214.16	119.58
214.61	119.58
214.95	154.68
217.92	154.68
219.59	67.63
220.48	67.13
223.55	67.13
224.23	67.13
225.5	38.78
226.76	38.78
227.43	38.78
228.03	34.15
231.08	34.15
232.52	64.99
232.86	64.99
235.24	77.6
237.89	61.34
238.97	61.34
242.46	61.34
243.01	77.61
244.9	77.61
246.48	23.34
247.27	23.34
249.62	65.84
252.48	128.71
