2.05	119.81
2.56	119.81
3.03	87.29
5.72	87.29
9.13	87.29
9.78	56.87
11.64	56.87
14.42	56.87
16.49	2.95
19.67	2.95
20.75	127.97
23.01	127.97
26.0	127.97
27.88	148.94
30.15	148.94
32.31	148.94
32.57	100.31
34.39	69.33
35.29	69.33
37.98	69.33
39.34	87.35
42.6	87.35
44.02	117.01
44.27	117.01
46.88	136.58
49.14	34.37
51.4	97.01
52.71	17.29
54.81	17.29
58.26	77.06
59.23	77.06
60.69	77.06
62.8	97.88
63.38	22.79
65.1	22.79
66.41	22.79
69.8	106.6
71.28	106.6
73.1	148.61
75.3	148.61
77.92	148.61
81.31	42.54
82.71	42.54
85.52	42.54
88.8	34.5
90.68	34.5
91.72	34.5
94.54	129.16
94.71	65.42
95.92	65.42
98.83	65.42
99.6	85.41
100.96	85.41
102.06	57.04
103.83	57.04
104.57	113.0
106.51	113.0
107.59	105.04
109.22	105.04
110.38	45.13
113.45	45.13
116.25	61.61
118.48	61.61
121.96	135.33
124.21	50.98
125.23	16.59
126.26	37.47
129.64	45.45
132.74	45.45
136.17	32.36
136.65	32.36
139.7	32.36
141.16	70.9
143.16	70.9
146.52	125.33
148.63	125.33
151.05	125.33
151.34	54.13
152.03	54.13
152.87	54.13
154.9	66.09
155.3	152.79
156.68	73.47
158.96	73.47
161.85	73.47
164.51	68.18
165.41	79.1
165.56	79.1
166.95	62.82
170.19	62.82
172.42	141.29
174.8	80.12
175.69	80.12
178.87	80.12
179.2	49.02
179.64	156.49
182.09	156.49
184.98	156.49
185.5	23.1
186.6	83.39
187.32	151.86
188.42	151.86
189.24	151.86
192.45	152.98
194.98	152.98
196.37	152.98
198.35	144.69
201.63	144.69
202.99	144.69
204.22	44.14
204.99	44.14
207.81	44.14
209.56	102.18
212.8	102.18
213.16	102.18
215.8	19.3
219.0	19.71
222.08	19.71
225.06	1.63
228.4	1.63
229.07	36.94
231.51	36.94
233.93	36.94
236.15	103.08
239.35	82.5
239.6	77.72
240.34	77.72
240.93	77.72
243.16	72.86
244.72	72.86
247.15	72.86
248.33	42.33
251.72	42.33
