1.75	123.02
2.52	131.81
5.46	131.81
6.67	21.37
8.81	69.18
9.92	69.18
10.63	153.98
11.08	153.98
11.28	122.38
13.67	61.38
17.01	61.38
18.05	79.93
19.72	79.93
21.18	70.55
21.69	70.55
22.63	70.55
24.44	10.27
25.56	10.27
28.21	10.27
31.44	97.94
32.5	49.62
34.12	114.92
35.76	114.92
39.15	114.92
42.48	115.39
42.82	115.39
43.35	115.39
44.66	10.77
45.76	10.77
49.21	10.77
49.58	26.63
50.47	1.1
51.43	1.1
54.03	1.1
54.91	140.08
56.3	63.59
56.71	124.85
58.7	158.63
60.31	158.63
62.19	64.3
64.26	64.3
66.33	78.01
66.61	78.01
67.38	78.01
67.78	11.3
68.21	11.3
70.11	11.3
71.61	40.92
74.51	115.8
76.31	115.8
77.05	32.7
78.51	32.7
78.86	32.7
80.41	116.83
80.69	116.83
83.42	149.3
84.39	82.99
86.72	82.99
89.85	111.91
91.13	111.91
91.28	128.35
92.23	128.35
94.15	128.35
94.68	144.16
96.11	144.16
97.36	144.16
98.01	9.3
101.04	92.97
101.65	50.0
102.15	50.0
103.23	50.0
105.9	49.2
106.51	49.2
110.0	157.13
112.78	157.13
114.34	157.13
117.49	151.21
120.54	151.21
121.03	2.83
121.91	94.94
124.71	94.94
125.7	12.78
127.04	12.78
128.23	82.35
131.41	82.35
131.59	63.0
133.1	156.39
136.05	156.39
136.31	156.39
136.7	81.51
139.79	34.99
141.51	34.99
142.47	34.99
145.55	95.33
147.92	95.33
148.02	95.33
150.99	2.29
151.96	2.29
153.53	2.29
156.68	86.8
158.68	86.8
161.9	86.8
164.52	143.94
164.95	143.94
168.44	143.94
169.11	52.41
169.29	160.82
172.45	50.04
173.37	156.81
174.66	156.81
177.48	156.81
180.92	4.0
183.22	4.0
185.4	4.0
188.66	43.59
191.17	81.86
191.82	81.86
194.64	81.86
196.17	1.44
197.59	1.44
199.84	89.73
201.54	89.73
202.59	89.73
205.32	33.4
207.67	33.4
208.43	101.33
211.4	127.6
213.86	127.6
216.79	143.5
219.88	143.5
221.3	83.98
221.63	153.79
223.05	153.79
223.2	160.44
223.48	160.44
226.35	109.9
227.96	109.9
229.36	109.9
230.63	38.74
232.23	38.74
234.1	123.22
234.86	123.22
236.33	123.22
237.64	33.21
239.55	33.21
240.97	33.21
241.94	125.62
243.91	65.39
247.2	65.39
248.34	135.97
251.69	135.97
