0.37	5.21
1.33	97.28
4.23	97.28
5.35	97.28
7.81	37.37
8.47	117.16
10.93	117.16
11.67	101.55
12.04	60.2
14.09	91.28
14.84	91.28
16.87	91.28
20.23	134.49
21.62	134.49
23.88	134.49
27.16	55.57
30.51	55.57
33.04	55.57
35.16	14.27
37.97	95.66
38.82	95.66
39.36	121.42
40.53	16.64
40.83	16.64
41.47	16.64
44.19	14.32
46.46	11.12
47.42	68.85
50.02	68.85
52.71	159.42
55.84	159.42
59.06	159.42
62.19	42.66
63.77	42.66
66.53	42.66
68.75	121.43
69.86	121.43
72.33	121.43
73.04	128.83
75.73	160.6
76.36	2.13
79.59	2.13
81.26	87.51
83.81	35.79
84.04	34.15
85.68	25.62
86.51	25.62
88.27	25.62
88.6	113.65
91.05	113.65
93.73	113.65
94.37	87.28
96.31	12.32
97.45	47.09
100.13	47.09
102.92	47.09
103.35	118.45
106.78	118.45
107.42	118.45
107.63	27.92
110.8	27.92
113.16	91.04
115.66	91.04
118.53	99.98
121.27	99.98
122.03	99.98
124.86	63.96
128.18	63.96
128.89	63.96
131.47	130.57
134.79	130.57
135.55	5.94
136.34	5.94
136.74	5.94
136.85	114.14
137.4	114.14
138.88	114.14
139.56	150.6
141.07	150.6
144.03	150.6
147.12	46.42
148.58	46.42
151.56	113.95
154.83	1.92
155.44	79.51
158.17	79.51
158.37	60.61
159.37	60.61
162.56	112.28
164.7	57.26
166.83	57.26
170.22	130.27
171.64	53.08
173.92	91.52
174.44	99.89
174.68	99.89
175.56	99.89
177.46	54.86
179.85	54.86
182.49	54.86
183.96	1.76
187.28	1.76
190.24	104.38
191.07	124.93
191.55	124.93
192.49	115.56
192.72	23.19
195.43	23.19
197.99	61.87
198.86	61.87
198.99	114.36
201.72	114.36
202.75	114.36
205.5	71.97
206.21	66.03
208.56	66.03
211.84	100.77
213.19	100.77
213.81	100.77
217.03	11.56
219.75	11.56
221.84	11.56
222.26	90.36
223.53	90.36
226.59	60.2
228.56	117.33
229.17	117.33
230.29	29.42
233.21	105.19
233.99	107.56
235.21	107.56
237.53	98.2
238.77	98.2
239.52	6.71
242.43	160.66
243.41	28.96
245.76	28.96
245.89	126.73
248.73	110.37
248.88	148.12
249.65	148.12
252.69	148.12
