2.66	42.1
5.22	42.1
7.63	42.1
10.51	149.48
13.08	72.87
13.48	143.71
16.62	6.41
20.08	61.99
22.84	61.99
25.33	61.99
28.11	74.46
29.26	74.46
32.45	74.46
34.98	123.47
35.34	123.47
36.05	78.45
39.45	78.45
40.25	34.33
40.61	34.33
41.68	34.33
43.91	150.44
45.65	32.67
48.33	32.67
51.17	149.42
53.33	149.42
53.83	135.53
55.69	57.52
58.51	57.52
61.43	57.52
63.12	127.8
63.82	127.8
66.77	6.46
67.82	9.92
71.24	9.92
73.47	9.92
76.46	8.3
77.29	8.3
79.41	68.87
81.74	9.73
85.22	130.26
87.89	130.26
90.77	130.26
91.07	139.1
92.67	139.1
93.74	139.1
94.21	88.81
96.8	113.28
98.75	113.28
99.99	113.28
101.31	56.07
104.58	56.07
107.16	56.07
109.41	52.03
109.55	52.03
111.79	13.69
114.32	13.69
117.69	13.69
119.16	64.71
121.1	64.71
123.87	65.01
126.45	65.01
129.4	35.89
129.77	35.89
133.24	149.03
133.48	149.03
134.46	149.03
135.8	14.41
139.3	14.41
141.65	84.0
144.36	147.28
147.47	147.28
148.01	34.9
149.39	34.9
151.77	142.58
152.28	142.58
153.09	86.34
155.61	69.27
157.05	43.94
159.9	27.96
163.23	116.96
166.37	116.96
168.36	51.27
171.27	51.27
174.19	51.27
174.73	34.51
177.35	118.53
178.34	118.53
178.65	99.02
180.2	99.02
183.58	99.02
185.57	61.2
187.43	61.2
190.92	130.61
193.93	130.61
196.0	61.39
198.07	61.39
199.52	61.39
201.9	153.07
202.33	153.07
205.3	153.07
206.5	43.78
208.65	43.78
211.32	143.56
211.46	143.56
211.57	143.75
213.08	143.75
214.51	143.75
216.41	155.54
216.89	155.54
218.5	153.48
219.05	153.48
222.11	153.48
223.89	159.62
226.34	152.1
227.24	152.1
229.96	119.51
231.49	119.51
232.66	119.51
235.12	40.56
237.68	40.56
238.82	27.89
242.16	27.89
242.29	6.98
244.22	6.98
246.63	6.98
246.75	95.58
249.91	95.58
251.92	135.74
