3.3	111.13
5.87	103.2
8.07	103.2
8.6	103.2
9.7	96.81
12.02	96.81
14.41	96.81
17.3	64.87
18.56	64.87
20.81	122.6
22.31	122.6
24.83	122.6
25.32	102.44
28.17	102.44
31.28	157.24
31.95	157.24
34.84	157.24
35.29	4.12
36.26	102.56
39.05	119.39
42.39	119.39
44.57	119.39
47.35	31.83
50.3	17.63
52.87	17.63
53.78	17.63
57.2	63.96
58.1	63.96
58.94	65.51
61.13	42.9
61.33	116.16
61.85	116.16
62.41	116.16
64.12	152.22
65.88	44.35
67.06	40.4
70.1	40.4
73.01	40.4
74.38	126.35
74.58	126.35
75.38	126.35
76.14	149.22
79.52	149.22
81.56	153.81
81.71	9.81
83.85	9.81
83.99	55.61
84.75	55.61
86.5	44.47
86.75	44.47
89.91	44.47
93.31	131.34
95.72	131.34
98.88	131.34
99.55	17.96
99.7	17.96
100.2	17.96
102.87	66.3
104.89	66.3
108.13	143.87
109.1	143.87
112.49	141.96
115.5	98.43
116.84	80.91
117.14	45.62
118.18	128.21
121.3	146.23
121.62	3.29
123.54	3.29
125.13	3.29
127.92	48.17
130.96	48.17
133.37	48.17
135.26	27.35
137.59	27.35
138.46	105.59
140.28	105.59
140.99	105.59
141.35	108.58
143.68	108.58
145.48	75.02
147.38	75.02
150.12	101.9
153.23	92.31
155.56	81.71
156.94	81.71
159.23	81.71
160.5	74.83
163.13	158.22
164.18	158.22
166.44	158.22
167.38	77.97
170.61	77.97
173.9	77.97
175.88	145.61
176.35	145.61
176.73	84.05
179.79	84.05
182.03	84.05
182.59	53.95
183.88	61.02
185.3	61.02
187.62	61.02
187.79	26.94
189.75	26.94
192.57	26.94
194.42	88.93
196.42	88.93
198.12	151.41
200.41	151.41
202.52	151.41
204.8	140.75
206.47	140.75
208.39	140.75
211.79	84.29
213.21	84.29
213.37	84.29
216.72	130.14
219.5	82.05
221.32	30.48
223.73	106.07
223.88	106.07
223.99	106.07
224.2	42.3
226.44	42.3
227.05	42.3
229.44	97.76
232.32	97.76
234.04	62.22
235.15	86.26
237.05	86.26
240.52	86.26
241.51	29.25
241.77	29.25
244.86	29.25
245.03	75.77
245.54	75.77
245.97	3.95
247.57	3.95
250.91	16.25
