0.46	9.42
3.96	84.75
6.94	84.75
7.7	27.38
9.11	27.38
11.77	27.38
13.83	8.07
14.88	121.42
14.98	121.42
16.19	121.42
18.29	37.16
19.57	37.16
22.99	37.16
26.01	106.97
28.32	106.97
28.65	106.97
29.91	67.79
30.07	156.33
33.09	6.33
35.7	100.83
38.84	100.83
41.71	99.68
44.36	99.68
45.37	159.7
47.37	159.7
50.82	159.7
51.73	24.16
53.53	24.16
55.35	24.16
55.79	29.96
58.05	85.13
60.77	86.67
62.9	86.67
64.25	86.67
66.94	56.34
68.7	56.34
70.39	56.34
71.28	100.68
73.49	100.68
75.35	87.47
75.5	87.47
78.72	152.2
79.63	152.2
80.69	152.2
82.79	77.28
85.06	77.28
86.67	55.89
89.65	66.08
92.14	66.08
92.57	59.51
92.83	59.51
96.14	59.51
96.62	160.08
99.56	113.97
101.53	113.97
103.21	159.02
103.53	159.02
103.71	159.02
107.12	74.24
107.31	74.24
110.63	74.24
111.68	69.01
113.59	69.01
115.84	69.01
117.88	156.36
120.05	156.36
120.73	156.36
122.45	79.21
125.62	79.21
128.04	79.21
130.07	134.5
132.44	126.7
132.76	126.7
136.2	126.7
136.76	141.98
140.16	141.98
142.24	141.98
144.26	22.0
146.7	22.0
148.1	22.0
149.55	55.8
152.27	55.8
152.49	46.93
155.31	92.03
158.35	92.03
158.58	92.03
159.91	55.29
160.76	156.46
162.91	156.46
163.16	132.72
164.26	132.72
166.88	132.72
167.23	31.0
170.27	31.0
170.86	31.0
174.11	93.32
175.44	93.32
177.17	93.32
178.84	108.41
181.37	108.41
184.26	93.5
187.27	93.5
188.22	59.36
190.98	59.36
191.2	59.36
194.27	70.17
195.67	70.17
197.26	70.17
197.77	71.14
200.0	71.14
202.54	62.21
206.04	62.21
208.31	108.43
208.77	108.43
209.21	108.43
210.99	17.43
213.9	17.43
215.99	17.43
219.0	127.22
220.99	127.22
221.24	53.55
221.5	31.35
223.26	104.22
223.6	104.22
226.1	104.22
226.79	69.83
229.92	69.83
232.5	47.85
235.61	47.85
238.22	1.33
240.42	1.33
243.42	1.33
244.11	75.67
246.61	75.67
248.65	75.67
249.0	25.12
249.46	97.61
251.18	97.61
