0.13	5.23
3.6	5.23
4.09	5.23
4.54	80.51
4.99	142.14
7.02	82.78
8.39	24.48
11.1	57.2
12.82	57.2
15.31	114.9
17.64	114.9
19.55	114.9
22.97	151.8
24.97	151.8
28.0	151.8
30.7	104.86
33.49	57.22
36.38	57.22
39.76	57.22
42.66	35.62
45.59	121.09
46.39	92.73
49.64	92.73
51.38	92.73
54.55	105.44
54.75	105.44
55.91	1.53
58.08	36.24
58.59	36.24
61.49	36.24
63.82	103.69
67.17	103.69
67.37	103.69
69.69	91.41
71.12	91.41
72.73	73.96
73.77	73.96
75.44	122.79
77.6	122.79
80.63	122.79
82.02	160.04
84.77	160.04
87.64	85.58
91.1	148.37
93.32	148.37
96.69	108.02
99.93	108.53
101.66	108.53
105.12	108.53
107.56	14.03
109.09	107.79
110.69	107.79
110.92	116.89
113.97	116.89
114.27	116.89
116.95	78.87
117.7	108.04
117.83	108.04
119.26	15.23
120.41	15.23
122.33	15.23
123.1	63.58
123.92	63.58
126.67	123.92
129.74	123.92
131.52	149.22
134.93	149.22
137.46	149.22
140.8	78.38
141.8	78.38
144.01	78.38
147.27	8.41
148.27	102.79
150.3	102.79
151.54	106.33
153.94	66.85
157.02	50.16
157.59	50.16
159.94	50.16
160.42	69.1
162.37	69.1
163.83	69.1
164.86	153.51
166.22	153.51
168.42	153.51
170.44	106.39
173.65	106.39
176.21	106.39
178.92	131.29
179.38	131.29
182.24	150.78
182.92	148.49
183.49	79.3
184.55	27.03
185.19	27.03
185.34	153.63
186.11	153.63
186.6	153.63
187.54	95.64
187.91	100.5
191.2	100.5
192.28	100.32
192.49	7.9
194.02	7.9
196.68	92.39
197.45	92.39
200.33	79.48
203.61	79.48
204.59	79.48
206.53	156.4
209.12	156.4
212.54	156.4
215.99	45.97
218.95	45.97
221.05	45.97
222.41	144.0
223.38	30.54
224.83	30.54
226.49	106.78
228.49	106.78
228.75	106.78
231.99	10.39
233.34	10.39
233.78	10.39
235.75	18.01
238.21	18.01
238.88	3.76
241.25	158.9
243.76	149.79
245.42	149.79
248.12	34.86
250.4	133.9
