2.27	2.76
3.16	1.01
3.68	1.01
4.21	3.57
6.6	3.57
7.07	3.57
9.63	1.21
10.36	1.21
13.7	1.65
14.29	1.65
16.15	0.53
19.55	1.26
20.61	1.26
22.81	0.42
24.16	0.42
24.81	0.42
27.12	1.07
28.36	0.82
29.54	0.9
30.6	1.92
31.8	2.21
31.99	2.21
32.16	3.8
34.68	3.8
36.06	3.8
37.8	3.38
38.62	3.38
41.38	3.33
43.7	3.33
45.39	3.33
48.01	1.4
50.47	1.4
53.06	1.3
54.93	1.3
56.07	1.3
56.64	2.52
57.81	1.68
59.46	1.78
62.21	1.78
64.49	1.78
67.1	1.77
69.14	1.35
69.42	2.86
70.27	2.88
71.05	2.88
73.35	1.14
74.05	0.82
74.44	0.57
77.28	2.57
78.34	2.57
80.06	2.57
80.77	3.29
82.69	0.72
84.62	1.4
86.76	1.4
88.71	2.72
89.09	0.98
91.7	0.98
94.19	0.3
95.84	1.0
97.02	1.0
97.16	1.41
99.66	1.41
100.99	1.18
103.94	3.61
104.6	1.67
106.95	1.67
108.1	1.67
108.33	0.51
110.9	0.51
113.62	0.51
114.43	1.71
117.7	1.71
120.39	2.52
121.08	2.89
124.33	2.89
124.44	2.89
125.08	2.77
125.65	2.77
128.39	1.41
130.17	2.4
132.02	2.4
132.93	2.4
133.93	0.26
135.75	3.22
138.99	3.22
139.29	0.24
140.1	0.24
143.38	1.29
144.61	1.29
146.55	1.29
148.03	3.23
149.69	0.4
152.16	3.25
153.65	3.25
156.76	1.64
159.9	1.22
161.8	1.72
164.72	2.23
166.39	2.23
167.06	2.53
167.2	2.53
167.33	2.53
169.08	2.46
172.52	2.46
174.96	0.82
176.6	0.82
179.53	0.82
180.14	2.14
181.06	2.14
183.47	3.23
185.45	3.23
186.42	1.1
188.36	1.1
188.79	1.1
189.08	1.12
192.01	1.12
195.09	1.12
196.66	0.41
197.09	0.41
200.49	0.41
202.78	2.15
205.51	2.15
206.44	0.86
207.41	0.86
207.97	0.86
210.63	0.98
211.06	0.98
211.92	0.98
214.64	3.48
216.54	3.48
219.16	1.96
219.98	1.96
220.52	1.96
222.11	3.45
225.15	3.45
228.56	3.45
228.86	1.51
232.24	2.21
233.32	1.35
236.63	1.92
236.87	1.92
238.0	1.92
238.18	2.01
240.05	1.29
241.43	1.29
244.86	3.91
247.09	0.56
247.39	0.56
250.31	0.27
