0.16	3.39
1.47	0.62
4.59	2.41
5.5	2.41
8.62	2.41
10.84	2.84
13.65	2.84
14.57	0.51
17.06	0.51
18.49	0.51
21.84	0.24
23.11	0.24
23.81	0.24
26.02	3.36
29.16	3.36
32.06	3.36
34.73	2.2
38.21	2.2
39.73	2.2
40.72	1.67
44.2	3.05
45.39	3.05
46.57	3.05
47.6	1.83
49.62	1.83
51.25	1.34
52.16	1.34
53.63	1.34
54.1	1.07
57.49	1.07
60.54	1.02
62.36	1.02
65.57	0.61
69.02	0.61
71.81	1.72
72.93	1.72
74.25	2.87
74.84	2.07
77.09	2.07
78.69	2.07
81.28	0.74
82.32	2.18
82.58	2.18
84.39	2.18
85.02	2.78
87.42	2.78
88.61	0.78
91.66	0.78
94.53	2.87
94.95	2.87
96.34	3.57
99.27	3.57
102.26	3.57
105.56	0.95
107.24	0.95
109.99	3.72
113.42	3.72
116.02	3.17
118.98	3.17
119.47	1.88
122.19	0.52
123.51	0.43
124.58	1.12
126.48	1.12
127.05	1.12
128.75	3.49
128.94	1.43
131.07	1.43
133.13	1.43
135.57	3.06
137.2	3.06
138.76	3.06
139.65	2.6
140.86	2.6
142.13	2.6
145.51	1.37
147.41	3.75
148.22	3.75
151.21	1.01
151.81	0.27
154.95	0.27
155.12	0.27
155.39	1.15
156.29	1.15
158.3	1.15
159.16	0.74
161.77	0.96
163.35	0.96
166.41	0.96
167.88	1.67
169.84	2.83
171.0	2.83
173.56	1.85
176.1	1.85
176.7	1.78
179.9	3.97
181.98	3.97
183.46	3.97
186.21	2.21
187.34	2.21
190.83	2.21
193.09	1.47
196.37	1.35
199.42	1.35
201.0	1.35
203.54	1.69
206.18	2.11
208.9	2.11
212.26	2.05
213.21	1.26
215.32	1.26
217.52	1.26
218.77	0.64
222.23	1.87
223.97	2.51
227.22	2.51
228.98	0.92
231.69	0.92
234.02	0.92
236.39	1.84
239.27	1.09
241.17	3.05
244.32	2.57
246.08	2.57
247.38	2.57
248.62	0.77
249.04	1.12
251.54	1.12
