0.76	3.88
0.99	2.8
3.81	2.8
4.63	2.8
6.53	3.31
8.87	3.56
11.52	3.56
12.32	1.6
15.24	1.6
16.6	0.42
19.84	0.42
21.52	0.99
22.01	0.99
25.39	0.99
26.46	2.91
29.5	2.91
31.7	3.02
35.11	0.64
36.7	0.64
39.43	0.64
40.41	1.66
42.66	3.98
45.73	3.98
47.88	1.74
50.24	1.74
53.72	0.4
54.78	0.4
58.02	0.4
59.52	1.78
60.31	3.52
63.6	3.52
65.62	3.52
66.51	2.03
67.29	2.03
67.85	2.03
69.33	1.91
72.74	1.91
72.97	0.85
75.33	0.85
78.03	0.65
78.22	0.65
81.25	2.43
83.87	1.25
84.49	1.25
87.49	1.25
88.24	3.99
90.44	1.37
93.63	1.37
94.98	3.98
98.1	3.98
100.22	1.12
100.75	1.12
101.54	2.15
101.7	2.15
102.76	2.15
106.04	1.52
107.57	1.39
108.14	1.39
109.88	1.39
111.61	0.79
114.96	0.79
115.87	2.18
118.59	2.18
121.01	0.63
124.09	0.63
125.97	3.18
129.35	1.47
129.84	1.48
131.92	1.48
134.15	1.48
137.02	0.37
140.42	0.37
141.73	0.21
143.4	2.2
145.2	2.2
148.22	1.68
149.44	1.68
149.63	1.68
152.15	1.34
154.85	1.34
158.08	1.34
159.92	0.35
162.03	0.35
163.1	0.35
164.43	2.73
167.12	2.73
168.61	0.71
169.39	0.71
169.57	1.16
170.92	1.16
171.33	1.16
173.14	1.96
173.79	1.96
174.62	1.96
175.78	2.7
177.58	1.46
178.39	1.46
179.88	1.46
182.63	3.15
185.06	2.93
185.49	2.64
188.79	2.64
190.38	2.64
193.48	0.4
194.36	0.4
194.49	3.97
197.9	3.97
198.77	1.9
200.55	3.31
201.07	3.31
202.69	3.31
205.08	3.8
206.03	0.33
207.85	0.33
211.14	0.33
214.57	0.81
218.04	2.17
219.47	0.91
221.74	0.91
224.71	3.65
227.28	3.65
230.3	3.65
231.22	1.43
232.28	1.43
233.78	1.43
235.07	2.02
235.21	3.92
235.8	3.92
236.92	1.4
239.12	1.4
240.96	1.58
241.8	2.63
242.49	2.63
242.69	2.63
243.4	2.37
244.76	3.88
247.03	3.88
249.52	0.99
251.45	0.99
