0.2	2.01
1.31	2.01
4.11	3.47
4.89	3.74
7.18	3.74
8.57	1.4
10.72	3.15
13.34	3.15
14.88	3.15
16.43	1.45
18.78	1.45
20.25	1.45
21.35	0.48
23.26	0.48
25.72	0.48
27.48	0.35
27.8	0.35
28.3	0.35
29.45	0.35
31.3	0.21
34.35	0.21
37.01	1.71
38.5	1.41
40.6	1.41
41.69	1.44
44.31	2.06
47.09	2.06
48.73	2.06
52.19	0.2
55.5	0.2
55.66	3.4
58.36	3.4
59.53	3.4
61.43	3.05
63.51	3.05
65.75	3.05
68.95	2.4
70.36	2.4
72.48	0.94
73.19	0.94
74.05	0.94
77.09	3.16
80.34	3.16
82.38	3.16
84.06	0.65
84.28	0.62
85.97	0.62
89.04	0.62
92.4	0.41
94.49	0.23
97.4	0.23
97.62	1.85
98.77	1.85
100.63	1.85
102.53	3.82
105.04	1.71
106.92	1.71
108.68	1.71
111.74	0.43
114.39	0.43
117.81	0.43
120.37	1.67
122.68	1.67
122.79	3.35
125.14	3.35
125.68	3.97
125.94	3.97
128.57	3.05
132.02	1.68
135.25	2.36
138.67	1.77
139.17	3.87
139.63	3.87
140.99	3.87
142.95	0.73
144.3	0.73
147.36	0.73
149.73	0.88
150.72	2.83
154.13	2.83
156.94	1.78
159.91	1.85
160.66	1.21
163.76	1.21
165.44	2.92
166.7	2.92
169.91	2.92
172.43	2.89
174.07	2.89
175.66	2.02
178.76	2.02
181.59	1.79
182.86	2.6
184.7	2.27
185.83	2.27
186.64	0.88
188.04	1.61
189.66	1.61
190.73	1.61
192.74	1.52
193.32	1.52
196.57	1.52
197.66	1.29
201.03	1.02
204.06	3.3
207.51	3.3
209.34	2.84
212.69	2.84
215.52	0.88
217.17	0.88
219.45	0.88
221.67	2.76
222.17	2.76
224.92	2.76
225.68	3.0
229.03	3.0
231.38	3.63
232.9	3.71
233.14	3.71
233.78	0.51
234.38	0.51
235.74	0.51
236.2	1.51
237.67	1.51
240.74	1.51
241.33	2.54
241.66	2.54
242.18	0.26
244.7	0.26
247.66	0.56
249.78	0.56
251.92	1.09
