3.04	3.96
3.89	3.07
6.54	2.03
9.89	0.79
11.98	0.79
13.32	0.79
14.22	2.66
17.65	3.07
18.97	3.07
20.99	2.31
23.44	3.81
26.09	0.78
28.25	0.78
29.6	1.56
31.46	0.28
32.17	0.28
32.91	0.28
36.08	0.55
36.25	0.55
39.73	3.63
40.03	2.13
40.45	2.13
42.73	2.13
46.12	3.94
49.25	3.94
50.03	3.94
52.95	4.0
54.9	2.66
57.74	2.66
58.63	3.77
59.02	0.91
61.75	0.91
62.05	1.58
62.36	2.03
64.36	2.03
67.23	2.03
70.7	3.38
72.36	3.29
75.59	0.55
76.93	0.37
79.92	0.37
81.45	0.75
83.94	0.75
85.04	0.75
87.15	1.51
89.83	1.51
91.46	1.51
93.65	2.46
95.65	2.46
98.35	2.8
101.66	2.59
101.85	1.82
103.21	1.82
103.74	1.82
106.29	3.55
109.06	0.21
110.74	0.21
111.59	0.35
111.84	0.35
112.01	0.35
113.21	3.65
113.77	3.65
114.02	3.84
116.62	3.84
117.54	3.84
119.63	1.64
121.45	1.28
121.84	2.53
122.67	2.53
124.22	2.53
124.88	0.38
126.72	1.18
128.39	1.18
128.59	1.07
129.95	1.07
132.54	3.96
134.21	3.42
134.84	3.42
135.65	3.42
135.99	3.49
138.07	3.49
140.85	3.49
141.64	2.37
144.82	2.37
146.14	1.49
147.64	1.49
148.31	1.49
148.77	3.64
149.51	3.64
151.39	3.64
154.53	3.32
156.32	2.84
158.73	2.84
160.72	2.84
163.91	0.72
167.07	0.72
169.38	0.72
171.7	0.91
172.16	0.91
173.26	0.91
176.39	2.47
178.49	2.47
181.81	2.47
183.07	2.28
183.86	1.71
187.12	1.71
189.98	1.71
191.28	3.88
191.46	3.88
193.36	3.88
194.61	1.25
195.03	1.25
195.32	1.25
197.82	1.8
199.15	1.65
199.49	3.03
200.03	3.03
201.26	3.03
202.34	3.31
203.58	3.31
206.07	3.31
207.48	3.28
209.71	1.13
213.21	1.13
214.09	1.13
216.5	1.17
217.76	1.17
220.74	1.17
221.65	3.67
223.63	3.67
224.69	3.67
226.74	3.15
227.44	3.15
227.7	3.15
229.73	0.55
231.14	0.55
234.31	2.42
235.09	2.42
237.61	3.28
238.16	3.36
238.3	3.36
241.0	3.59
241.17	3.59
242.0	0.48
245.24	0.48
247.8	3.39
248.04	2.41
250.85	2.41
