1.03	0.24
4.09	0.24
5.46	2.56
6.03	2.56
8.16	2.56
8.39	2.86
9.05	3.24
9.31	3.24
10.26	3.24
13.17	1.12
16.66	1.09
19.51	1.92
19.62	1.92
20.51	1.92
21.21	1.35
23.39	1.35
25.32	3.74
26.71	1.17
27.2	0.58
28.28	0.58
29.59	2.77
29.96	2.77
31.77	2.77
34.15	0.27
37.39	3.39
39.61	3.39
39.99	3.39
42.33	1.61
44.11	1.11
46.7	1.11
48.24	0.53
49.23	0.53
50.15	0.59
53.16	2.63
55.93	2.63
56.38	2.63
59.58	2.68
60.7	2.69
61.35	2.69
64.0	2.69
66.23	3.07
67.77	3.07
68.57	3.9
71.53	3.36
73.1	3.71
76.14	3.71
79.26	2.77
82.65	2.77
85.46	1.44
87.09	0.52
90.13	3.22
92.59	3.22
94.29	2.99
97.46	2.99
100.26	2.99
102.46	0.42
105.96	0.42
108.18	3.68
111.43	3.68
111.91	2.82
113.32	2.82
115.65	1.65
118.11	1.65
120.26	1.65
122.36	2.06
123.47	1.22
125.11	1.22
127.26	1.44
129.24	3.79
132.36	0.66
132.86	1.33
135.22	1.33
137.3	3.52
140.68	3.52
142.0	3.52
144.86	0.81
147.32	0.81
150.56	3.71
150.98	3.71
153.98	1.09
154.09	1.09
155.51	2.28
157.42	2.93
160.12	2.93
162.82	2.93
163.94	1.72
165.17	1.72
167.78	0.79
169.04	3.05
170.96	3.05
171.56	3.05
172.2	2.27
174.47	3.89
177.53	3.89
180.12	2.21
183.37	2.21
186.62	1.12
189.29	1.17
192.39	1.17
193.12	1.17
194.13	2.87
196.5	3.32
198.28	2.72
200.69	2.72
201.81	1.81
204.22	1.81
205.84	1.16
208.09	1.16
208.49	1.16
210.68	2.26
211.27	2.26
211.55	3.49
213.73	0.62
216.5	0.62
218.14	3.3
220.72	3.3
221.61	3.3
222.16	0.32
224.8	0.31
225.21	0.31
226.04	0.31
229.41	2.62
230.44	2.62
232.03	2.62
232.5	0.81
235.97	3.63
237.04	1.6
240.2	2.46
243.53	2.46
246.17	2.46
246.59	1.28
247.11	3.61
247.71	3.61
251.05	3.61
