1.89	1.29
4.85	1.29
5.15	1.29
7.04	3.23
8.89	2.96
10.4	2.96
13.12	2.26
14.36	2.26
16.12	2.26
18.14	2.06
20.33	2.06
23.6	2.06
25.83	1.64
29.05	1.64
32.42	3.65
35.85	3.65
37.31	3.65
38.35	1.43
40.92	1.43
41.43	0.43
43.63	0.43
44.71	0.43
45.59	0.54
48.04	0.54
49.93	0.54
51.38	1.13
52.07	1.13
54.91	1.69
56.1	1.66
58.57	1.66
61.33	0.23
63.89	0.23
65.61	0.23
68.13	3.37
69.94	2.83
72.69	2.83
72.93	2.05
73.45	2.05
73.83	2.05
74.31	1.78
77.8	1.78
80.71	1.78
82.99	3.15
86.29	0.34
89.44	0.34
89.71	1.52
91.67	1.52
92.97	1.52
93.42	1.61
94.5	1.68
95.22	2.09
95.92	2.09
99.26	2.09
100.27	3.94
103.14	3.94
104.29	3.94
105.53	3.54
106.48	3.54
107.15	1.31
110.0	3.32
113.29	3.32
113.8	3.32
115.53	0.98
118.75	0.98
119.99	0.98
123.29	3.27
125.56	3.27
126.07	1.27
128.6	1.27
130.9	1.27
131.1	2.13
131.98	2.13
132.62	2.85
134.17	2.85
136.09	1.82
136.33	1.82
138.94	2.7
139.87	2.86
140.95	1.92
143.87	1.92
146.66	3.1
148.09	3.1
149.09	3.1
152.33	2.68
153.75	2.68
154.94	2.18
156.28	2.18
159.52	2.18
161.93	3.48
162.67	1.05
163.51	1.05
164.24	1.05
165.51	0.45
168.94	0.45
170.73	2.75
171.07	2.75
173.13	2.75
175.74	3.8
176.31	0.65
178.23	2.05
179.51	2.05
180.97	1.98
181.45	1.98
183.12	1.98
186.14	1.36
188.74	1.36
191.2	3.4
192.55	3.4
196.0	0.54
196.78	0.54
200.05	0.54
202.83	3.45
204.19	3.45
205.18	3.45
206.55	3.71
209.86	3.43
213.21	2.02
216.61	1.85
217.35	1.85
218.87	2.68
219.64	2.69
222.36	2.69
224.83	2.69
225.07	1.44
226.51	1.44
229.69	1.44
230.11	3.24
231.79	3.24
233.3	3.24
234.27	1.73
237.46	1.73
240.5	2.49
241.03	1.63
244.44	1.63
246.14	2.49
247.77	2.49
250.21	1.52
