3.25	1.12
4.08	1.12
7.0	1.12
7.58	0.81
10.43	0.81
13.67	0.81
14.06	1.34
14.58	1.34
15.67	1.34
17.68	3.74
20.98	1.71
23.01	1.71
26.5	1.71
27.87	1.65
28.48	1.65
28.97	1.65
32.1	2.2
33.26	2.2
36.57	1.65
38.98	1.65
41.01	3.17
42.89	1.8
46.2	1.55
48.12	1.55
50.14	1.55
51.68	2.65
51.86	2.65
53.14	2.65
55.57	0.93
56.38	0.93
59.15	1.71
62.46	1.71
62.62	2.39
63.13	2.63
64.75	2.63
67.71	2.65
71.11	2.65
72.64	2.65
75.34	1.67
76.31	1.67
77.99	2.78
78.95	2.78
80.12	2.78
81.03	3.95
82.81	3.95
84.54	3.95
86.41	0.59
88.66	0.59
89.26	2.31
90.04	2.31
90.53	3.61
92.15	3.05
93.03	3.05
95.77	3.4
96.6	3.4
100.06	3.4
100.69	1.65
102.32	1.65
105.62	2.07
106.63	0.93
108.28	2.11
108.61	1.08
110.32	3.26
113.57	3.26
114.05	2.29
116.16	1.82
117.34	1.68
119.48	1.68
120.97	1.68
124.11	3.58
124.47	3.58
126.15	3.58
127.84	2.09
128.46	2.09
131.87	2.09
132.99	0.67
135.58	0.67
138.95	1.14
139.55	1.14
142.33	1.89
143.7	1.89
146.5	1.89
149.71	2.17
152.12	2.17
153.32	0.65
154.53	0.65
157.57	2.47
159.67	2.47
161.71	2.47
161.99	0.65
162.37	0.65
164.0	1.94
165.77	1.94
168.72	1.94
171.88	0.67
175.07	0.67
177.87	2.48
180.94	3.4
183.87	3.4
184.99	3.4
185.76	2.33
187.43	2.33
188.41	2.33
189.86	1.37
190.06	1.37
193.17	1.37
193.85	0.6
196.02	1.85
197.45	1.85
197.64	3.72
198.62	3.72
200.13	3.72
200.83	3.57
204.02	1.46
205.08	1.46
208.09	2.85
209.17	2.85
211.1	2.85
211.46	3.93
212.64	3.93
214.8	3.93
217.29	0.29
219.48	0.29
219.65	2.26
221.91	2.26
222.21	2.26
225.62	1.63
228.78	1.63
230.45	0.94
233.4	0.94
233.94	0.94
237.1	3.91
239.15	2.11
239.25	2.08
241.42	1.64
243.7	1.64
245.58	1.64
248.12	0.99
251.08	0.99
