1.13	0.28
4.24	0.28
5.07	2.2
5.86	0.66
8.43	0.66
9.32	2.83
11.49	2.25
14.88	2.25
17.54	2.25
18.06	3.58
20.64	1.67
23.68	1.67
26.5	1.47
29.08	1.47
29.22	2.43
32.08	3.48
34.79	3.45
35.17	3.45
36.67	3.46
39.07	3.46
39.43	0.67
41.03	1.31
41.47	1.31
44.76	2.84
47.56	2.84
48.94	2.84
49.66	2.93
51.39	2.93
54.46	2.93
55.34	1.6
57.62	1.6
58.43	2.27
60.52	2.69
63.2	2.69
63.76	2.69
67.03	1.48
69.0	1.22
71.46	3.01
72.73	3.01
75.67	1.7
75.96	3.18
76.81	3.18
78.47	0.41
79.79	0.41
82.23	1.06
83.32	1.06
84.3	0.96
84.61	0.96
86.56	0.96
87.82	0.69
88.32	0.69
90.21	1.54
91.39	1.62
92.27	1.62
92.71	2.42
96.03	2.42
96.98	1.75
98.41	2.34
99.64	2.34
100.61	1.72
101.73	2.12
103.44	2.12
106.1	2.12
107.54	3.89
109.66	2.45
110.73	3.36
111.74	3.36
112.12	3.36
114.35	3.74
117.35	2.58
120.25	2.58
122.57	2.58
125.97	3.14
126.61	3.14
129.51	3.14
129.71	3.05
130.43	3.05
133.24	3.05
133.68	1.77
134.13	1.77
134.33	1.77
135.05	1.66
135.85	1.66
137.65	2.1
140.14	2.1
142.34	2.25
145.29	2.25
147.91	3.5
150.76	3.5
152.66	3.5
154.47	2.94
156.81	2.94
157.29	2.94
158.78	2.93
161.07	2.93
163.73	2.93
167.06	3.98
168.51	3.98
170.73	0.67
172.68	1.82
173.71	1.82
174.69	1.82
177.88	0.37
179.96	0.37
181.96	0.37
183.45	1.85
184.62	1.85
184.85	1.85
186.29	2.2
187.97	2.2
188.76	2.58
188.95	2.58
189.92	1.17
192.6	1.17
193.88	0.85
196.32	0.85
199.52	0.85
202.08	3.04
205.35	3.04
206.4	3.78
208.07	1.64
209.0	1.64
212.47	1.78
215.68	1.78
219.01	1.78
219.61	2.9
221.54	2.9
222.49	1.35
225.33	1.35
225.49	2.61
226.86	2.61
228.85	0.5
232.18	0.5
234.52	2.57
235.96	2.57
236.7	2.57
238.08	3.74
239.56	3.74
239.86	2.63
240.09	2.63
240.43	2.63
243.65	3.63
244.93	3.63
246.55	3.43
246.92	3.43
249.39	0.65
251.04	0.65
