2.94	1.32
6.02	1.4
6.85	0.43
9.54	0.43
10.31	0.43
12.54	1.83
14.47	3.24
15.19	3.24
16.34	3.24
19.68	0.27
19.88	2.09
21.27	2.09
23.74	2.09
26.5	3.97
27.46	0.31
28.52	2.84
29.47	2.84
32.43	2.84
35.06	0.81
37.84	0.55
37.98	0.55
39.72	3.03
41.58	3.03
43.05	3.03
43.38	2.4
44.83	2.23
45.55	2.23
48.76	2.23
50.44	0.37
50.8	0.37
54.12	0.37
55.23	2.45
58.34	2.45
60.82	2.45
63.37	2.08
64.21	0.54
66.72	0.54
68.74	1.76
69.87	1.76
72.86	1.12
74.31	0.34
74.96	0.83
76.26	0.83
79.29	3.33
80.91	3.33
82.03	2.61
84.64	2.61
87.34	0.3
87.57	0.3
88.51	0.3
90.38	3.59
91.84	3.57
92.27	3.57
92.71	3.57
94.07	1.41
95.91	1.41
97.92	1.13
100.61	3.47
101.97	0.27
103.31	0.27
104.9	0.27
106.99	3.12
109.42	3.12
111.42	1.33
112.82	1.33
115.71	1.33
117.46	1.08
118.86	1.08
120.46	1.32
122.09	1.32
124.53	1.32
126.11	2.67
128.87	3.05
129.93	3.05
130.06	3.02
131.23	2.2
131.81	2.2
132.01	2.2
134.77	2.2
135.2	3.27
135.37	3.27
137.26	3.27
137.88	3.01
140.86	3.01
142.91	3.01
145.0	2.51
147.54	2.51
148.59	1.98
149.6	1.98
151.31	1.49
152.65	2.69
154.71	2.69
157.95	2.69
161.13	0.78
162.83	0.88
166.06	0.88
168.01	0.88
169.07	3.24
169.59	1.35
171.19	1.35
173.42	1.35
176.52	3.21
178.29	3.21
179.22	3.21
181.81	3.25
182.78	3.25
185.38	3.25
185.53	2.21
188.32	2.21
191.15	2.21
192.94	2.37
193.88	2.37
196.74	2.37
198.91	3.86
200.63	3.86
203.81	3.86
205.66	2.0
208.96	2.0
210.41	2.3
213.68	2.3
215.63	2.3
217.62	3.97
218.45	3.97
221.07	3.97
223.56	1.21
225.37	3.57
227.57	0.5
230.89	0.5
232.89	0.5
233.81	2.29
233.91	1.69
234.07	1.69
235.94	1.69
238.81	0.33
240.02	0.33
240.9	0.33
242.72	2.7
244.29	2.7
245.02	2.88
247.13	2.75
248.05	2.75
250.72	2.75
