0.51	2.33
1.4	2.33
3.8	2.33
4.11	0.82
6.95	0.82
9.06	0.82
9.52	3.63
12.21	3.63
13.82	3.63
16.97	0.46
20.06	1.03
22.49	1.03
23.86	2.83
26.99	2.83
28.62	1.61
30.01	1.16
30.24	1.16
31.94	1.16
34.6	1.79
36.16	1.69
37.46	1.69
38.56	1.69
40.92	0.72
41.72	0.23
42.73	0.64
46.09	0.64
47.33	2.21
47.99	2.21
48.91	2.21
51.23	2.25
51.79	2.98
53.49	2.98
56.98	2.98
58.79	1.1
61.56	2.35
62.78	2.35
65.97	2.35
68.87	1.73
72.28	1.73
75.52	2.62
78.27	2.62
79.59	2.62
80.58	2.02
80.92	2.02
83.3	3.19
86.0	3.19
87.1	3.19
90.23	3.86
92.88	0.35
95.51	1.01
98.57	1.01
101.36	3.24
102.07	3.24
102.41	1.11
102.77	0.96
103.1	1.56
104.85	1.56
105.51	1.56
106.54	1.94
107.27	3.55
109.77	3.55
110.1	3.33
112.89	3.33
115.07	2.11
116.23	3.09
116.39	1.86
117.86	1.88
120.17	1.83
122.64	1.83
123.3	3.42
123.66	3.04
126.8	3.04
127.44	0.96
128.09	2.16
128.26	1.45
129.12	1.45
129.89	1.45
131.85	3.84
133.48	3.84
133.79	1.95
136.38	3.08
138.81	1.06
141.52	1.06
142.05	2.84
145.35	2.84
148.84	2.84
150.31	1.61
153.4	3.99
154.9	3.99
157.27	1.91
157.72	3.03
160.67	3.03
163.52	3.03
164.51	1.56
167.2	1.56
169.92	1.56
170.5	2.48
171.96	1.24
175.32	1.24
176.3	1.24
176.51	0.38
179.38	0.38
180.63	1.87
182.99	2.66
183.51	2.66
185.9	2.66
188.59	3.56
190.24	1.36
191.89	2.83
193.75	2.83
194.06	3.25
195.5	3.15
196.9	3.2
199.6	3.2
202.44	3.2
202.7	2.61
204.78	0.63
207.83	0.63
208.89	2.36
210.39	2.36
211.05	1.19
212.96	1.19
213.83	3.87
215.53	3.93
217.42	3.93
219.08	3.93
221.79	3.16
225.08	3.16
228.03	3.16
228.69	2.88
230.32	3.6
233.09	3.6
234.09	3.6
235.58	3.44
236.17	3.44
238.27	2.41
239.13	1.77
240.81	1.77
241.59	1.77
243.59	0.23
245.28	2.4
245.66	2.4
248.35	3.47
250.99	3.47
