0.48	3.55
2.15	3.55
5.52	0.83
7.4	2.62
9.17	2.88
10.04	2.88
10.61	2.88
11.44	3.25
13.49	2.13
16.74	2.13
18.46	2.13
19.79	0.64
21.41	0.64
24.07	3.75
24.99	3.75
28.37	3.75
31.75	0.82
35.18	0.82
38.63	0.82
38.74	3.76
41.18	0.61
42.77	0.61
42.96	0.61
45.54	3.59
47.92	3.59
50.36	3.64
51.82	3.64
55.19	2.2
56.18	2.2
58.76	2.2
61.18	2.21
61.52	2.21
64.83	2.21
67.23	1.84
70.61	1.84
72.07	1.84
73.54	1.59
75.73	0.8
76.53	0.8
78.54	3.59
80.08	2.48
82.98	2.48
85.33	2.48
86.19	3.04
88.21	2.77
91.65	2.77
94.4	0.43
96.28	0.43
97.24	2.11
97.95	2.6
100.92	1.84
101.31	1.84
101.65	1.84
104.62	1.31
107.43	2.41
109.79	2.41
111.18	0.44
113.79	2.09
114.89	2.09
115.17	2.09
115.54	1.63
116.16	0.22
117.73	0.52
118.41	0.52
121.82	0.52
124.44	3.23
127.59	1.21
129.8	1.21
130.11	1.21
133.51	3.74
135.48	3.74
138.0	0.84
140.61	0.24
142.96	0.24
145.83	1.53
148.88	1.53
150.71	1.12
151.89	1.12
155.04	1.12
157.08	1.34
159.23	1.34
162.34	1.34
165.41	3.94
168.61	3.32
170.27	3.32
171.8	3.32
174.61	1.76
176.14	2.85
178.16	2.85
180.23	2.85
182.75	0.44
185.35	0.44
188.77	2.8
190.16	2.81
190.96	0.7
191.35	2.26
191.55	2.11
192.66	2.11
194.99	3.25
196.06	3.25
198.37	1.36
199.06	1.36
201.34	3.72
204.22	3.72
207.35	3.72
207.84	1.99
210.14	1.99
213.21	3.93
213.53	3.93
215.06	3.93
217.53	2.29
219.63	2.29
219.78	1.67
220.58	2.13
221.8	2.13
224.61	2.13
226.84	0.64
230.13	0.64
231.04	0.64
232.51	0.92
235.75	0.92
235.96	0.92
237.36	3.44
238.8	2.18
242.18	0.59
242.51	0.59
243.8	0.59
244.07	1.65
244.25	1.45
246.56	1.6
249.87	1.96
252.89	2.37
