0.46	0.42
3.96	2.19
6.94	2.19
7.7	0.84
9.11	0.84
11.77	0.84
13.83	0.38
14.88	3.05
14.98	3.05
16.19	3.05
18.29	1.07
19.57	1.07
22.99	1.07
26.01	2.71
28.32	2.71
28.65	2.71
29.91	1.79
30.07	3.87
33.09	0.34
35.7	2.56
38.84	2.56
41.71	2.54
44.36	2.54
45.37	3.95
47.37	3.95
50.82	3.95
51.73	0.76
53.53	0.76
55.35	0.76
55.79	0.9
58.05	2.19
60.77	2.23
62.9	2.23
64.25	2.23
66.94	1.52
68.7	1.52
70.39	1.52
71.28	2.56
73.49	2.56
75.35	2.25
75.5	2.25
78.72	3.77
79.63	3.77
80.69	3.77
82.79	2.01
85.06	2.01
86.67	1.51
89.65	1.75
92.14	1.75
92.57	1.59
92.83	1.59
96.14	1.59
96.62	3.95
99.56	2.87
101.53	2.87
103.21	3.93
103.53	3.93
103.71	3.93
107.12	1.94
107.31	1.94
110.63	1.94
111.68	1.82
113.59	1.82
115.84	1.82
117.88	3.87
120.05	3.87
120.73	3.87
122.45	2.06
125.62	2.06
128.04	2.06
130.07	3.35
132.44	3.17
132.76	3.17
136.2	3.17
136.76	3.53
140.16	3.53
142.24	3.53
144.26	0.71
146.7	0.71
148.1	0.71
149.55	1.51
152.27	1.51
152.49	1.3
155.31	2.36
158.35	2.36
158.58	2.36
159.91	1.49
160.76	3.87
162.91	3.87
163.16	3.31
164.26	3.31
166.88	3.31
167.23	0.92
170.27	0.92
170.86	0.92
174.11	2.39
175.44	2.39
177.17	2.39
178.84	2.74
181.37	2.74
184.26	2.39
187.27	2.39
188.22	1.59
190.98	1.59
191.2	1.59
194.27	1.84
195.67	1.84
197.26	1.84
197.77	1.87
200.0	1.87
202.54	1.66
206.04	1.66
208.31	2.74
208.77	2.74
209.21	2.74
210.99	0.6
213.9	0.6
215.99	0.6
219.0	3.18
220.99	3.18
221.24	1.45
221.5	0.93
223.26	2.64
223.6	2.64
226.1	2.64
226.79	1.84
229.92	1.84
232.5	1.32
235.61	1.32
238.22	0.23
240.42	0.23
243.42	0.23
244.11	1.97
246.61	1.97
248.65	1.97
249.0	0.79
249.46	2.49
251.18	2.49
