2.99	1.48
6.16	1.48
7.65	1.48
11.03	2.04
13.02	2.04
14.5	2.04
15.27	2.34
17.21	1.46
20.58	1.46
21.58	2.3
23.79	2.3
25.83	2.3
26.21	0.25
29.4	0.25
32.84	3.46
33.51	3.98
33.96	3.98
36.87	0.96
37.98	0.96
39.3	0.96
40.89	1.28
41.87	1.28
42.66	2.28
46.14	2.28
48.9	2.28
51.36	3.23
51.52	3.23
52.11	0.61
53.26	0.61
55.39	0.61
58.67	3.73
61.12	0.55
64.46	2.48
65.41	3.07
65.94	3.07
67.22	3.07
67.73	0.92
68.67	0.92
71.91	2.3
72.78	2.3
74.78	2.3
74.92	1.42
75.71	0.52
78.08	0.52
79.89	0.98
80.57	0.98
81.66	2.49
84.81	2.49
88.07	2.49
90.49	2.99
93.18	1.02
95.23	3.66
98.08	3.66
101.44	3.56
104.68	2.46
105.82	2.46
105.93	2.46
109.27	3.19
111.84	3.19
112.8	3.19
113.69	2.8
114.83	2.8
116.96	2.8
117.68	2.01
119.14	2.01
122.49	2.01
123.78	3.01
126.15	3.01
126.83	3.01
127.02	3.07
127.13	3.07
129.6	2.87
131.42	2.87
132.39	2.87
134.27	3.99
137.02	3.99
140.01	3.99
143.38	1.11
143.91	1.11
147.02	1.11
147.67	2.01
150.5	2.01
152.9	2.24
153.81	1.84
154.83	2.17
156.52	0.6
159.07	0.6
160.09	3.99
162.75	3.99
163.43	3.99
163.79	0.54
166.73	0.54
169.18	0.54
170.28	3.52
171.87	3.52
174.15	3.52
177.41	0.88
179.64	0.88
180.62	0.88
183.12	2.9
186.21	1.97
188.49	2.34
190.1	2.34
193.49	1.2
195.82	1.2
199.31	1.2
202.4	0.44
204.57	0.67
205.93	0.67
207.7	0.67
209.27	1.89
210.45	2.61
211.92	0.63
213.58	0.63
214.14	0.63
214.34	1.75
215.67	1.73
217.94	1.73
218.66	3.59
219.51	3.59
221.81	3.59
224.28	3.05
225.7	3.05
228.14	2.08
229.38	2.08
231.14	2.08
234.42	3.03
237.18	3.03
238.61	1.64
238.81	0.64
239.49	0.64
242.02	0.64
244.32	3.45
247.25	3.45
249.1	3.45
250.13	0.24
