2.19	3.98
2.68	2.09
4.81	2.09
4.96	0.75
5.64	3.05
6.05	1.22
7.24	1.22
8.06	1.81
9.67	1.81
11.72	1.81
14.31	1.02
16.67	1.02
18.81	3.0
20.67	3.0
21.68	3.0
23.24	0.5
26.3	0.5
26.65	2.13
29.65	3.94
33.05	3.94
33.36	3.94
36.2	1.62
38.94	3.81
39.48	3.81
41.48	3.81
44.01	1.87
46.02	1.87
48.89	1.87
49.44	2.24
51.88	2.65
53.8	2.65
56.83	2.65
59.38	1.52
61.67	1.52
62.87	3.43
66.36	3.43
69.26	3.43
71.22	0.86
74.48	0.86
75.25	0.86
78.7	2.52
80.65	2.52
81.58	2.52
83.78	1.86
85.02	1.31
87.82	1.31
91.22	1.31
91.71	2.51
94.98	0.54
96.91	0.54
98.28	0.54
99.74	1.29
103.07	1.29
105.89	1.72
106.33	1.8
108.58	1.8
109.81	1.8
110.89	0.92
112.72	3.75
113.55	3.75
113.71	3.39
115.52	1.18
118.5	3.86
120.08	3.86
122.2	1.88
122.62	2.94
123.89	1.91
124.61	3.86
127.03	3.86
128.08	3.86
128.87	2.25
132.22	1.99
133.07	1.99
135.11	0.48
138.13	0.48
139.67	0.48
139.86	0.81
141.37	2.47
142.76	2.47
143.42	2.47
144.99	2.31
147.34	2.31
149.9	2.31
153.22	2.8
156.36	2.8
159.71	1.22
161.04	2.26
161.17	2.26
161.79	0.4
164.3	3.33
166.5	2.68
166.66	2.68
168.34	2.68
168.81	3.24
170.46	1.22
172.26	1.22
174.3	2.01
176.66	1.35
178.57	1.35
179.61	2.34
180.37	2.34
180.7	3.22
182.44	3.22
183.51	3.22
186.57	3.23
186.84	3.23
187.87	1.83
190.16	0.87
190.9	2.62
194.37	2.62
197.22	2.91
200.15	2.91
201.59	2.91
203.07	2.42
205.4	2.42
206.52	2.42
209.47	1.31
212.03	3.03
214.27	1.69
214.7	1.46
217.05	1.46
217.69	1.46
218.21	1.87
221.61	0.46
222.59	0.46
223.09	0.46
223.44	1.48
224.52	1.48
227.61	1.48
230.36	1.91
232.04	1.91
233.61	1.91
236.7	0.61
238.48	0.61
239.66	3.89
241.7	3.89
243.98	3.27
244.91	3.27
245.28	3.33
248.12	3.33
249.71	3.33
250.85	1.91
