1.6	0.4
1.73	2.32
3.27	1.92
4.06	1.92
7.05	1.92
10.32	3.97
13.46	3.97
15.2	3.97
18.33	1.11
20.05	0.85
20.56	1.21
20.81	1.21
22.76	1.21
24.84	1.39
27.11	2.76
28.78	1.87
29.73	2.3
31.26	3.32
33.98	3.87
35.66	3.87
37.02	1.06
37.27	1.06
40.57	0.82
43.33	0.82
46.4	1.54
48.55	1.54
51.97	1.54
53.69	2.29
56.68	2.02
59.07	3.77
59.87	3.5
61.85	0.84
63.35	0.84
64.38	2.06
66.05	2.06
67.52	2.06
70.27	1.04
71.15	1.95
74.31	1.95
75.19	1.95
77.91	0.5
80.91	1.36
81.27	1.36
84.32	1.36
87.47	0.48
90.93	2.52
93.43	0.62
94.51	0.62
97.9	0.62
100.18	1.01
100.63	2.99
101.23	0.75
102.62	2.68
104.89	2.68
105.08	2.68
107.05	1.37
108.43	1.37
111.24	1.37
112.23	3.81
113.6	3.81
116.99	2.88
117.43	2.88
119.87	2.88
122.59	3.7
125.2	3.7
128.18	2.59
128.9	2.59
130.08	3.6
133.03	3.6
134.45	0.25
135.04	0.25
137.07	0.25
137.42	1.59
140.4	1.59
140.97	1.04
142.09	1.04
142.75	0.5
146.25	0.5
148.38	3.26
151.52	2.15
153.5	2.36
154.35	2.36
154.68	2.36
157.99	2.36
160.05	2.36
161.52	0.27
162.04	0.27
163.43	0.66
164.65	0.66
167.46	1.38
168.64	3.81
170.29	3.81
171.74	3.81
175.02	3.77
176.84	3.77
179.39	3.77
181.49	0.96
183.77	2.52
184.08	2.52
184.77	2.52
185.12	1.42
185.33	1.42
186.32	1.42
189.07	2.55
191.42	2.55
194.82	2.55
195.78	0.67
197.52	0.32
199.94	0.32
202.17	0.89
204.92	0.89
207.0	1.66
208.44	2.55
210.57	2.55
212.84	2.55
214.86	0.55
216.6	0.55
218.04	1.96
220.73	1.35
221.17	2.51
223.46	2.51
225.96	1.4
229.4	1.4
230.77	1.4
231.15	2.48
233.94	3.56
236.01	3.56
239.03	0.81
240.86	0.81
242.41	0.81
245.8	3.59
249.08	3.59
252.06	3.59
