3.12	1.68
5.41	1.68
8.35	1.68
10.99	1.95
12.46	3.5
15.17	3.5
16.45	3.5
18.6	0.23
21.77	0.23
24.45	0.23
27.35	1.55
30.11	0.84
33.43	0.84
35.19	0.84
38.54	0.48
39.77	0.48
41.34	0.48
44.73	2.2
44.91	2.2
45.44	3.53
46.93	3.53
49.82	3.71
52.36	3.71
55.13	3.71
56.47	1.67
57.36	1.67
60.32	1.67
61.41	3.66
64.18	3.66
67.53	3.66
70.71	3.3
70.91	2.64
72.36	2.64
72.58	2.64
73.3	0.98
76.48	2.17
77.33	2.22
80.39	2.22
83.04	3.44
86.5	3.44
88.12	1.99
88.37	1.99
90.58	1.06
91.95	2.97
95.32	2.97
97.68	3.72
99.02	3.72
100.0	2.14
101.5	2.14
104.47	2.14
106.54	2.61
107.48	2.27
110.78	0.29
113.99	0.29
117.06	0.29
118.22	3.68
120.33	2.41
121.91	0.83
125.18	0.83
127.59	0.83
130.22	2.65
131.36	0.5
133.96	3.78
134.35	3.78
136.51	3.78
139.47	2.29
142.91	0.32
145.16	1.62
146.79	1.62
148.73	1.3
149.81	1.3
152.29	1.3
155.03	3.21
156.72	3.21
157.87	0.92
161.18	0.92
161.93	3.4
164.35	3.4
165.55	3.4
168.04	3.1
168.95	3.1
172.14	3.1
174.4	2.11
174.62	2.72
176.46	2.72
178.92	0.35
181.28	0.35
183.0	3.77
185.9	3.77
186.38	3.77
186.83	3.34
190.3	3.34
191.49	3.34
192.27	2.85
193.98	2.85
194.81	2.85
196.92	1.44
197.59	2.92
197.79	2.92
198.97	1.22
199.48	1.22
202.34	1.22
202.54	2.6
204.64	3.35
204.79	3.35
207.29	3.35
209.03	1.56
209.46	1.56
209.85	1.56
210.17	2.01
211.66	1.81
212.44	3.21
215.12	3.21
216.67	3.21
217.23	3.04
217.77	3.58
218.19	3.05
220.18	1.29
221.63	1.29
223.09	3.78
224.23	3.78
227.62	3.78
229.85	0.82
232.91	0.82
233.14	3.75
233.94	3.75
237.44	2.1
240.18	0.29
241.98	3.65
242.44	3.65
244.79	3.65
245.64	2.16
246.69	1.63
249.11	3.33
251.62	3.33
