3.26	3.0
5.35	3.0
8.11	3.0
11.49	2.89
12.94	2.89
13.5	2.68
16.8	2.68
18.54	0.51
19.72	1.65
20.67	3.88
23.21	3.88
25.75	3.88
29.0	3.49
29.99	3.49
32.14	2.65
35.31	2.65
36.49	2.65
38.8	0.85
42.29	0.85
45.56	0.53
47.1	0.53
47.64	2.9
49.25	2.9
50.06	1.76
51.43	0.66
52.24	0.66
53.68	0.66
54.92	2.25
56.09	2.25
57.74	0.99
60.33	0.99
60.65	0.99
63.38	2.08
65.12	2.08
67.49	1.2
70.0	1.2
72.3	1.79
74.38	1.79
75.08	1.79
75.48	2.74
77.38	2.74
79.81	2.4
81.49	2.4
82.5	0.67
85.17	0.67
85.52	0.67
86.74	3.31
87.56	0.62
90.57	1.13
91.29	1.13
91.54	1.13
93.6	2.2
94.86	2.2
95.62	1.81
98.95	1.81
102.16	0.89
104.16	0.89
107.22	3.41
109.27	3.41
109.38	3.41
112.84	3.34
113.8	1.94
114.53	1.94
115.15	0.43
116.77	0.43
119.97	3.1
123.25	3.1
123.57	0.32
125.95	0.32
126.43	1.75
128.65	1.84
130.74	1.84
132.58	1.46
134.5	1.46
136.37	2.81
137.67	2.81
140.88	2.81
142.29	2.5
143.06	2.5
144.89	2.5
145.26	1.6
146.59	0.76
149.72	0.76
152.67	2.97
154.91	2.97
157.87	2.97
159.94	0.28
162.34	0.28
163.14	0.38
165.58	0.38
168.41	0.38
171.72	3.3
174.06	3.3
174.64	2.65
176.3	2.65
177.14	2.65
178.81	1.6
179.55	1.06
179.81	0.41
181.46	0.41
182.19	2.23
183.53	0.88
185.36	0.88
187.88	0.88
189.8	3.02
190.22	3.02
192.05	0.88
195.14	0.88
195.78	0.88
197.96	2.15
199.07	3.42
201.35	1.0
204.1	0.9
206.87	0.9
207.64	0.9
208.66	3.47
210.44	3.47
211.81	3.47
214.94	1.12
215.83	3.75
219.17	0.57
219.89	0.57
221.44	3.67
223.08	3.67
224.28	2.28
226.46	2.28
229.47	2.28
230.44	1.26
233.16	2.2
234.05	2.2
235.47	3.2
235.9	3.2
236.68	3.29
237.58	3.29
239.24	3.29
240.41	2.44
243.46	2.44
246.5	2.44
246.76	3.62
248.02	3.62
249.26	3.63
250.79	3.76
