2.06	3.74
2.53	3.74
3.01	3.74
4.2	3.34
4.43	3.34
4.77	3.34
5.91	3.24
8.62	0.28
8.9	0.28
10.36	0.28
12.46	2.47
13.42	2.47
14.23	2.23
16.65	2.23
17.57	2.23
20.35	2.38
23.71	2.38
24.75	2.38
27.23	2.32
29.85	2.32
32.02	2.32
35.43	1.94
37.7	1.94
39.68	3.76
43.11	2.82
43.81	2.82
44.17	2.82
45.91	2.59
47.9	2.59
49.71	2.59
52.08	2.89
54.82	2.89
57.02	1.54
57.47	1.54
59.11	3.93
60.21	3.93
62.88	3.93
65.46	2.96
65.77	2.96
67.98	2.96
71.02	3.39
72.42	3.39
74.79	2.8
76.38	2.8
78.92	1.61
81.55	1.61
83.66	3.08
85.12	3.08
85.81	1.27
87.24	1.27
90.38	1.27
91.24	0.21
94.1	0.21
95.62	0.21
96.14	1.36
99.44	1.36
99.7	1.36
101.55	2.32
103.86	2.32
106.36	2.32
106.73	3.86
107.17	3.86
108.96	0.27
110.77	0.27
111.79	2.39
114.85	2.39
115.22	2.99
115.51	2.99
115.9	2.99
116.89	2.09
117.55	2.09
119.37	2.09
121.11	1.6
123.08	1.6
126.13	2.28
127.42	2.28
127.63	2.72
130.12	3.38
131.54	2.3
132.22	1.99
132.39	2.12
132.51	0.46
133.81	0.46
136.45	2.53
139.83	2.53
140.97	2.22
141.55	2.22
144.97	0.72
145.17	0.72
148.36	1.36
149.42	1.36
150.12	3.45
153.34	3.45
156.69	3.45
157.24	2.33
157.72	2.33
160.09	2.33
161.12	3.02
163.19	3.6
163.86	3.6
167.31	3.6
170.78	3.06
171.07	3.06
172.7	3.06
173.26	0.53
174.43	0.53
175.47	0.53
176.1	0.7
177.23	3.7
179.33	3.7
182.78	3.7
185.96	2.51
187.47	0.34
189.43	2.41
190.28	2.41
191.48	2.41
192.37	1.91
194.76	1.91
197.8	1.91
199.07	3.71
200.49	3.71
201.3	2.56
204.33	2.56
206.89	2.13
210.04	2.13
210.33	2.13
213.29	2.48
214.65	2.48
216.97	0.74
217.96	2.68
220.84	2.68
222.05	0.48
222.18	1.46
224.05	1.46
225.4	2.06
225.63	2.06
227.71	0.32
229.27	0.74
230.39	0.74
233.89	0.74
234.98	1.44
235.8	1.44
237.61	2.01
238.41	2.01
239.75	3.23
243.14	3.23
245.16	3.23
246.76	1.6
247.34	1.6
247.45	1.6
247.91	2.32
250.63	1.33
