2.31	1.81
5.03	3.99
7.04	3.99
9.31	2.67
12.44	2.67
14.62	2.6
15.07	2.6
18.34	2.11
21.83	0.8
24.48	0.8
25.23	2.81
26.34	3.72
28.71	3.3
31.0	0.98
34.4	1.62
34.54	1.62
35.81	1.62
38.48	1.54
40.13	1.54
41.18	1.54
42.54	3.27
45.57	2.19
46.68	3.96
49.86	3.96
50.9	3.96
52.34	2.33
54.76	2.33
57.08	2.33
58.21	3.07
59.7	2.34
62.5	2.34
63.93	3.52
66.74	3.83
67.25	1.08
68.37	1.08
69.08	1.08
71.53	1.64
72.3	1.64
74.24	1.99
77.36	1.46
77.75	3.96
79.55	0.57
82.37	1.42
83.2	1.42
84.31	1.42
87.14	3.47
87.32	3.47
90.28	1.07
90.62	1.07
92.56	1.07
94.07	3.56
95.77	1.03
96.33	1.03
97.51	1.03
100.39	2.28
102.19	3.14
103.07	1.96
103.37	1.96
103.59	1.96
103.74	3.24
104.0	3.24
104.83	3.24
105.92	3.02
108.59	3.02
110.79	3.02
113.0	0.6
115.87	0.6
118.06	0.6
121.05	1.52
122.0	1.52
124.64	2.99
127.48	3.77
130.8	3.77
132.72	0.43
135.31	0.43
136.6	0.43
138.25	3.89
139.36	3.89
140.63	2.18
142.3	2.18
145.51	2.41
148.29	2.41
148.81	1.16
149.14	1.14
149.53	3.22
150.63	3.22
152.54	3.16
152.78	3.16
153.6	3.16
155.58	0.36
158.06	1.92
160.66	1.92
160.99	2.77
162.36	2.77
164.96	0.68
166.32	3.81
169.33	3.81
170.32	3.97
172.29	0.3
175.18	2.37
175.45	2.37
175.99	3.43
177.92	3.43
180.43	3.43
183.8	1.47
186.38	2.97
187.63	2.97
187.73	2.97
191.09	3.54
193.47	3.54
196.63	3.54
199.94	0.4
200.43	0.92
202.91	2.62
205.91	2.62
209.25	2.62
210.42	1.97
212.92	1.97
215.56	1.97
218.23	2.1
218.59	2.1
220.38	3.31
223.85	3.31
224.97	3.37
227.93	3.37
230.33	3.37
233.58	2.49
235.8	2.81
237.35	2.81
238.69	2.81
241.16	0.88
244.37	0.88
247.82	2.96
249.25	2.96
249.56	2.27
250.43	2.27
