1.56	1.7
2.3	1.7
3.18	1.95
5.99	2.11
7.79	2.21
10.83	1.98
13.95	1.98
16.12	3.73
16.9	3.73
19.39	2.22
20.25	0.88
22.7	0.88
24.51	0.88
26.99	0.89
30.36	0.89
30.52	0.89
32.85	3.48
33.22	1.54
35.65	1.03
39.14	1.03
41.81	1.03
42.02	1.68
43.81	1.68
45.1	3.7
47.75	3.7
48.65	3.7
49.98	0.23
51.96	0.23
55.24	0.23
56.93	1.21
57.62	1.21
60.1	3.02
61.57	3.02
64.37	3.02
67.14	1.05
69.39	1.05
71.83	1.05
74.91	0.35
76.59	0.35
77.5	3.49
78.17	0.84
79.05	0.84
80.15	2.63
83.61	2.63
85.66	2.63
86.3	3.62
88.81	3.62
89.83	1.11
92.83	1.11
95.66	2.79
98.6	2.79
101.52	0.71
101.85	1.51
104.55	1.51
106.59	0.95
107.16	2.95
109.1	2.95
110.53	3.66
113.79	3.66
114.84	3.66
118.31	2.93
120.27	2.93
122.75	2.93
123.73	2.38
124.67	0.92
126.29	1.07
127.36	3.63
130.81	3.63
132.26	3.63
134.88	2.42
136.26	2.42
139.52	2.42
141.75	1.18
143.73	1.18
144.67	1.47
146.61	3.3
149.75	3.3
152.41	3.3
153.55	2.53
156.59	2.53
158.76	1.91
161.21	1.91
163.54	3.8
166.45	3.8
168.76	0.69
169.53	0.69
169.85	0.69
170.36	2.59
170.94	2.59
172.95	0.28
173.79	0.28
177.26	0.28
180.05	4.0
181.86	4.0
183.52	4.0
185.92	2.66
187.2	2.66
190.24	2.66
193.19	1.83
196.49	1.83
198.42	1.83
198.68	1.35
199.07	1.35
202.06	2.51
204.89	3.18
205.0	3.96
206.92	3.96
208.75	0.27
208.92	0.27
210.73	0.27
211.31	2.32
214.56	0.58
216.92	0.58
217.86	0.58
219.79	1.2
221.71	1.2
224.53	1.2
226.05	2.77
227.35	2.77
230.22	2.77
233.52	0.43
236.42	0.43
238.46	1.24
241.92	1.24
244.61	1.24
244.78	3.79
247.6	3.79
249.68	3.79
250.94	1.28
