1.53	0.72
2.71	0.72
4.58	0.66
5.34	0.66
8.64	0.66
9.45	2.06
10.77	2.06
10.95	2.06
12.33	0.29
14.63	0.29
15.24	0.29
18.13	0.87
18.86	0.99
19.14	0.99
19.75	0.99
22.05	2.5
24.0	2.5
25.38	3.11
25.71	3.11
26.84	3.9
29.03	3.92
30.7	1.17
33.24	1.17
35.51	1.17
36.05	3.09
39.1	3.09
40.86	1.72
43.58	1.72
43.93	1.72
44.46	1.52
46.93	1.52
50.28	3.49
51.21	3.49
51.56	2.89
53.37	2.89
54.39	2.89
55.54	3.69
57.72	2.94
61.13	2.94
61.68	2.2
64.17	2.2
66.62	3.51
69.4	3.51
71.64	3.51
73.15	3.17
74.65	1.92
77.63	1.92
80.44	1.92
82.89	2.84
85.47	2.87
88.3	2.87
90.23	0.65
90.97	0.43
93.65	0.43
96.78	0.43
97.25	2.96
99.9	2.96
101.94	1.89
103.78	1.89
104.46	1.49
105.48	1.49
107.8	1.49
110.9	3.13
112.65	3.13
112.8	3.13
115.06	3.24
118.52	2.04
120.02	2.04
122.6	3.7
125.7	1.15
126.17	1.15
126.36	2.95
128.91	2.95
130.98	2.95
131.49	2.72
133.14	2.72
135.91	2.72
137.33	1.21
140.32	0.55
142.8	2.86
145.85	2.85
146.92	2.85
147.74	2.85
150.66	1.91
152.84	1.22
153.67	1.22
156.41	3.39
156.74	3.39
157.07	3.26
159.21	3.26
159.58	1.21
161.24	0.83
163.46	0.83
166.22	0.83
167.08	2.36
168.65	2.36
169.01	3.73
170.93	3.73
172.03	3.73
173.39	3.24
175.94	3.24
176.19	3.24
177.72	0.45
180.72	2.23
182.26	1.76
182.42	1.76
183.9	1.76
187.12	2.72
190.41	2.72
191.2	2.72
193.72	3.99
194.23	3.99
197.44	3.99
199.1	2.39
202.02	1.49
202.38	1.49
203.27	1.49
205.4	1.81
206.83	1.81
207.36	0.91
208.66	1.91
209.94	1.44
210.27	2.61
211.98	2.61
215.23	2.61
216.63	3.2
219.21	3.2
219.59	1.97
222.86	1.97
224.1	1.97
227.34	1.13
227.66	1.13
230.82	2.59
233.72	2.59
237.06	3.52
240.07	0.53
242.48	3.91
242.61	3.91
243.11	3.91
244.09	3.16
247.16	3.16
248.15	0.29
250.01	0.29
