0.79	1.31
2.9	3.54
4.92	3.54
5.53	3.54
6.76	2.98
7.06	2.98
10.23	2.98
11.88	3.42
13.78	3.42
14.94	1.87
16.88	1.87
17.32	1.87
20.47	2.93
22.36	2.93
23.45	2.93
26.67	1.26
29.27	0.48
31.01	0.48
33.14	0.48
36.17	3.05
39.55	2.17
41.57	2.17
44.52	2.17
46.42	0.65
47.73	0.65
49.59	0.81
53.09	0.81
56.28	0.81
57.39	3.46
58.49	3.46
60.46	0.79
61.1	2.47
61.36	1.92
62.66	3.21
65.32	3.21
65.51	3.21
67.49	1.71
69.5	2.35
70.63	2.35
73.71	3.23
74.37	3.23
75.11	3.23
77.01	2.67
78.62	2.67
80.74	0.29
81.11	1.21
84.6	1.21
87.35	1.21
89.29	2.42
90.04	2.66
92.07	2.66
95.23	0.39
96.31	0.39
98.78	0.39
101.75	3.35
104.61	2.63
105.94	2.63
108.62	0.56
109.78	0.56
110.91	0.56
111.21	3.65
114.01	3.33
114.74	2.45
116.92	2.45
118.82	2.45
120.1	1.59
122.78	2.72
123.27	2.21
124.09	2.21
124.29	2.21
125.79	3.53
126.5	3.53
127.56	2.83
128.37	0.83
128.72	0.83
130.56	3.06
131.51	3.06
134.17	3.06
137.39	1.78
139.52	0.93
140.46	0.93
143.31	0.93
144.1	2.5
145.9	0.3
147.49	0.3
150.42	3.21
152.66	3.21
153.87	3.21
154.5	1.74
156.81	1.74
158.53	2.04
161.18	2.04
162.76	2.04
164.32	2.1
166.79	2.1
167.47	2.1
167.71	0.62
168.95	0.62
171.02	0.62
172.89	3.47
175.66	1.41
176.58	1.41
176.99	3.1
180.11	3.1
181.89	1.39
182.9	1.39
184.07	2.97
184.37	1.45
184.64	1.45
185.65	1.45
187.58	2.78
190.15	2.78
191.49	2.78
194.32	1.36
195.71	2.79
196.23	2.79
196.87	2.79
199.74	1.77
202.14	1.04
203.61	3.67
204.21	3.74
207.15	3.74
207.91	3.0
211.39	1.99
213.66	3.5
215.05	3.5
218.04	2.27
219.51	3.98
220.5	1.38
223.82	1.38
226.13	1.38
228.86	1.98
232.15	1.98
234.3	1.98
235.37	1.48
236.62	1.48
238.37	2.21
239.15	2.21
240.21	2.21
242.03	0.99
242.92	0.99
246.25	0.99
248.79	1.17
251.1	1.17
