2.55	2.97
4.15	2.97
5.75	2.97
7.78	2.45
9.12	2.45
10.46	2.45
11.39	0.92
11.82	0.92
13.42	0.92
15.97	2.78
17.3	2.78
18.3	2.78
19.41	0.57
22.48	0.57
23.5	0.57
23.66	3.37
25.95	3.37
28.28	0.89
31.0	0.89
32.92	3.1
34.85	1.15
35.37	3.33
36.47	3.33
39.59	3.33
41.78	0.47
43.97	0.47
47.4	2.93
47.99	2.93
49.59	2.93
49.9	2.14
52.16	0.67
54.71	0.67
55.15	0.67
58.5	2.88
59.11	2.88
61.39	3.69
63.09	3.69
66.31	1.76
66.53	1.76
68.09	1.93
69.08	3.32
72.22	3.4
73.0	3.4
74.79	1.81
75.58	1.81
76.73	1.81
79.91	3.87
83.19	3.87
84.27	3.87
85.41	0.26
87.34	0.26
87.77	0.26
89.12	0.92
90.67	0.92
93.94	0.92
94.14	0.54
96.09	2.41
96.98	3.27
99.01	1.46
99.88	1.3
100.3	1.61
102.14	2.24
102.73	2.24
104.66	2.58
105.6	1.98
108.12	1.05
109.85	1.05
112.02	1.05
112.49	0.37
112.62	3.44
115.68	3.44
117.77	1.35
120.08	2.38
122.77	2.38
123.63	2.38
124.21	2.38
127.02	2.38
129.9	2.38
131.42	0.61
131.95	0.61
134.86	1.29
137.73	1.29
138.38	1.74
141.54	1.74
143.15	2.24
145.43	2.24
148.78	2.24
150.18	1.64
153.58	3.08
155.2	1.76
155.81	1.89
156.61	1.89
159.17	1.89
161.71	3.08
161.96	3.08
163.65	3.08
165.02	1.88
165.33	2.19
165.75	2.19
166.96	2.19
168.56	3.74
171.23	3.74
173.54	3.74
176.79	3.16
177.88	2.95
178.01	2.95
181.01	2.95
184.02	3.46
184.93	2.43
187.77	2.43
189.5	2.26
192.25	2.26
192.62	2.26
194.8	2.47
197.91	0.96
199.08	0.96
199.31	0.96
201.06	1.59
201.69	1.59
204.55	1.6
205.17	1.6
208.63	2.93
208.86	2.93
209.45	3.19
211.86	3.19
213.48	1.73
213.93	3.68
216.39	3.68
219.27	1.21
219.63	1.21
222.62	2.23
225.43	2.23
226.53	2.23
227.08	0.25
227.41	2.56
229.82	3.5
230.87	3.5
231.38	0.42
234.66	0.42
235.59	0.42
236.43	1.4
239.69	1.4
239.8	1.3
240.12	1.3
241.14	1.3
242.97	1.45
245.58	1.45
247.92	1.28
249.63	1.28
250.4	1.28
