2.65	1.11
4.38	0.22
5.31	0.88
5.57	0.88
7.57	1.6
9.19	3.75
10.65	3.75
13.39	1.93
15.24	1.93
15.71	0.82
17.22	0.82
18.02	1.26
21.48	1.26
22.89	0.98
24.1	1.55
24.94	1.55
28.28	1.55
30.85	0.3
32.57	3.96
33.33	0.92
34.04	0.92
34.15	2.16
36.67	2.16
39.28	3.91
41.63	1.2
44.38	1.2
44.83	1.2
48.12	3.41
50.47	3.41
53.97	1.83
56.84	1.83
60.12	3.51
60.93	3.51
61.75	1.34
64.85	1.34
66.4	1.43
69.75	3.99
73.03	3.99
75.2	3.99
77.45	0.69
79.51	3.1
82.54	3.1
85.19	1.39
87.96	1.39
88.87	2.16
90.5	2.16
92.53	3.2
93.06	3.2
95.88	0.6
96.63	0.6
99.02	3.96
101.66	3.96
104.35	3.96
104.65	1.75
107.66	0.99
110.99	3.69
112.98	3.69
116.46	3.69
118.97	3.54
121.99	0.65
123.94	0.65
124.76	0.75
125.43	0.75
128.29	0.75
131.49	2.02
133.59	2.02
134.1	1.97
136.02	3.98
137.22	3.98
140.59	3.8
142.2	3.8
142.88	3.8
143.15	0.6
144.85	0.59
145.02	0.59
146.09	0.58
146.29	0.58
147.74	0.58
151.24	1.15
154.34	1.15
155.67	0.3
158.14	0.3
158.62	2.29
161.13	1.26
161.5	1.26
164.68	1.26
167.36	3.49
168.84	3.49
171.56	3.49
172.93	1.25
174.8	1.25
176.8	1.28
178.45	1.28
179.62	1.61
182.29	1.61
183.16	1.61
186.54	1.5
186.74	0.42
188.83	2.02
190.61	3.18
193.37	3.18
196.23	0.87
198.64	0.87
199.94	2.02
202.28	2.02
202.87	2.02
203.97	1.07
206.44	1.07
209.08	2.94
210.3	2.94
213.27	3.0
213.9	0.65
214.98	0.65
215.2	1.27
216.45	1.27
216.87	1.27
219.42	2.99
221.95	2.99
222.99	2.99
226.45	3.81
227.51	0.5
229.11	0.5
231.87	0.5
232.3	1.1
234.55	1.1
235.04	1.1
237.3	1.06
240.02	1.06
242.78	1.06
246.19	0.94
246.35	0.94
248.29	0.94
250.46	1.99
