2.14	3.19
5.09	3.92
6.18	3.37
8.15	3.68
10.92	3.68
11.9	3.68
12.03	0.37
13.83	0.37
14.37	2.24
15.8	2.24
16.36	4.0
18.33	2.45
20.51	1.06
21.68	2.04
23.07	2.04
24.91	2.04
25.48	2.27
28.26	2.27
31.17	2.27
33.46	2.36
35.9	2.36
36.62	2.36
38.41	2.78
40.58	2.78
43.87	2.75
44.74	2.75
46.12	2.75
48.01	2.89
49.98	2.89
50.32	2.89
52.25	3.6
54.15	3.6
55.94	1.75
57.03	1.75
58.69	2.06
59.99	2.06
62.91	0.88
64.77	0.88
67.48	0.88
68.43	1.74
70.2	1.74
73.26	0.99
74.85	0.99
75.65	3.53
78.03	3.53
79.11	2.83
82.12	2.83
83.54	2.83
84.28	0.84
84.67	0.49
85.13	0.65
86.82	0.65
87.19	2.63
88.62	2.63
91.99	2.63
92.29	1.6
95.61	1.11
95.86	1.11
98.23	3.64
99.65	3.64
101.62	3.64
102.66	2.61
104.67	2.61
106.52	0.43
108.61	0.43
112.0	0.43
114.09	0.52
115.87	0.52
116.34	0.52
119.72	1.28
122.34	3.74
124.69	3.74
125.28	0.42
125.73	0.42
126.28	0.42
129.48	3.24
131.33	3.24
134.54	3.24
135.43	3.17
136.42	3.17
138.98	0.79
141.81	0.79
143.98	0.84
145.63	0.84
146.34	0.84
149.02	1.29
150.17	1.5
152.6	3.43
154.6	3.04
156.84	1.02
158.43	2.88
158.95	0.6
162.26	0.6
164.63	0.6
165.32	2.86
167.68	2.86
169.25	1.29
171.48	1.29
173.42	1.29
175.49	0.61
177.3	1.48
180.3	1.48
182.14	2.12
182.76	2.12
183.89	2.12
184.15	2.89
184.63	1.54
185.59	2.9
187.31	2.9
190.46	1.85
192.53	1.85
195.01	2.2
196.22	2.2
199.27	2.2
201.05	1.01
204.39	0.78
206.16	0.78
208.05	3.06
210.76	1.4
213.18	1.4
214.19	1.4
215.23	3.37
216.66	3.91
218.48	3.06
221.77	2.79
224.61	2.79
227.53	0.81
229.19	0.81
232.2	2.62
235.21	2.62
237.1	1.72
239.67	1.72
242.75	2.39
244.24	2.39
245.64	2.39
245.8	2.25
246.97	2.25
247.6	2.25
249.47	2.27
252.76	2.27
