1.91	0.94
3.02	0.94
5.52	0.94
7.67	1.6
9.31	1.6
12.65	0.3
12.95	0.3
14.74	0.3
16.13	1.72
18.58	1.72
21.19	3.25
24.0	3.25
25.56	0.28
26.97	0.28
30.36	0.28
30.73	0.7
32.64	0.7
33.47	0.7
35.57	1.68
38.63	2.21
41.28	2.21
41.58	2.21
45.08	3.3
45.83	3.3
47.12	3.3
49.58	1.79
52.62	1.79
55.67	1.44
55.8	3.13
55.91	3.13
57.97	0.96
59.07	0.96
61.46	0.96
64.85	1.75
65.57	0.26
67.09	0.26
69.7	0.26
71.45	0.82
71.97	0.82
72.2	2.36
75.23	3.45
78.56	3.45
81.75	3.45
82.85	2.74
83.51	2.74
86.42	3.96
88.73	3.3
91.89	3.3
95.13	3.99
98.02	2.51
98.24	2.51
99.07	3.94
100.83	1.17
101.92	1.17
104.9	3.0
105.41	3.0
108.53	3.0
110.69	0.21
111.1	0.21
112.48	3.59
112.77	3.59
115.3	3.59
116.75	3.2
117.08	3.2
120.08	3.2
122.61	3.66
123.85	3.66
125.48	3.66
127.85	2.59
129.65	1.81
131.66	1.81
132.06	1.81
134.16	2.32
135.69	2.32
138.16	2.32
141.01	2.45
143.1	2.36
144.01	2.99
146.79	2.63
147.33	3.64
148.29	0.73
151.1	0.73
154.36	0.32
157.75	2.83
161.13	2.83
164.32	2.83
165.76	1.12
168.85	1.12
170.33	1.12
173.48	0.32
176.22	0.32
179.44	0.32
181.55	3.09
183.37	3.09
183.51	3.84
186.25	1.38
189.19	2.55
190.99	2.55
192.01	1.07
192.44	1.07
192.63	1.07
193.17	3.87
196.11	3.87
197.01	2.24
199.95	2.24
201.84	2.24
205.28	1.84
206.88	1.84
209.34	3.82
210.81	1.03
213.11	1.03
215.38	2.29
218.48	2.29
219.35	1.36
219.9	1.36
221.33	1.36
222.57	2.6
224.36	2.6
225.02	1.51
225.16	1.51
228.62	3.9
229.49	2.95
231.06	2.95
233.77	2.95
237.23	1.14
240.0	1.14
242.18	0.91
243.0	2.31
244.45	2.31
247.54	0.87
249.28	3.54
252.17	3.54
