0.61	2.27
1.77	2.27
2.32	3.5
3.69	3.1
5.09	2.94
5.23	3.4
7.54	3.4
7.91	2.52
8.72	2.52
11.66	2.13
13.28	2.63
14.59	2.21
17.76	2.21
18.45	2.21
19.33	1.05
19.53	1.05
21.66	3.84
24.04	3.84
25.32	3.84
28.2	2.85
28.79	2.85
31.96	2.85
34.9	0.74
36.75	1.55
40.22	1.71
43.64	1.71
45.78	1.71
48.41	3.2
50.28	3.2
53.4	3.2
53.79	2.35
56.66	2.35
58.54	2.35
60.94	3.59
61.2	3.59
62.77	1.6
63.42	1.6
65.83	1.6
68.64	2.57
68.8	4.0
70.0	0.75
71.65	1.32
72.56	1.32
74.27	1.32
74.49	1.93
77.57	1.93
80.39	1.93
83.23	0.35
84.66	0.35
85.03	0.35
85.74	1.4
88.91	1.4
90.6	0.66
90.8	0.66
92.9	0.92
93.67	0.92
96.22	1.5
97.0	1.5
98.05	2.2
98.48	1.03
99.24	2.41
99.76	2.41
102.73	0.61
105.61	0.61
107.11	0.61
107.95	1.31
110.21	1.31
112.24	1.31
113.74	1.18
116.86	1.18
117.67	3.83
119.06	3.83
120.77	3.04
121.71	3.04
124.87	0.37
127.41	0.37
130.69	0.36
131.62	3.82
132.82	2.98
133.5	3.55
134.78	3.55
135.38	3.55
137.82	2.32
138.55	2.32
139.37	0.91
142.47	3.03
143.33	3.03
146.81	3.04
148.13	3.04
149.53	3.04
151.52	2.7
154.48	3.93
155.28	2.72
156.56	1.5
159.27	3.7
160.31	3.38
161.16	1.72
161.84	1.72
162.44	0.61
164.64	3.69
166.71	3.69
167.29	3.69
170.41	4.0
173.17	4.0
176.32	4.0
177.82	3.2
178.32	3.2
180.33	3.2
180.72	1.7
184.15	1.7
186.76	2.59
189.15	2.59
190.61	2.59
193.86	3.69
196.46	3.69
197.18	3.69
200.58	2.81
202.66	2.81
205.32	2.81
207.02	3.28
209.5	3.28
211.82	3.28
213.58	1.35
216.29	1.35
218.9	1.35
219.39	3.34
221.92	3.34
223.92	3.34
224.84	2.86
226.19	2.86
227.9	2.5
231.08	2.5
234.39	1.46
235.01	1.46
236.0	2.45
239.21	0.87
242.45	0.87
243.16	0.87
245.2	3.55
248.04	1.13
250.67	1.13
