0.47	1.26
1.12	1.26
3.54	1.86
4.77	1.86
5.61	3.41
9.0	3.61
9.66	3.61
11.72	2.71
15.09	2.71
16.17	1.74
18.15	2.13
18.34	2.13
18.92	3.77
21.84	3.89
25.14	3.89
25.48	2.79
26.05	1.68
29.17	1.68
30.21	3.4
32.98	3.38
34.92	3.29
36.24	3.29
39.17	3.29
39.28	2.37
39.94	0.63
42.59	0.63
44.67	0.9
46.83	0.9
48.7	0.9
49.18	4.0
52.62	4.0
52.95	2.17
53.64	2.17
54.12	1.09
54.63	1.09
56.65	1.55
59.41	2.87
62.46	2.87
63.27	2.87
65.03	1.74
65.83	1.74
67.59	0.87
68.9	0.87
69.16	0.27
71.76	0.27
74.93	2.53
77.11	2.12
79.46	2.12
80.03	2.46
82.6	2.46
83.92	3.97
87.06	3.97
89.23	3.97
90.51	1.82
93.61	3.15
93.93	3.54
94.42	1.63
94.77	1.63
96.47	1.67
99.57	0.69
101.67	0.69
104.57	0.69
106.54	0.51
107.45	0.51
109.21	0.51
112.44	2.56
114.31	2.56
114.79	2.56
118.04	3.8
119.03	2.22
122.08	2.22
122.89	2.22
125.05	3.82
127.62	3.82
128.97	3.82
130.04	2.55
133.1	2.55
134.89	2.55
137.79	3.03
139.82	3.03
141.84	3.03
143.07	0.97
144.3	0.97
146.81	0.97
149.82	3.17
150.03	3.76
150.9	3.76
152.8	2.57
153.38	2.57
155.27	2.57
156.84	3.49
157.88	3.49
158.1	0.97
160.89	2.2
162.42	2.2
165.52	2.94
168.22	2.94
170.29	3.67
172.72	3.67
173.17	3.67
175.54	0.75
177.67	0.75
179.76	0.88
181.28	0.88
182.19	3.99
184.26	3.99
184.91	2.56
187.49	2.56
189.49	2.56
191.64	1.78
192.67	1.78
194.94	1.08
197.95	1.08
201.08	1.14
202.0	1.14
204.49	1.14
205.36	3.51
207.11	1.79
208.64	1.79
209.61	1.7
210.84	1.7
214.2	1.7
215.82	2.18
219.02	2.18
221.48	2.69
223.94	2.69
226.32	2.69
229.7	1.48
229.85	1.48
233.14	3.79
236.48	0.92
236.96	0.92
239.53	3.26
241.4	3.26
242.04	3.26
242.85	3.75
243.28	3.75
244.11	3.75
246.17	3.34
247.52	3.34
248.34	3.85
250.46	3.85
