3.07	3.79
3.44	3.79
6.25	0.64
9.11	0.63
10.46	0.63
11.39	0.63
13.36	3.49
14.13	3.49
16.85	1.75
17.8	1.75
18.19	1.75
20.31	3.97
23.12	1.12
24.04	2.31
25.23	3.26
26.56	0.44
26.68	0.44
29.83	0.44
32.94	1.3
35.56	1.3
38.29	1.3
41.55	2.0
43.41	2.0
44.37	2.0
46.05	0.3
48.91	1.89
51.21	1.89
51.42	3.33
53.43	3.96
56.61	3.96
57.75	3.96
60.11	2.32
62.95	2.32
65.51	1.6
68.0	1.6
68.82	1.6
70.62	2.24
71.11	3.42
74.37	3.82
76.36	3.82
79.45	2.08
82.69	2.65
83.72	2.65
84.89	2.65
87.05	3.24
87.27	2.24
90.68	3.77
91.24	3.77
92.38	1.89
94.03	1.89
95.32	1.84
97.12	1.84
99.58	1.26
100.08	1.26
102.94	1.29
104.26	1.29
107.33	2.76
107.59	2.76
108.02	2.76
111.5	0.41
113.81	0.41
115.09	0.41
116.76	0.99
119.69	2.35
121.51	2.35
123.88	2.35
125.71	0.39
126.44	0.39
127.91	0.39
131.24	3.5
131.44	3.5
134.77	3.5
136.26	3.5
138.69	3.2
138.83	3.2
140.55	1.21
143.05	1.21
146.19	2.69
147.33	0.87
150.56	0.87
151.36	3.37
154.48	3.37
156.07	3.37
156.4	3.18
157.09	3.18
158.71	2.97
161.43	1.96
164.59	0.43
164.94	2.77
165.53	2.77
167.25	2.77
168.46	3.93
171.44	2.52
172.83	2.52
175.67	1.1
176.14	2.0
179.01	2.0
179.84	2.0
182.66	2.83
185.7	1.84
187.88	1.84
188.65	0.23
192.05	0.23
193.7	0.23
194.23	1.98
195.49	1.98
197.43	1.98
200.24	0.63
202.71	2.72
204.62	2.72
206.73	2.72
207.28	3.69
210.06	3.69
213.04	3.69
214.03	2.33
215.25	2.33
218.46	1.62
221.15	1.62
221.7	1.62
224.4	0.65
224.82	0.65
227.4	2.46
230.75	2.46
232.94	1.05
233.99	1.05
237.4	1.05
238.94	2.03
240.31	2.03
240.78	3.26
241.18	2.66
244.12	2.66
245.19	2.45
246.42	2.53
249.28	2.53
251.08	0.96
