3.19	1.98
5.71	1.98
6.14	1.98
7.65	1.44
8.55	1.44
11.55	1.44
13.68	0.78
16.38	1.97
18.24	1.88
19.5	1.88
19.97	1.88
22.1	1.56
24.15	3.36
24.58	3.36
26.16	3.52
26.95	1.78
28.64	3.42
32.08	3.42
32.85	2.15
33.48	3.46
35.87	3.46
36.3	0.98
39.2	0.98
41.3	0.98
41.51	2.38
43.39	2.38
46.61	2.38
49.05	1.8
52.34	0.51
52.54	0.51
54.86	3.16
55.23	3.16
56.92	0.69
57.54	0.69
59.97	0.69
61.03	1.74
62.19	1.74
64.09	1.01
66.53	3.77
69.19	3.77
71.41	1.26
72.39	3.17
73.84	2.96
75.04	2.96
77.83	2.96
80.56	3.57
82.67	3.57
85.35	3.82
87.61	3.82
88.93	0.54
89.98	2.66
92.14	2.66
94.79	2.02
96.91	2.02
98.88	2.02
99.53	2.28
100.74	2.28
103.56	2.28
106.46	1.31
109.0	1.31
109.44	1.31
110.99	1.1
114.11	2.77
117.5	2.77
119.75	2.77
120.98	2.98
122.22	2.98
122.57	2.98
125.21	0.55
126.93	3.93
127.67	3.69
129.07	3.69
129.5	1.13
131.29	1.13
132.59	1.13
133.81	1.72
135.7	1.72
138.91	1.72
140.16	3.9
142.91	3.9
145.73	1.08
148.96	1.99
152.07	1.99
154.03	1.99
155.22	3.1
157.22	3.1
157.75	3.1
159.27	3.15
160.44	2.42
163.36	2.42
163.55	2.42
167.01	0.58
169.77	3.41
172.32	3.41
173.55	3.41
175.77	3.75
178.46	0.84
179.01	0.84
179.6	3.97
180.67	3.97
183.66	2.44
187.08	2.44
189.73	3.48
190.68	3.48
191.5	3.48
192.22	1.7
193.5	1.7
196.84	1.7
199.08	2.99
199.44	2.99
202.53	2.99
203.59	1.75
205.71	3.69
207.12	3.69
207.88	2.88
208.71	2.88
209.5	1.54
212.48	1.54
213.23	1.54
215.57	0.6
217.08	0.6
217.93	2.33
218.58	2.33
222.01	2.33
222.91	1.78
225.03	1.78
225.9	1.78
227.82	1.06
228.96	1.06
230.6	1.06
230.85	3.72
231.34	3.72
233.22	3.72
236.46	3.99
237.19	1.22
239.52	1.22
241.53	1.22
243.32	1.28
245.33	2.94
247.36	3.62
249.62	3.62
250.88	3.62
