0.97	0.41
1.88	0.41
5.08	3.62
5.35	3.74
5.67	3.74
7.3	2.72
8.28	0.87
10.3	0.87
11.26	0.87
12.58	3.85
15.47	3.85
16.31	2.64
18.31	3.9
21.48	3.9
21.68	3.9
22.89	0.54
23.72	0.54
26.04	2.41
27.56	2.41
28.09	2.41
31.13	1.26
32.27	1.26
33.4	1.26
36.85	3.66
38.58	3.66
41.44	3.66
44.01	2.09
46.49	0.52
48.42	0.52
49.16	1.26
50.75	0.26
51.97	2.5
54.04	2.5
57.09	2.69
57.9	2.69
59.86	1.46
60.84	1.91
62.45	1.91
65.66	2.66
67.37	2.23
68.2	2.23
69.11	1.56
72.33	3.7
73.2	3.7
74.94	3.7
75.15	2.79
77.1	2.79
80.16	2.79
82.27	1.79
85.59	1.79
85.74	1.79
87.85	2.54
90.02	2.54
90.92	2.54
93.7	2.48
96.69	3.84
99.06	3.84
100.05	3.84
100.67	3.3
102.07	3.3
103.42	3.3
105.72	3.85
108.6	3.85
108.7	0.39
108.89	3.95
109.32	0.48
112.63	0.48
115.41	0.48
116.15	3.53
117.62	3.53
119.94	3.78
121.48	3.78
124.21	3.78
126.2	0.26
129.13	0.26
131.6	0.26
132.65	2.47
132.87	2.47
136.09	0.89
137.05	0.89
139.39	0.89
140.01	1.05
142.53	0.53
145.49	2.7
147.19	2.7
148.97	1.73
151.05	3.75
154.04	3.75
154.39	1.62
154.79	1.62
157.18	2.41
158.67	2.41
160.75	0.64
161.37	0.64
164.59	0.64
167.84	1.46
171.18	1.46
172.51	1.46
175.94	0.25
178.91	0.25
179.87	0.25
182.18	1.54
182.92	2.64
185.15	2.64
187.2	2.75
188.38	2.75
190.36	3.28
191.62	3.33
192.7	0.62
194.42	0.62
196.42	0.62
197.23	2.27
198.93	2.27
201.59	1.47
202.44	1.76
204.76	1.76
206.59	1.76
209.04	1.56
211.05	1.56
211.7	1.56
211.87	0.78
214.44	0.78
217.11	2.55
217.24	2.55
219.2	3.79
220.49	2.09
223.32	2.96
225.86	2.96
226.03	2.96
229.38	1.73
232.04	1.73
235.16	1.64
238.33	1.15
238.47	1.15
241.17	1.15
242.95	3.18
243.3	3.13
246.65	3.13
248.72	3.13
249.06	1.87
251.86	2.45
