2.24	2.84
5.25	2.84
6.23	0.88
8.09	0.88
10.0	0.88
10.85	2.27
13.14	2.27
16.0	2.27
16.12	2.44
18.27	1.76
20.69	1.76
22.43	2.39
25.24	2.39
28.37	0.46
28.49	2.07
31.53	2.07
33.14	0.78
36.45	0.78
37.26	0.78
39.14	2.81
42.22	0.72
42.54	0.26
43.93	0.26
44.8	0.69
47.22	0.69
49.54	3.45
49.66	3.45
52.08	1.52
52.6	1.52
54.22	0.88
54.96	0.88
56.76	0.88
57.23	3.01
60.01	3.01
62.73	3.01
65.09	0.99
65.49	0.99
65.72	0.99
68.98	3.49
71.56	3.49
74.12	3.2
76.01	3.2
79.38	3.2
81.69	3.99
84.99	3.99
85.71	3.99
87.12	2.05
90.52	2.05
91.04	2.05
91.88	2.96
92.52	2.96
95.26	1.94
98.22	1.07
100.04	4.0
101.45	1.89
103.04	1.89
103.51	2.51
105.28	2.51
108.28	2.51
111.51	3.29
114.47	3.29
116.63	3.59
117.8	3.59
119.17	3.59
121.42	1.08
123.31	1.08
125.04	3.08
128.31	3.08
128.57	3.08
130.38	0.9
131.55	0.9
135.02	0.41
138.27	0.41
140.06	0.46
140.44	0.46
143.24	0.46
144.83	0.93
148.12	0.93
151.54	0.93
151.68	1.85
154.72	1.85
154.82	1.85
156.92	2.67
157.99	2.67
160.1	0.5
161.96	0.5
164.35	0.5
166.36	3.53
166.49	3.53
166.93	3.53
169.44	1.47
170.76	1.47
173.38	1.47
176.11	3.98
177.89	3.98
179.22	3.98
180.11	1.11
182.75	1.11
185.31	1.11
186.3	3.37
187.94	3.37
188.55	1.22
190.05	1.22
193.49	1.22
194.17	0.43
196.92	0.43
199.01	0.2
199.86	0.2
200.68	1.95
201.59	1.95
202.4	1.9
204.62	1.9
206.41	1.9
206.65	1.7
209.62	2.56
212.77	2.56
215.68	2.56
216.96	0.37
219.59	1.86
221.81	1.86
224.98	3.75
227.04	3.48
228.54	3.48
228.87	3.48
232.36	0.51
233.25	3.99
234.81	3.99
236.48	1.72
239.56	2.76
242.9	2.76
244.47	2.83
247.23	2.83
250.39	2.08
