0.23	0.44
3.55	0.44
4.16	0.44
4.5	1.06
5.07	1.06
6.41	1.5
8.78	1.5
11.24	1.78
13.92	1.78
15.17	3.99
18.13	3.99
19.33	1.62
22.41	1.64
23.13	0.29
24.82	0.29
28.11	0.29
29.18	1.89
29.99	2.51
31.04	3.86
32.15	3.86
33.9	1.9
35.93	1.9
36.37	3.37
39.26	3.37
41.54	2.18
44.23	2.18
47.45	2.18
49.44	3.85
51.88	3.85
54.86	3.85
57.21	2.94
59.72	2.02
61.52	2.02
62.33	0.68
63.89	0.68
67.09	0.68
70.13	3.77
71.74	2.8
73.32	0.66
75.03	0.66
75.56	1.35
78.64	1.35
80.68	1.25
83.69	3.74
83.9	3.74
87.09	3.97
87.75	3.97
90.08	3.89
93.37	2.05
95.28	2.05
97.04	2.05
98.91	3.62
100.83	3.62
103.89	3.62
107.02	0.32
108.91	0.32
111.63	1.54
111.85	1.54
113.16	1.54
116.06	2.58
119.07	0.2
121.44	2.41
122.67	2.41
125.38	2.41
127.06	2.72
128.51	2.72
129.33	0.59
129.78	0.59
132.2	0.59
134.65	2.28
134.89	2.28
136.84	2.64
138.2	3.75
140.0	3.75
141.47	3.75
142.48	0.9
144.43	0.36
146.75	0.36
147.85	0.99
149.41	0.99
151.02	0.99
153.78	3.82
154.15	3.82
156.46	3.82
159.41	1.73
161.31	3.68
164.21	3.68
166.87	3.68
167.59	1.47
168.41	1.47
169.68	2.36
170.85	2.36
174.26	3.62
176.69	3.62
179.73	2.4
179.98	2.28
183.12	2.28
185.81	2.97
186.37	2.97
187.8	1.6
189.53	1.6
191.61	1.6
193.73	0.36
197.1	0.36
200.5	2.82
202.01	3.45
203.08	2.54
205.53	2.54
206.64	1.67
207.28	1.67
209.33	1.53
209.68	3.54
211.04	3.54
212.29	3.54
212.52	0.7
215.75	0.96
218.19	0.96
220.64	0.62
222.89	2.13
224.18	2.13
226.18	2.13
228.55	3.26
231.18	3.26
232.62	3.26
235.37	3.91
238.2	3.91
241.69	2.48
242.99	2.48
245.02	0.69
245.24	0.69
246.86	2.7
248.58	3.11
250.94	3.11
