0.33	0.52
2.93	0.52
5.12	0.52
7.31	3.7
7.43	3.48
7.65	3.48
9.81	3.48
11.28	1.69
14.39	1.69
14.71	1.69
18.09	1.96
18.45	2.37
21.45	2.37
23.94	0.31
27.22	0.31
28.37	0.31
31.27	3.31
33.44	3.31
34.82	2.65
36.7	2.65
39.59	2.65
42.49	2.78
44.57	2.78
44.86	1.35
46.3	1.35
46.98	3.02
47.46	3.02
47.63	3.02
49.11	1.77
49.59	1.77
53.02	1.77
54.57	1.63
55.23	1.63
57.2	1.63
57.63	1.14
60.86	1.14
62.32	0.75
63.75	0.75
64.11	0.75
66.94	3.72
69.11	3.72
71.84	2.33
73.84	2.33
74.55	2.33
75.05	1.77
76.58	1.77
78.43	1.77
78.62	0.35
79.94	0.35
81.48	1.66
84.45	1.66
85.84	1.66
86.09	1.92
88.69	1.92
90.29	1.92
93.58	1.78
96.02	1.78
98.34	1.78
99.17	0.59
101.05	0.59
103.22	0.59
106.6	0.7
107.49	3.82
108.63	3.82
110.75	3.09
112.82	3.09
113.26	1.71
114.44	2.86
114.84	2.86
117.69	2.21
120.33	3.32
123.23	3.32
126.34	3.32
128.5	1.73
131.38	1.73
131.75	1.73
132.08	3.97
134.88	3.97
135.04	2.09
137.22	2.09
137.48	2.09
139.41	2.68
140.82	2.68
143.46	3.59
144.61	3.59
147.01	1.65
148.39	3.49
150.85	3.81
151.35	3.81
153.35	3.81
155.83	1.76
156.77	0.29
159.46	1.05
161.27	3.04
164.7	3.04
165.2	3.85
166.22	1.25
169.06	0.43
172.49	0.43
174.31	0.43
175.05	3.43
178.4	3.43
179.36	3.43
182.66	0.67
183.54	0.67
184.55	0.67
187.8	2.44
190.12	2.44
191.98	2.44
192.56	1.11
194.04	1.11
196.03	1.11
196.93	3.25
198.08	3.25
199.66	3.7
202.8	3.7
206.2	3.7
206.96	0.5
207.85	0.5
210.65	0.5
211.82	1.65
214.31	1.65
216.14	1.65
218.44	0.84
219.58	0.84
222.17	3.02
225.04	3.02
227.76	3.02
229.09	3.35
232.45	3.35
234.12	3.35
236.79	2.84
237.86	0.77
238.65	3.79
241.72	3.79
244.28	0.29
245.97	0.29
249.23	0.29
250.98	0.69
