0.76	0.81
0.89	0.81
3.49	0.81
3.98	1.17
4.83	0.41
6.88	0.41
9.03	0.41
10.71	3.85
11.72	2.9
13.04	1.56
13.83	1.56
15.97	1.56
17.99	2.06
18.37	2.06
19.8	2.06
23.12	3.97
26.53	3.97
29.01	3.97
29.64	1.52
30.07	1.52
33.28	1.52
34.36	2.54
35.97	1.43
38.02	1.43
40.16	0.41
40.87	0.41
43.53	0.41
44.51	0.91
45.63	0.91
45.97	3.31
48.86	3.31
51.0	3.31
54.07	3.2
55.8	3.2
57.89	3.2
61.1	2.77
61.49	2.17
62.81	2.98
65.93	3.08
66.34	0.53
68.29	0.53
71.4	0.53
73.3	2.73
74.71	2.73
76.51	2.73
78.73	1.24
80.89	1.17
83.03	1.17
86.1	1.91
86.59	1.91
88.34	0.23
89.79	0.3
90.84	0.3
93.43	0.3
94.54	0.36
97.2	0.36
98.71	0.36
100.65	2.11
101.93	2.11
103.43	3.98
105.97	3.98
108.46	3.11
111.53	3.11
112.88	3.11
114.96	0.39
116.87	0.39
117.13	0.39
118.83	1.88
120.94	1.16
124.15	2.32
124.48	2.32
125.9	2.32
128.66	3.48
131.38	3.48
131.57	3.48
134.83	0.55
137.83	1.34
137.95	1.34
140.32	1.34
143.4	0.86
146.1	0.86
147.62	0.86
149.65	0.51
150.09	1.71
152.25	1.71
153.87	1.71
155.04	2.62
156.52	2.62
158.08	1.95
159.1	3.93
160.32	3.93
160.87	2.42
161.1	2.42
162.62	1.39
165.23	1.39
166.54	3.22
167.33	2.73
168.97	1.6
171.49	2.99
174.68	2.99
174.99	0.31
175.47	0.31
176.98	3.42
177.22	3.42
178.49	0.33
180.37	0.33
183.26	3.94
186.46	0.37
189.68	0.37
192.35	3.67
193.29	2.2
193.7	2.2
195.98	2.2
197.45	3.51
198.69	3.51
200.29	3.51
202.59	1.99
205.64	1.99
207.42	1.99
210.86	0.22
211.98	0.22
215.28	3.36
217.24	3.36
218.9	2.49
220.92	2.32
223.09	0.38
225.29	0.26
226.95	0.26
228.67	1.36
230.19	1.36
233.41	1.36
234.75	3.21
237.4	2.35
238.51	0.63
240.8	2.83
244.24	3.87
246.13	3.74
246.24	2.43
247.87	2.19
248.71	2.19
250.0	2.19
