1.68	2.25
2.28	2.25
2.7	0.87
2.91	0.87
3.1	1.03
3.4	1.03
6.84	0.39
9.29	0.39
12.61	2.94
14.03	2.94
17.17	1.35
17.29	1.35
20.05	2.09
21.05	2.09
23.58	0.78
24.58	0.65
27.55	0.65
29.24	2.71
30.01	0.57
32.15	0.57
34.17	0.33
35.33	0.33
38.68	0.33
41.09	1.21
42.67	1.21
44.46	1.21
45.26	1.94
45.44	1.94
46.41	1.94
47.13	2.19
50.32	2.19
53.63	2.19
56.7	2.23
58.3	2.23
60.62	2.23
63.97	3.7
65.92	3.7
68.24	3.7
71.63	1.75
73.09	1.82
74.31	1.82
76.1	1.82
79.56	2.19
80.52	2.24
81.18	2.24
81.84	2.24
83.37	3.7
85.71	3.7
86.07	3.33
88.06	1.01
88.19	1.16
90.06	1.16
91.65	1.16
92.16	2.77
94.15	1.46
96.44	1.46
96.63	1.46
98.08	1.23
100.51	1.23
100.61	0.66
103.36	0.66
104.5	0.66
107.24	3.02
107.54	3.02
107.9	3.02
108.76	1.73
112.21	1.73
112.47	1.73
115.73	0.97
117.27	0.91
119.39	0.91
122.42	0.32
125.08	0.32
125.34	2.32
126.65	2.32
128.29	2.08
131.29	3.01
133.58	1.51
136.94	2.55
140.08	2.55
143.54	2.68
144.43	2.68
145.61	2.68
146.3	3.23
148.04	3.23
150.6	3.23
152.64	1.09
155.38	0.44
157.78	0.44
161.17	1.72
163.22	2.69
166.66	2.63
170.01	2.63
170.55	3.88
171.36	2.17
171.78	2.17
175.01	2.17
176.9	3.94
177.17	3.94
180.59	0.67
181.53	0.67
184.45	2.48
187.73	2.48
189.97	3.81
191.29	2.86
194.17	3.74
195.28	3.74
198.4	3.74
200.52	2.41
201.16	3.14
202.04	3.14
203.39	3.14
204.75	3.22
206.74	3.22
207.57	3.22
209.36	2.5
210.22	2.5
211.09	1.5
213.95	1.5
216.09	1.5
218.65	2.41
222.06	2.35
224.51	0.99
227.41	0.99
228.43	0.99
231.09	1.89
231.89	1.89
232.21	1.89
233.01	1.5
233.69	1.5
236.73	1.5
238.44	3.02
240.84	2.85
241.07	2.85
241.84	2.9
242.77	2.9
245.43	2.9
246.78	3.62
248.83	3.62
252.07	3.62
