2.65	1.53
5.05	1.53
7.76	1.53
7.95	1.57
9.17	1.57
11.55	1.57
14.74	3.74
17.74	3.74
18.62	2.47
20.22	2.47
22.83	2.47
26.03	1.12
27.45	1.12
30.72	3.97
33.06	0.32
35.48	0.32
37.02	0.32
40.03	3.33
42.29	3.33
44.62	3.84
44.72	3.84
46.76	3.84
49.81	2.77
51.66	2.77
51.98	2.77
53.05	0.56
55.06	0.56
55.51	1.56
55.63	3.84
58.13	3.84
61.52	3.84
62.81	2.04
65.95	2.04
67.85	2.23
70.97	2.38
73.91	2.38
76.88	2.38
78.58	0.57
78.9	0.57
82.16	0.57
84.52	3.56
87.81	3.56
90.55	3.56
93.48	1.9
95.68	1.9
98.77	0.77
101.23	0.77
102.6	2.05
104.77	2.05
105.52	1.32
106.37	1.32
107.35	1.32
110.21	3.96
110.35	1.99
111.69	1.99
111.99	1.97
114.94	1.97
115.22	3.06
116.29	2.36
118.98	2.36
120.74	2.36
121.08	0.73
123.84	2.05
126.32	2.29
128.21	2.29
131.44	2.29
134.71	2.21
135.37	2.21
136.02	3.82
138.86	3.82
140.26	3.82
142.16	0.71
144.56	0.71
145.72	0.78
147.23	0.78
148.3	1.44
149.05	2.85
151.59	2.85
151.9	2.85
154.57	0.29
154.72	3.3
156.16	3.3
158.46	1.82
161.0	1.82
163.32	1.57
164.12	1.57
166.5	1.92
169.45	1.92
169.76	1.42
170.13	1.42
171.42	1.42
174.1	3.59
175.08	3.59
175.82	3.59
179.11	3.11
180.84	3.11
182.51	3.11
184.77	2.28
186.92	2.28
189.53	2.85
190.49	2.85
190.66	2.85
192.22	2.01
194.95	1.23
196.41	1.65
198.82	1.65
201.59	1.65
203.0	3.4
203.65	3.4
205.74	2.1
206.06	2.1
208.63	2.1
209.13	0.25
211.05	0.25
213.9	1.7
216.85	1.7
217.68	1.7
218.39	1.62
221.1	1.62
223.67	0.8
224.25	0.8
225.88	0.8
226.64	3.38
227.09	3.38
229.82	1.32
231.41	1.32
234.74	1.32
237.0	0.98
239.03	0.98
239.25	4.0
240.04	4.0
243.17	4.0
244.77	1.44
247.53	1.44
249.85	0.24
251.54	0.61
