3.46	3.17
5.56	3.17
7.8	3.14
7.95	1.41
8.13	3.44
11.61	3.44
13.89	3.44
14.44	2.92
16.37	1.25
18.15	1.25
18.95	1.25
21.35	1.42
23.31	1.42
24.82	1.42
25.03	3.87
25.21	0.47
26.74	0.47
29.4	0.59
31.03	0.59
33.92	0.59
35.88	3.22
38.6	3.22
39.71	0.89
40.16	0.89
42.38	0.89
42.69	2.46
43.12	2.46
43.35	2.46
45.07	2.67
47.74	2.67
47.91	2.57
48.91	1.58
52.01	1.58
53.68	1.64
54.33	1.64
57.79	1.64
60.8	2.03
63.5	3.82
66.21	3.82
67.81	3.73
70.15	3.73
73.32	3.73
76.82	3.26
77.74	3.26
80.38	3.26
81.51	2.36
84.66	3.16
87.57	3.16
88.63	3.16
89.33	1.57
89.45	0.75
92.22	0.83
92.33	0.83
93.39	0.83
93.76	1.76
93.86	1.76
96.06	2.78
96.28	2.78
98.84	2.54
100.62	2.54
104.11	0.81
107.07	0.81
108.19	0.81
110.86	2.18
112.6	2.18
114.32	2.18
117.66	2.44
121.05	2.44
123.3	1.66
126.15	3.06
128.1	3.06
128.21	1.71
131.35	0.36
131.76	2.28
133.99	3.13
137.14	3.22
140.23	3.22
140.64	3.22
141.18	3.41
141.76	0.47
143.99	0.47
144.36	3.71
145.8	3.71
145.97	1.36
149.41	1.36
149.96	1.36
152.9	0.49
153.13	3.59
154.59	1.54
156.76	2.31
160.18	2.31
163.54	2.64
165.89	2.64
167.59	3.38
167.97	1.36
171.16	2.67
171.28	2.67
174.44	0.87
174.56	0.87
176.84	2.66
178.37	2.66
179.98	2.66
182.43	1.07
184.98	1.07
185.3	0.51
188.38	0.51
191.47	0.51
191.75	0.31
192.63	0.31
194.24	0.31
194.98	1.75
198.03	1.75
200.88	1.75
203.99	2.13
206.14	2.0
207.5	2.0
209.59	2.0
211.54	1.92
214.91	0.29
216.57	2.75
217.63	3.57
219.53	3.72
220.82	3.72
221.73	3.72
224.5	1.69
225.8	1.69
227.25	1.09
229.95	1.09
233.06	2.6
236.18	2.6
239.6	1.5
240.09	2.8
240.91	2.8
243.6	2.8
243.86	2.16
246.94	2.16
247.37	2.86
250.06	2.86
