0.61	3.47
2.36	3.47
3.97	3.47
5.86	2.29
6.22	2.29
8.39	2.29
8.55	3.72
9.07	1.83
10.87	1.83
12.75	2.65
14.17	2.65
15.95	2.76
16.63	2.76
18.15	2.76
21.01	1.84
22.17	1.84
23.56	2.03
25.81	3.17
26.29	3.17
26.66	3.17
27.67	2.34
27.78	1.97
29.46	1.97
31.22	3.8
32.38	2.23
34.42	2.23
35.49	2.23
35.99	2.26
36.77	2.26
36.97	2.26
39.06	2.93
41.77	2.93
42.9	0.3
44.38	1.51
46.84	1.51
48.91	1.51
50.22	2.91
50.5	2.91
53.54	2.91
56.58	2.36
59.95	2.97
60.84	2.97
62.99	0.89
63.7	0.89
64.84	0.89
65.75	3.48
67.28	0.45
70.1	2.26
70.97	2.26
73.96	3.38
76.61	3.59
79.58	3.59
80.43	3.59
80.9	3.02
83.69	3.02
85.25	3.71
88.19	3.71
89.6	1.5
92.95	1.5
93.74	1.5
95.38	0.49
97.05	2.93
99.91	2.93
101.31	1.87
101.44	1.7
102.06	1.7
103.06	2.81
106.14	0.26
109.37	0.26
111.77	0.26
113.56	2.64
116.47	2.64
117.81	2.64
119.9	0.86
120.79	0.86
123.54	0.86
123.99	3.9
125.02	3.9
127.38	3.9
129.27	3.24
132.23	3.24
133.41	1.93
136.12	1.93
136.88	2.18
139.29	2.23
140.59	2.21
143.18	0.69
144.54	1.13
146.12	1.13
147.55	3.31
148.76	0.74
151.4	0.74
152.64	1.52
155.69	1.52
159.02	1.52
161.51	3.38
163.46	3.38
163.95	3.38
166.37	2.19
169.78	3.1
172.4	3.1
172.57	3.1
173.97	0.58
177.34	0.58
180.58	0.94
182.06	2.71
185.27	2.71
185.57	2.71
187.63	0.21
190.95	0.21
194.03	0.21
195.94	0.45
198.41	3.13
201.54	2.45
202.83	2.45
204.8	1.38
208.28	1.38
210.3	3.57
211.38	3.57
213.86	0.77
214.05	0.75
216.21	0.75
217.49	1.67
218.46	1.67
219.17	1.67
220.53	1.17
223.31	1.26
225.21	1.26
225.42	3.52
228.73	2.32
229.78	2.32
230.1	2.32
232.11	0.64
233.18	0.64
236.45	0.66
237.71	0.66
238.35	2.19
241.3	1.28
242.45	0.84
242.77	0.84
243.91	0.87
247.05	0.87
250.03	3.13
