1.4	3.32
2.09	3.32
3.36	3.32
5.84	1.36
6.26	2.15
8.26	2.15
9.5	2.15
11.97	3.74
13.12	3.4
15.04	3.4
15.57	3.4
15.96	0.65
19.32	0.65
22.38	3.56
22.64	3.56
25.82	3.56
26.06	1.97
28.44	0.29
30.12	1.07
30.49	2.18
33.07	2.18
34.96	3.37
38.09	3.37
38.77	3.37
40.27	1.64
40.46	1.64
43.27	1.64
43.61	2.86
45.41	2.86
47.95	2.58
48.69	3.27
51.59	3.27
51.91	3.27
54.5	0.42
54.86	0.42
56.34	0.42
59.22	3.61
60.71	3.61
62.42	3.7
65.39	3.7
65.91	3.7
69.33	1.11
70.67	1.11
73.62	1.11
75.92	0.74
76.55	2.39
78.3	3.29
79.0	3.29
82.33	2.34
84.55	0.35
86.13	3.79
87.49	2.41
90.35	2.41
92.75	2.41
94.61	0.44
96.86	0.44
97.29	0.44
100.1	0.44
101.7	0.44
103.78	3.3
104.27	3.3
105.14	2.07
108.04	2.07
110.13	2.07
112.91	3.78
115.14	1.1
117.62	1.1
120.77	3.15
121.84	3.15
123.33	3.15
125.67	2.37
126.62	1.6
128.3	1.6
128.64	1.6
131.4	0.87
134.63	0.87
135.84	1.49
138.69	1.49
139.48	3.1
141.41	3.1
143.47	3.1
146.6	3.17
146.83	2.66
148.98	2.66
152.38	2.66
153.6	2.73
154.19	2.15
156.09	2.15
157.87	2.15
160.19	3.48
160.46	1.97
163.2	1.97
166.36	1.97
167.45	1.85
167.83	1.85
170.23	1.85
172.67	2.55
175.03	2.55
175.19	2.55
177.15	2.45
177.61	2.45
178.01	2.45
181.19	2.71
182.05	2.71
184.65	2.71
185.32	0.84
188.3	1.37
189.52	1.37
192.61	1.85
195.79	1.85
196.16	3.39
198.46	3.39
200.16	3.39
201.66	1.22
201.77	1.22
202.24	1.65
203.57	1.1
205.12	1.1
205.26	1.1
206.47	1.37
208.23	1.37
209.29	0.8
212.6	1.69
213.4	2.93
215.03	2.93
215.76	2.02
217.07	2.02
218.55	3.0
218.7	3.0
222.17	3.0
224.94	3.79
227.07	3.79
230.23	3.79
232.11	3.98
233.86	3.98
236.04	3.09
236.39	2.25
238.73	1.97
239.76	1.97
242.51	1.97
245.5	1.16
246.9	1.16
249.65	1.16
253.12	3.69
