2.8	1.09
3.32	1.09
5.25	3.0
6.47	2.45
9.96	2.45
11.51	3.31
14.23	3.31
15.19	3.64
15.5	3.58
15.72	3.58
16.31	0.65
16.49	2.22
17.28	1.25
20.18	1.25
22.7	1.25
26.03	1.48
29.32	1.48
29.52	1.14
30.41	3.8
31.94	1.8
32.63	1.8
33.54	1.8
33.8	2.75
35.74	2.75
39.14	2.75
39.5	1.68
42.56	1.68
44.45	3.5
47.85	3.5
50.95	3.5
52.05	2.22
55.01	2.22
56.33	3.14
58.3	3.14
60.79	1.99
62.54	1.99
65.94	1.99
68.67	1.93
71.94	1.93
73.75	1.93
75.82	0.48
77.83	0.48
79.02	0.48
82.22	2.38
83.22	2.26
86.25	3.59
87.09	3.59
88.58	3.59
89.38	3.71
91.51	3.71
94.42	3.71
95.46	0.32
96.36	0.32
99.14	0.32
102.19	1.4
102.84	2.73
103.12	2.73
104.13	0.86
105.82	0.86
107.05	0.86
108.27	0.86
109.83	0.86
111.34	0.86
111.72	3.2
114.35	3.2
115.48	3.41
117.56	3.39
118.54	3.27
119.6	0.42
120.33	0.45
122.56	0.45
125.77	0.67
127.72	1.91
128.01	1.91
129.07	0.24
131.7	1.85
133.87	1.85
134.69	3.85
134.84	2.88
136.15	2.81
138.52	2.81
140.81	3.51
141.89	3.51
143.52	3.75
143.65	2.59
146.54	2.59
148.06	2.59
150.64	0.64
153.82	3.96
156.46	0.55
158.23	0.55
160.71	0.55
163.46	2.9
164.51	2.03
165.48	2.03
167.46	2.03
167.6	3.82
167.87	0.5
170.53	0.5
172.95	0.5
174.89	3.91
175.97	3.91
178.89	3.91
179.51	1.05
179.91	1.05
181.47	0.82
182.8	0.82
183.66	2.01
185.33	2.01
187.91	2.01
190.05	3.96
190.59	3.96
191.14	3.96
192.46	3.29
194.86	3.29
195.33	0.64
197.63	1.69
198.9	1.69
201.25	1.69
202.15	0.76
205.28	0.76
205.63	0.76
205.83	2.28
206.24	2.28
207.71	2.28
209.15	0.73
212.48	0.73
213.9	0.73
215.97	1.69
219.22	1.69
221.51	1.69
221.99	0.74
224.55	0.74
225.16	0.74
227.71	0.37
230.24	3.48
230.84	3.48
231.95	3.48
234.37	0.54
235.4	0.54
236.24	0.54
236.83	3.61
240.31	1.21
241.47	1.21
243.88	0.45
244.75	0.45
245.51	0.45
247.75	1.34
248.1	3.33
248.9	3.33
251.86	2.7
