3.19	0.29
6.44	2.66
8.69	1.94
10.44	1.32
13.61	1.32
14.93	1.32
15.06	2.79
15.9	2.79
18.06	2.79
20.36	0.37
20.9	0.37
23.59	0.37
26.19	1.12
27.54	2.25
28.79	2.25
32.11	2.25
32.88	2.25
35.58	2.25
38.65	2.25
40.77	0.8
43.96	0.8
45.46	0.8
45.79	0.95
47.43	0.95
48.82	3.62
51.64	2.22
54.48	2.91
55.21	2.91
58.24	2.91
58.86	2.16
61.81	2.16
63.69	1.19
65.87	1.19
68.52	1.19
70.02	2.22
70.88	2.22
71.88	2.71
74.33	2.71
76.16	2.88
79.18	0.55
79.48	3.25
82.07	3.25
84.36	3.25
87.39	3.79
90.37	3.13
93.41	3.12
96.02	3.12
96.18	3.77
98.52	3.85
99.72	2.71
102.06	2.71
104.59	3.69
106.78	3.69
109.0	3.69
109.76	2.41
112.68	2.41
112.98	1.13
115.64	3.9
119.13	2.98
121.74	1.63
123.74	1.63
124.87	3.62
126.25	3.62
126.7	3.36
126.88	3.36
128.11	3.36
129.26	0.47
130.94	0.47
131.63	2.31
133.64	2.99
136.53	3.41
138.74	3.41
139.73	3.41
142.16	1.19
144.34	1.19
146.32	1.19
147.25	1.6
148.86	1.6
149.2	3.12
151.61	3.12
152.98	1.92
154.2	3.9
154.66	0.45
155.1	0.48
157.43	0.48
159.91	0.48
162.56	1.41
163.87	1.43
165.08	1.43
165.41	1.43
167.86	1.18
171.02	1.18
173.46	1.18
175.98	3.99
178.36	3.32
179.13	2.94
181.93	0.88
183.8	0.88
185.85	0.88
186.81	1.39
189.86	2.95
191.74	2.95
194.57	3.1
196.14	3.1
199.18	3.1
201.76	2.56
205.02	2.56
205.42	2.56
208.48	1.48
210.73	3.12
212.77	2.88
215.9	3.35
219.31	0.92
221.22	0.92
221.91	3.83
223.02	3.83
224.69	3.83
227.5	1.33
230.63	0.29
232.48	1.07
233.78	1.07
234.29	0.24
234.64	0.24
237.21	0.24
238.39	2.87
241.57	0.61
242.92	3.52
245.05	3.52
246.81	3.52
249.25	0.78
250.42	0.78
