0.33	8.3
2.93	8.3
5.12	8.3
7.31	87.59
7.43	82.15
7.65	82.15
9.81	82.15
11.28	37.33
14.39	37.33
14.71	37.33
18.09	44.14
18.45	54.29
21.45	54.29
23.94	2.94
27.22	2.94
28.37	2.94
31.27	77.79
33.44	77.79
34.82	61.3
36.7	61.3
39.59	61.3
42.49	64.57
44.57	64.57
44.86	28.99
46.3	28.99
46.98	70.66
47.46	70.66
47.63	70.66
49.11	39.42
49.59	39.42
53.02	39.42
54.57	35.79
55.23	35.79
57.2	35.79
57.63	23.77
60.86	23.77
62.32	14.01
63.75	14.01
64.11	14.01
66.94	88.13
69.11	88.13
71.84	53.29
73.84	53.29
74.55	53.29
75.05	39.34
76.58	39.34
78.43	39.34
78.62	3.94
79.94	3.94
81.48	36.59
84.45	36.59
85.84	36.59
86.09	43.15
88.69	43.15
90.29	43.15
93.58	39.59
96.02	39.59
98.34	39.59
99.17	9.9
101.05	9.9
103.22	9.9
106.6	12.65
107.49	90.46
108.63	90.46
110.75	72.32
112.82	72.32
113.26	37.88
114.44	66.44
114.84	66.44
117.69	50.25
120.33	77.96
123.23	77.96
126.34	77.96
128.5	38.38
131.38	38.38
131.75	38.38
132.08	94.22
134.88	94.22
135.04	47.47
137.22	47.47
137.48	47.47
139.41	61.96
140.82	61.96
143.46	84.68
144.61	84.68
147.01	36.45
148.39	82.32
150.85	90.25
151.35	90.25
153.35	90.25
155.83	39.15
156.77	2.56
159.46	21.43
161.27	70.98
164.7	70.98
165.2	91.38
166.22	26.36
169.06	5.94
172.49	5.94
174.31	5.94
175.05	80.73
178.4	80.73
179.36	80.73
182.66	11.98
183.54	11.98
184.55	11.98
187.8	56.1
190.12	56.1
191.98	56.1
192.56	22.92
194.04	22.92
196.03	22.92
196.93	76.19
198.08	76.19
199.66	87.61
202.8	87.61
206.2	87.61
206.96	7.65
207.85	7.65
210.65	7.65
211.82	36.27
214.31	36.27
216.14	36.27
218.44	16.17
219.58	16.17
222.17	70.59
225.04	70.59
227.76	70.59
229.09	78.73
232.45	78.73
234.12	78.73
236.79	66.18
237.86	14.34
238.65	89.85
241.72	89.85
244.28	2.52
245.97	2.52
249.23	2.52
250.98	12.54
