1.11	13.59
3.71	13.59
5.72	13.59
8.5	23.01
9.5	23.01
12.55	88.84
13.97	46.78
14.91	46.78
16.0	46.78
18.17	2.67
18.93	17.81
22.34	17.81
25.37	17.81
27.13	78.14
30.22	16.22
33.7	16.22
36.82	16.22
38.02	75.34
40.73	75.34
41.02	75.34
41.38	28.84
43.34	28.84
45.13	28.84
47.38	55.66
49.24	55.66
52.59	59.3
55.06	59.3
56.51	68.61
56.96	45.82
58.41	45.82
59.78	45.82
60.95	91.03
61.29	91.03
63.99	48.2
65.38	72.12
66.19	72.12
67.94	32.0
71.32	32.0
71.48	32.0
74.78	21.61
77.21	21.61
79.56	21.61
82.05	81.02
83.5	10.71
86.97	62.37
90.43	62.37
92.29	62.37
93.16	1.65
93.71	1.65
97.11	1.65
98.96	66.33
100.85	32.33
101.35	32.33
102.98	32.33
103.82	72.37
106.24	70.05
108.16	70.05
109.39	84.69
110.91	84.69
112.2	84.69
114.01	91.93
115.05	58.71
117.77	46.28
120.74	57.11
121.79	57.11
122.58	30.04
125.76	30.04
126.23	30.04
126.74	15.11
127.38	2.43
128.14	2.43
130.54	2.43
131.12	32.11
133.7	52.06
133.95	52.06
137.06	63.12
140.4	85.43
141.07	85.43
141.23	72.22
144.28	72.22
146.83	10.34
149.56	10.34
152.86	62.2
154.59	62.2
157.47	62.2
160.61	25.44
161.62	25.44
163.25	25.94
163.54	36.21
164.95	36.21
165.37	17.89
165.48	17.89
165.97	17.89
168.69	72.39
169.39	72.39
172.79	72.39
175.69	56.44
179.02	19.84
181.23	93.72
184.42	25.87
185.81	25.87
186.53	87.63
189.32	35.23
191.52	35.23
194.79	35.23
197.09	72.44
197.25	72.44
198.57	72.44
200.52	76.95
203.64	76.95
204.81	78.34
205.19	78.34
206.8	78.34
207.82	43.95
210.98	43.95
211.71	43.95
213.05	39.69
215.57	39.69
218.95	11.88
220.54	50.89
221.21	50.89
223.25	50.89
225.79	51.02
226.81	51.02
227.11	51.02
227.85	46.53
230.4	46.53
231.46	46.53
233.4	47.95
235.61	47.95
238.28	23.43
239.16	23.43
240.58	15.88
243.24	15.88
245.22	74.65
246.97	74.65
248.66	12.42
251.27	43.58
