1.01	28.1
2.43	28.1
5.16	28.1
7.23	38.75
10.03	66.37
11.84	66.37
13.25	68.75
15.82	68.75
16.09	68.75
19.38	32.98
22.48	32.98
24.57	20.93
26.72	20.93
28.16	85.82
29.49	35.65
30.51	35.65
30.81	94.57
31.8	94.57
34.94	94.57
38.4	25.67
41.63	25.67
43.75	77.02
45.7	71.4
47.68	70.99
50.9	59.03
52.6	59.03
54.76	34.92
57.96	17.87
59.69	23.22
59.8	23.22
60.47	23.22
62.73	70.99
64.07	70.99
65.44	70.99
66.72	7.81
69.18	7.81
71.39	24.52
74.66	24.52
77.02	43.13
78.56	66.27
80.1	66.27
82.22	66.27
85.11	33.85
87.37	33.85
88.9	33.85
89.6	24.18
91.29	24.18
94.38	9.51
94.5	9.51
96.95	35.66
97.19	35.66
97.41	35.66
97.95	56.06
99.49	56.06
102.17	56.06
103.16	94.3
104.4	94.3
106.36	61.44
108.23	6.27
110.54	92.55
111.93	92.55
113.2	92.55
115.93	0.25
117.18	0.25
118.49	75.76
119.67	54.39
122.04	54.39
122.92	23.71
124.45	40.51
125.01	3.45
127.97	3.45
131.21	3.45
133.6	31.16
135.31	31.16
138.26	31.16
139.06	16.98
139.78	16.98
142.16	68.45
144.51	68.45
146.48	73.86
148.88	73.86
152.36	73.86
154.08	64.03
156.97	53.44
158.03	53.44
159.91	91.1
162.73	91.1
163.12	89.36
165.76	89.36
166.62	84.15
169.66	86.61
173.05	86.61
174.57	79.95
176.24	57.49
177.75	57.49
178.89	57.49
182.27	43.09
183.4	43.09
183.68	55.19
186.01	55.19
189.03	55.19
190.31	56.33
191.07	56.33
193.82	56.33
194.08	25.75
196.03	25.75
197.47	61.89
199.25	61.89
202.72	73.87
204.13	24.4
207.08	24.4
207.64	24.4
210.31	14.86
213.17	14.86
216.09	14.86
218.36	57.69
221.48	57.69
223.73	91.82
226.06	46.88
228.44	46.88
229.39	46.88
231.91	62.71
234.09	62.71
235.93	14.69
239.18	14.69
242.35	79.04
245.34	44.26
248.42	76.62
250.76	76.62
