2.66	24.75
5.22	24.75
7.63	24.75
10.51	87.67
13.08	42.78
13.48	84.28
16.62	3.84
20.08	36.41
22.84	36.41
25.33	36.41
28.11	43.71
29.26	43.71
32.45	43.71
34.98	72.43
35.34	72.43
36.05	46.05
39.45	46.05
40.25	20.2
40.61	20.2
41.68	20.2
43.91	88.23
45.65	19.23
48.33	19.23
51.17	87.63
53.33	87.63
53.83	79.49
55.69	33.79
58.51	33.79
61.43	33.79
63.12	74.96
63.82	74.96
66.77	3.87
67.82	5.89
71.24	5.89
73.47	5.89
76.46	4.95
77.29	4.95
79.41	40.43
81.74	5.78
85.22	76.41
87.89	76.41
90.77	76.41
91.07	81.58
92.67	81.58
93.74	81.58
94.21	52.11
96.8	66.45
98.75	66.45
99.99	66.45
101.31	32.93
104.58	32.93
107.16	32.93
109.41	30.57
109.55	30.57
111.79	8.1
114.32	8.1
117.69	8.1
119.16	37.99
121.1	37.99
123.87	38.17
126.45	38.17
129.4	21.11
129.77	21.11
133.24	87.4
133.48	87.4
134.46	87.4
135.8	8.52
139.3	8.52
141.65	49.3
144.36	86.38
147.47	86.38
148.01	20.53
149.39	20.53
151.77	83.62
152.28	83.62
153.09	50.67
155.61	40.67
157.05	25.83
159.9	16.46
163.23	68.61
166.37	68.61
168.36	30.12
171.27	30.12
174.19	30.12
174.73	20.3
177.35	69.53
178.34	69.53
178.65	58.1
180.2	58.1
183.58	58.1
185.57	35.94
187.43	35.94
190.92	76.61
193.93	76.61
196.0	36.05
198.07	36.05
199.52	36.05
201.9	89.77
202.33	89.77
205.3	89.77
206.5	25.73
208.65	25.73
211.32	84.2
211.46	84.2
211.57	84.31
213.08	84.31
214.51	84.31
216.41	91.22
216.89	91.22
218.5	90.01
219.05	90.01
222.11	90.01
223.89	93.6
226.34	89.2
227.24	89.2
229.96	70.1
231.49	70.1
232.66	70.1
235.12	23.85
237.68	23.85
238.82	16.42
242.16	16.42
242.29	4.17
244.22	4.17
246.63	4.17
246.75	56.08
249.91	56.08
251.92	79.61
