3.27	2.05
4.46	2.05
6.61	53.79
6.83	53.79
7.23	24.89
9.99	24.89
13.21	24.68
14.86	24.68
16.78	24.68
17.14	51.2
17.71	51.2
19.05	6.51
21.74	6.51
22.33	6.51
23.69	22.75
25.45	22.75
27.28	56.91
29.42	56.91
32.3	94.2
33.37	30.85
36.45	30.85
39.42	86.56
40.22	86.56
41.76	86.56
45.23	27.85
45.48	80.16
48.66	24.84
48.78	34.76
50.32	34.76
53.58	45.91
56.4	65.13
59.48	65.13
61.42	65.13
64.58	67.54
67.14	67.54
68.16	28.96
70.93	17.81
74.31	17.81
77.58	17.81
78.03	27.77
79.85	27.77
80.77	27.77
81.64	55.22
84.15	24.08
86.19	24.08
87.39	24.08
89.28	16.79
89.56	37.25
90.7	84.45
93.11	84.45
94.35	84.45
97.56	17.85
97.86	46.68
99.66	17.95
101.31	17.95
103.34	35.03
105.64	35.03
106.83	35.03
109.31	80.35
111.48	80.35
112.3	37.04
112.92	37.04
115.25	74.29
118.25	86.5
119.61	86.5
120.23	68.6
121.59	68.6
123.01	17.09
125.15	57.78
127.68	57.78
128.71	57.78
129.15	14.47
129.66	14.47
131.92	14.47
132.94	45.58
135.79	45.58
137.04	45.58
138.84	78.91
140.51	49.49
142.72	49.49
145.79	92.44
146.85	92.44
149.66	68.17
150.26	68.17
151.7	68.17
154.47	68.98
154.68	23.56
155.63	23.56
158.34	23.56
161.24	44.76
161.99	44.76
162.9	44.76
165.37	54.96
165.72	43.7
167.43	43.7
169.56	43.7
171.84	16.11
172.4	16.11
173.08	16.11
174.68	29.96
177.18	53.95
177.89	53.95
179.64	2.59
181.59	2.59
183.02	2.59
184.75	65.67
186.16	65.67
187.53	65.67
187.98	80.78
191.32	82.86
191.84	82.86
194.4	30.38
196.72	30.38
200.04	66.87
201.49	66.87
204.91	75.91
206.3	75.91
207.17	38.36
209.11	38.36
212.31	68.2
213.56	68.2
216.06	68.2
218.77	31.99
219.0	31.99
219.94	31.99
222.09	85.99
223.24	85.99
224.88	57.14
225.95	57.14
228.16	71.94
228.86	71.94
229.02	71.94
230.76	42.41
232.71	76.98
233.86	76.98
235.63	8.83
238.19	8.83
240.81	83.75
242.76	83.75
243.22	54.48
245.72	36.96
246.87	36.96
248.88	65.0
251.14	65.0
