0.97	85.3
1.5	85.3
4.0	85.3
4.73	82.52
4.97	88.6
7.15	88.6
9.48	88.6
11.56	27.89
13.43	81.75
13.87	81.75
15.16	81.75
17.84	48.16
19.21	48.16
19.53	68.57
19.84	68.57
21.54	68.57
22.94	55.69
26.25	55.69
27.51	66.1
30.93	66.1
32.31	66.1
33.82	57.67
34.1	57.67
35.13	33.23
37.39	33.23
38.92	44.91
39.17	44.91
40.91	44.91
41.14	66.24
41.88	66.24
44.19	66.24
45.37	39.19
48.81	36.88
52.22	36.88
53.11	36.88
53.64	6.57
54.25	11.61
54.86	49.21
55.02	89.57
57.16	78.4
59.95	78.4
62.46	19.68
64.28	20.6
65.87	20.6
68.93	71.7
69.62	71.7
72.87	71.7
73.69	28.67
74.08	28.67
75.58	28.67
79.07	6.99
81.85	49.99
83.63	21.06
85.17	21.06
88.39	21.06
90.4	60.46
92.64	60.46
93.6	60.46
93.71	86.8
94.62	86.8
97.18	86.8
98.53	78.59
101.95	30.69
104.43	30.69
107.01	30.69
107.55	58.41
110.66	58.41
112.0	87.39
113.6	78.76
116.68	78.76
117.74	78.76
119.19	82.72
119.81	82.72
120.13	85.36
120.24	84.06
122.35	67.02
122.77	67.02
123.42	31.2
124.11	31.2
126.94	31.2
127.7	59.78
130.48	59.78
131.02	59.78
131.93	56.3
133.77	56.3
136.17	61.76
136.98	61.76
138.35	61.76
140.62	19.91
143.86	34.36
146.9	34.36
149.1	55.17
151.94	55.17
155.41	9.56
155.89	9.56
158.07	12.75
158.19	12.75
160.38	26.32
162.7	26.32
164.72	26.32
166.44	63.91
169.12	63.91
171.85	62.77
173.81	9.37
176.89	47.52
179.73	91.55
180.4	91.55
183.23	76.05
183.96	76.05
187.27	65.76
190.42	28.05
193.26	28.05
196.44	28.05
197.45	70.27
198.68	70.27
199.46	70.27
202.34	16.18
205.39	16.18
206.9	16.18
208.01	7.72
209.33	2.3
209.85	2.3
210.05	2.3
213.27	39.93
214.53	39.93
216.46	6.1
216.68	43.41
216.87	43.41
218.63	43.41
221.09	10.72
221.65	10.72
224.83	10.72
227.96	67.11
229.3	67.11
230.93	62.24
233.16	62.24
233.31	62.24
236.51	55.36
238.56	55.36
239.78	55.36
242.4	10.39
245.3	10.39
247.71	56.09
250.57	56.09
