1.93	4.2
2.09	4.2
3.49	30.96
5.26	83.85
7.65	83.85
8.51	76.89
11.09	76.89
11.75	86.33
14.31	60.13
17.71	60.13
18.69	79.9
19.66	79.9
19.96	79.9
22.41	61.5
23.41	14.03
24.0	14.03
24.47	14.03
24.64	77.07
27.85	82.92
28.49	82.92
31.58	45.67
32.15	45.67
34.28	45.67
34.83	53.75
37.03	15.2
38.15	83.57
39.0	82.93
42.23	56.25
43.44	56.25
43.54	60.8
44.8	60.8
46.27	35.91
48.37	35.91
49.18	57.3
52.67	57.3
55.33	79.58
57.84	79.58
60.32	39.33
61.06	46.27
62.66	37.96
66.15	37.96
66.91	1.12
69.86	1.12
73.21	1.12
74.01	31.74
76.83	31.74
80.24	75.62
83.59	75.62
84.47	7.19
86.95	80.33
88.39	80.33
91.19	10.44
92.08	13.91
95.3	13.91
97.8	16.81
98.07	6.53
98.19	52.87
100.96	52.87
101.16	40.55
104.23	40.55
105.19	64.06
107.84	81.07
108.66	30.1
111.28	38.69
111.45	38.69
114.06	55.21
114.74	55.21
116.27	56.89
118.95	56.89
121.04	28.89
124.15	28.89
124.53	28.89
124.72	24.49
126.88	24.49
129.61	4.94
130.65	20.24
133.34	20.24
135.1	20.24
137.42	93.34
138.48	70.47
139.71	70.47
142.27	65.06
144.44	65.06
147.57	65.06
148.35	51.04
148.56	43.19
151.68	43.19
153.76	43.19
155.62	4.98
156.15	92.06
159.14	92.06
162.06	92.06
163.69	13.22
164.49	13.22
165.26	16.33
167.11	14.29
168.58	80.16
171.97	80.16
174.64	70.26
175.28	6.37
177.3	6.37
179.66	85.48
180.92	85.48
181.75	85.48
184.73	30.2
185.89	83.9
189.01	83.9
191.49	23.95
193.95	32.3
194.13	32.3
194.58	4.34
195.89	64.12
199.29	64.12
200.19	4.38
200.55	46.88
201.95	46.88
202.81	8.28
203.71	14.17
205.87	14.17
208.38	14.17
209.45	79.18
212.15	47.72
213.78	47.72
214.95	94.85
218.18	77.76
219.25	77.76
222.01	2.03
222.99	65.05
225.72	65.05
226.78	65.05
228.0	7.1
230.64	7.1
233.22	58.16
234.21	58.16
236.13	56.93
237.71	10.0
238.79	10.0
240.82	10.0
242.94	74.97
243.23	37.65
243.72	60.66
245.01	60.66
248.46	31.81
249.22	31.81
252.41	31.81
