3.19	44.53
5.71	44.53
6.14	44.53
7.65	31.09
8.55	31.09
11.55	31.09
13.68	14.55
16.38	44.42
18.24	42.09
19.5	42.09
19.97	42.09
22.1	34.2
24.15	79.14
24.58	79.14
26.16	83.04
26.95	39.65
28.64	80.5
32.08	80.5
32.85	48.91
33.48	81.56
35.87	81.56
36.3	19.64
39.2	19.64
41.3	19.64
41.51	54.48
43.39	54.48
46.61	54.48
49.05	40.22
52.34	8.01
52.54	8.01
54.86	74.02
55.23	74.02
56.92	12.36
57.54	12.36
59.97	12.36
61.03	38.73
62.19	38.73
64.09	20.3
66.53	89.36
69.19	89.36
71.41	26.55
72.39	74.24
73.84	69.09
75.04	69.09
77.83	69.09
80.56	84.29
82.67	84.29
85.35	90.5
87.61	90.5
88.93	8.72
89.98	61.49
92.14	61.49
94.79	45.69
96.91	45.69
98.88	45.69
99.53	52.0
100.74	52.0
103.56	52.0
106.46	27.94
109.0	27.94
109.44	27.94
110.99	22.59
114.11	64.42
117.5	64.42
119.75	64.42
120.98	69.48
122.22	69.48
122.57	69.48
125.21	8.99
126.93	93.26
127.67	87.29
129.07	87.29
129.5	23.47
131.29	23.47
132.59	23.47
133.81	38.14
135.7	38.14
138.91	38.14
140.16	92.49
142.91	92.49
145.73	22.08
148.96	44.86
152.07	44.86
154.03	44.86
155.22	72.57
157.22	72.57
157.75	72.57
159.27	73.83
160.44	55.49
163.36	55.49
163.55	55.49
167.01	9.78
169.77	80.19
172.32	80.19
173.55	80.19
175.77	88.7
178.46	16.26
179.01	16.26
179.6	94.2
180.67	94.2
183.66	56.03
187.08	56.03
189.73	81.96
190.68	81.96
191.5	81.96
192.22	37.63
193.5	37.63
196.84	37.63
199.08	69.69
199.44	69.69
202.53	69.69
203.59	38.95
205.71	87.28
207.12	87.28
207.88	67.06
208.71	67.06
209.5	33.71
212.48	33.71
213.23	33.71
215.57	10.17
217.08	10.17
217.93	53.44
218.58	53.44
222.01	53.44
222.91	39.62
225.03	39.62
225.9	39.62
227.82	21.6
228.96	21.6
230.6	21.6
230.85	87.97
231.34	87.97
233.22	87.97
236.46	94.71
237.19	25.71
239.52	25.71
241.53	25.71
243.32	27.22
245.33	68.5
247.36	85.48
249.62	85.48
250.88	85.48
