2.29	46.9
2.88	46.9
3.43	63.39
4.87	63.39
7.87	63.39
11.32	25.53
12.39	25.53
14.48	0.44
17.81	0.44
20.69	22.92
22.89	22.92
24.51	55.03
24.8	55.03
25.35	55.03
27.64	42.88
28.68	18.32
31.8	69.74
32.76	69.74
33.24	69.74
33.49	44.31
33.82	44.31
36.71	26.9
39.32	26.9
42.65	26.9
43.26	49.93
43.72	80.14
45.1	16.94
47.22	16.94
47.92	16.94
51.26	80.3
53.82	4.72
55.65	4.72
55.82	4.72
58.12	52.92
59.24	93.51
59.56	93.51
62.01	14.77
63.51	14.77
66.94	14.77
67.38	28.89
70.29	74.14
73.12	74.14
75.05	74.14
77.7	89.58
77.81	89.58
78.1	89.58
81.24	40.03
81.42	40.03
84.14	66.24
86.52	28.84
88.18	28.84
90.08	30.49
92.03	1.74
92.6	1.74
95.62	91.21
98.18	91.21
100.82	70.72
103.26	28.33
105.17	87.9
105.79	87.9
106.97	85.62
107.51	85.62
108.0	44.1
111.11	91.91
113.3	56.96
115.9	28.82
118.51	28.82
120.96	28.82
121.48	18.2
123.65	18.2
125.5	18.2
127.41	91.48
129.14	31.91
129.36	31.91
130.48	58.91
133.78	58.91
135.66	58.91
137.13	93.77
139.1	41.36
141.97	41.36
142.94	41.36
145.28	73.12
146.79	73.12
147.71	73.12
149.82	51.06
151.36	51.06
153.4	21.36
153.71	21.36
154.13	21.36
156.23	10.7
158.24	41.05
158.55	33.55
159.92	62.2
161.17	62.2
164.6	85.79
165.43	85.79
167.55	85.79
170.55	18.36
173.06	93.18
173.57	93.18
176.83	93.18
179.05	40.22
182.27	40.22
183.47	40.22
185.62	20.47
185.74	42.33
187.51	60.92
188.03	60.92
190.95	18.12
191.93	5.49
193.08	5.49
193.75	5.49
194.26	17.19
196.25	17.19
199.69	29.45
200.52	29.45
201.4	11.14
202.23	11.14
204.12	11.14
204.31	63.75
207.5	63.75
210.91	63.75
211.27	93.57
213.85	93.57
216.14	93.57
217.48	44.07
219.94	44.07
221.4	32.75
224.82	32.75
227.83	85.56
229.62	77.35
232.71	44.97
233.84	56.79
235.09	74.12
236.71	74.12
239.36	81.08
242.18	68.64
245.33	68.64
246.75	68.64
248.07	80.08
248.69	49.55
251.89	65.43
