0.48	83.67
2.15	83.67
5.52	15.82
7.4	60.49
9.17	67.16
10.04	67.16
10.61	67.16
11.44	76.38
13.49	48.29
16.74	48.29
18.46	48.29
19.79	11.1
21.41	11.1
24.07	88.7
24.99	88.7
28.37	88.7
31.75	15.66
35.18	15.66
38.63	15.66
38.74	88.93
41.18	10.43
42.77	10.43
42.96	10.43
45.54	84.82
47.92	84.82
50.36	86.05
51.82	86.05
55.19	50.18
56.18	50.18
58.76	50.18
61.18	50.27
61.52	50.27
64.83	50.27
67.23	41.12
70.61	41.12
72.07	41.12
73.54	34.9
75.73	15.2
76.53	15.2
78.54	84.84
80.08	57.06
82.98	57.06
85.33	57.06
86.19	71.07
88.21	64.39
91.65	64.39
94.4	5.87
96.28	5.87
97.24	47.86
97.95	60.04
100.92	41.12
101.31	41.12
101.65	41.12
104.62	27.89
107.43	55.44
109.79	55.44
111.18	6.12
113.79	47.47
114.89	47.47
115.17	47.47
115.54	35.78
116.16	0.74
117.73	8.22
118.41	8.22
121.82	8.22
124.44	75.8
127.59	25.42
129.8	25.42
130.11	25.42
133.51	88.53
135.48	88.53
138.0	16.1
140.61	1.3
142.96	1.3
145.83	33.32
148.88	33.32
150.71	23.13
151.89	23.13
155.04	23.13
157.08	28.57
159.23	28.57
162.34	28.57
165.41	93.49
168.61	78.08
170.27	78.08
171.8	78.08
174.61	39.24
176.14	66.31
178.16	66.31
180.23	66.31
182.75	6.23
185.35	6.23
188.77	64.94
190.16	65.37
190.96	12.68
191.35	51.57
191.55	47.9
192.66	47.9
194.99	76.29
196.06	76.29
198.37	29.11
199.06	29.11
201.34	88.12
204.22	88.12
207.35	88.12
207.84	44.78
210.14	44.78
213.21	93.22
213.53	93.22
215.06	93.22
217.53	52.45
219.63	52.45
219.78	36.76
220.58	48.24
221.8	48.24
224.61	48.24
226.84	11.07
230.13	11.07
231.04	11.07
232.51	18.06
235.75	18.06
235.96	18.06
237.36	80.94
238.8	49.5
242.18	9.96
242.51	9.96
243.8	9.96
244.07	36.29
244.25	31.43
246.56	35.02
249.87	44.2
252.89	54.23
