1.15	13.48
2.13	93.56
3.78	93.56
4.09	93.56
4.86	91.66
5.39	68.5
8.28	68.5
9.64	8.04
10.34	59.85
12.68	59.85
14.27	59.85
17.4	74.79
19.83	74.79
20.55	74.79
23.23	80.04
23.99	80.04
25.55	80.04
26.44	86.28
28.96	86.28
30.67	15.83
31.83	31.12
33.95	69.28
35.65	69.28
37.41	60.64
38.05	60.64
39.27	35.62
40.9	35.62
43.05	35.62
45.25	41.83
46.02	41.83
49.36	41.83
49.51	9.11
50.25	9.11
53.0	51.36
55.6	78.01
56.4	78.01
58.03	50.43
58.33	50.43
61.25	34.94
63.3	34.94
63.82	57.06
64.6	57.06
66.89	57.06
69.63	63.67
70.97	63.67
72.77	67.2
73.82	75.73
74.83	86.99
75.18	86.99
75.57	86.99
76.54	52.36
76.68	52.36
77.0	52.36
78.96	61.28
82.39	61.28
83.95	78.7
85.11	78.7
86.4	78.7
88.67	86.45
91.61	86.45
94.51	39.34
97.45	39.34
99.73	39.34
103.06	35.33
106.2	35.33
108.88	35.33
111.41	45.18
112.64	65.23
115.44	65.23
118.59	81.41
121.44	81.41
123.06	12.68
125.62	12.68
126.74	12.68
129.64	57.63
130.63	57.63
131.1	57.63
133.51	43.81
135.64	43.81
138.45	43.81
138.91	13.02
139.13	50.84
140.49	50.84
142.56	59.07
145.92	61.93
147.83	61.93
148.41	61.93
150.79	41.66
151.79	41.66
153.76	85.32
154.99	91.05
155.48	91.05
157.05	91.05
158.91	11.12
162.34	11.12
164.4	63.38
165.94	63.38
167.13	83.67
168.52	22.96
169.47	13.47
172.26	23.58
174.55	61.81
176.51	26.61
178.93	26.61
180.88	26.61
184.02	6.28
186.68	6.28
187.94	71.26
188.07	70.66
190.01	90.37
190.22	29.57
190.62	60.36
192.06	60.36
192.22	60.36
193.69	66.11
196.74	24.31
199.74	24.31
200.56	13.71
203.96	13.71
204.22	13.71
204.45	1.65
206.83	1.65
208.18	1.65
210.85	23.25
211.47	27.02
212.34	27.02
213.42	15.4
214.37	76.83
216.2	76.83
218.84	67.14
219.96	67.14
222.2	67.14
225.11	22.9
228.38	22.9
230.66	18.29
233.35	72.74
235.64	72.74
235.78	72.74
236.7	2.74
238.43	2.74
238.93	63.23
239.35	63.23
241.47	45.27
244.03	45.27
247.17	4.32
250.45	45.28
