1.52	23.17
2.73	23.17
6.11	93.88
6.92	62.31
7.77	62.31
10.96	62.31
12.18	2.84
15.54	2.84
18.01	13.11
19.67	13.11
22.9	13.11
26.0	74.65
26.55	74.65
29.77	74.65
32.49	20.45
34.59	20.45
37.17	20.45
37.56	87.36
40.64	87.36
42.09	87.36
43.28	7.56
44.9	89.6
47.27	67.41
48.4	67.41
50.82	14.21
53.77	14.21
55.3	14.21
58.64	48.63
59.66	71.91
62.84	35.22
65.35	93.08
66.97	93.08
68.24	74.5
69.24	74.5
70.67	74.5
72.76	92.72
73.25	92.72
74.14	92.72
74.55	85.22
77.11	85.22
79.04	64.97
80.65	45.29
83.62	45.29
85.3	45.29
86.13	31.56
89.52	31.56
90.27	78.53
92.21	34.43
93.25	67.19
93.53	67.19
94.03	67.19
94.28	62.85
96.96	62.85
99.14	62.85
100.43	48.13
103.82	48.13
106.11	48.13
107.2	76.02
107.49	76.02
108.61	84.81
109.63	84.81
110.02	71.56
110.96	36.94
112.99	83.72
114.99	94.88
117.72	94.88
118.58	94.88
118.77	31.68
120.31	31.68
122.85	45.79
123.37	45.79
123.67	41.86
125.43	41.86
126.16	41.86
126.46	60.62
126.68	60.62
128.1	61.31
128.9	61.31
129.39	61.31
131.93	65.75
132.91	65.75
134.94	65.75
137.7	64.54
139.18	64.54
139.51	64.54
140.09	66.72
141.35	66.72
141.9	66.72
145.34	71.54
146.89	71.54
147.31	59.1
148.53	16.08
149.55	16.08
149.77	16.08
152.89	81.43
155.68	81.43
158.45	81.43
160.63	2.22
161.06	73.18
162.57	14.1
165.58	14.1
165.88	14.1
166.59	50.12
167.12	50.12
170.06	50.12
171.44	1.11
172.65	1.11
172.86	1.11
175.61	29.89
177.76	21.28
179.32	21.28
182.67	21.28
184.9	53.76
185.92	76.0
189.06	76.0
190.71	76.0
193.81	32.13
195.6	68.54
197.24	40.4
199.58	93.34
200.52	93.34
201.04	61.9
202.55	61.9
205.99	61.9
207.67	12.46
211.13	12.46
213.34	12.46
215.92	56.65
219.1	50.58
220.09	44.93
223.37	44.93
223.61	44.93
224.07	19.26
226.7	19.26
230.09	19.26
232.7	65.84
233.18	61.63
236.59	61.63
236.85	61.63
238.37	89.14
241.6	89.14
244.28	89.14
245.37	30.36
246.24	30.36
248.27	30.36
249.41	48.01
251.41	48.01
