2.87	36.29
5.2	36.29
5.32	36.29
6.73	14.82
7.1	14.82
8.71	24.2
10.72	24.2
13.62	47.64
14.84	1.59
16.1	1.59
17.09	10.83
18.09	10.83
20.6	10.83
23.84	95.0
27.18	95.0
28.93	44.4
30.24	69.44
32.03	69.44
34.38	74.55
37.41	70.58
39.07	70.58
39.66	70.58
40.76	49.11
42.08	49.11
44.92	49.11
46.85	19.48
47.41	5.14
49.72	5.14
51.73	5.14
53.14	12.43
54.17	53.87
54.38	53.87
56.98	71.74
59.68	71.74
60.6	88.4
62.79	84.77
64.86	84.77
65.83	84.77
66.03	1.38
67.8	1.38
69.64	44.35
69.92	75.93
70.41	64.45
73.41	64.45
74.01	69.06
75.8	69.06
78.0	89.14
78.2	89.14
79.63	89.14
82.89	49.05
84.7	49.05
86.93	49.05
88.5	84.08
89.26	84.08
91.39	25.02
91.81	53.88
93.83	53.88
94.33	53.88
97.68	25.59
98.32	25.59
100.69	25.59
102.33	51.19
105.25	8.97
106.34	8.97
109.67	8.97
111.98	48.8
114.52	41.56
114.66	41.56
115.25	12.24
117.84	12.24
118.01	50.82
120.59	50.82
122.71	50.82
124.91	56.91
125.56	56.91
127.1	41.6
127.46	41.6
129.96	69.01
132.09	69.01
133.21	69.01
135.68	0.8
138.1	48.63
138.28	48.63
139.88	57.3
141.63	75.77
144.84	75.77
147.09	75.77
148.02	28.22
150.35	28.22
153.17	28.22
154.4	49.64
156.04	49.64
159.23	49.64
160.45	28.05
160.66	73.11
163.81	63.29
166.41	63.29
167.9	63.29
168.52	69.93
171.11	69.93
172.46	64.18
175.5	64.18
175.72	64.18
177.04	66.53
179.5	66.53
182.51	66.53
182.79	29.57
182.98	29.57
186.42	29.57
187.25	41.71
188.2	41.71
190.39	8.61
193.62	8.61
196.6	8.61
197.53	70.35
200.65	70.35
203.72	70.35
205.51	87.19
208.8	87.19
210.04	87.64
211.79	87.64
213.05	87.64
213.82	46.04
214.9	46.04
216.18	7.41
217.63	7.41
217.86	7.41
220.38	48.96
221.98	48.96
225.4	91.43
228.41	91.43
229.76	91.43
231.22	47.43
232.03	47.43
233.99	81.93
234.88	10.46
237.07	10.46
240.18	89.73
242.04	89.73
243.05	84.32
244.19	31.48
245.52	31.48
248.87	31.48
249.26	80.5
251.36	92.55
