1.13	26.98
1.78	93.77
2.13	76.0
4.69	76.0
5.21	76.0
6.43	20.52
7.48	20.52
10.87	20.52
11.97	16.78
14.3	16.78
16.03	16.78
17.07	5.66
18.7	5.66
22.06	5.66
25.15	50.66
26.93	50.66
29.23	72.68
30.08	72.68
32.4	72.68
35.61	62.54
38.24	33.61
39.37	33.61
41.37	29.03
43.61	29.03
45.52	8.23
47.74	8.23
49.58	19.16
50.89	72.68
52.43	87.93
54.82	32.48
57.06	32.48
58.01	32.48
61.38	71.75
62.79	71.75
63.58	71.75
65.75	23.14
68.99	26.43
70.43	26.43
71.36	39.07
73.19	39.07
73.61	39.07
75.25	67.02
77.08	67.02
77.42	59.94
80.51	1.47
83.0	1.47
85.93	1.47
87.83	12.5
91.21	3.19
91.65	3.19
93.47	3.19
96.92	84.93
98.32	84.93
98.48	84.93
100.09	14.21
100.44	84.7
101.32	84.7
104.45	84.7
106.43	34.7
109.15	34.7
109.46	34.7
109.61	65.91
111.73	65.91
113.52	65.91
115.87	27.63
116.64	27.63
117.35	27.63
119.9	80.26
121.97	89.92
122.31	91.38
123.19	91.38
124.26	94.25
124.58	94.25
126.79	94.25
128.62	68.76
130.89	68.76
133.03	68.76
133.9	24.36
137.3	24.36
139.3	24.36
140.94	87.7
142.74	69.04
145.07	69.04
147.63	69.04
150.93	77.11
151.07	77.11
153.52	77.11
155.61	49.74
157.32	49.74
157.98	59.83
159.97	59.83
162.92	59.83
163.11	38.77
165.0	38.77
168.12	38.77
169.34	71.61
169.74	57.91
171.85	61.93
173.03	61.93
174.75	12.55
175.06	12.55
175.59	12.55
178.4	49.63
178.81	49.63
181.13	49.63
184.61	64.23
185.14	64.23
185.9	64.23
189.3	65.12
190.73	65.12
192.04	65.12
192.59	39.04
193.14	39.04
194.27	39.04
195.31	23.12
197.36	74.3
198.25	74.3
201.5	58.09
202.32	58.09
203.0	58.09
205.99	42.81
207.94	42.81
209.14	42.81
211.11	85.86
212.48	85.86
214.74	85.86
216.01	63.82
217.49	63.82
219.23	63.82
221.85	31.84
222.7	31.84
225.96	84.27
227.84	84.27
230.99	11.14
234.31	19.39
236.91	19.39
238.62	19.39
239.07	35.22
240.33	35.22
241.62	35.22
245.07	12.78
246.95	12.78
247.88	41.97
248.71	31.19
249.35	31.19
249.67	26.24
250.31	3.41
