2.94	28.1
6.02	30.16
6.85	5.95
9.54	5.95
10.31	5.95
12.54	40.77
14.47	76.0
15.19	76.0
16.34	76.0
19.68	2.04
19.88	47.24
21.27	47.24
23.74	47.24
26.5	94.28
27.46	2.85
28.52	65.99
29.47	65.99
32.43	65.99
35.06	15.4
37.84	8.93
37.98	8.93
39.72	70.88
41.58	70.88
43.05	70.88
43.38	55.16
44.83	50.92
45.55	50.92
48.76	50.92
50.44	4.56
50.8	4.56
54.12	4.56
55.23	56.42
58.34	56.42
60.82	56.42
63.37	47.0
64.21	8.7
66.72	8.7
68.74	39.0
69.87	39.0
72.86	23.16
74.31	3.61
74.96	15.83
76.26	15.83
79.29	78.24
80.91	78.24
82.03	60.34
84.64	60.34
87.34	2.6
87.57	2.6
88.51	2.6
90.38	84.7
91.84	84.26
92.27	84.26
92.71	84.26
94.07	30.31
95.91	30.31
97.92	23.5
100.61	81.88
101.97	1.88
103.31	1.88
104.9	1.88
106.99	73.02
109.42	73.02
111.42	28.39
112.82	28.39
115.71	28.39
117.46	22.17
118.86	22.17
120.46	28.05
122.09	28.05
124.53	28.05
126.11	61.88
128.87	71.22
129.93	71.22
130.06	70.67
131.23	50.01
131.81	50.01
132.01	50.09
134.77	50.09
135.2	76.73
135.37	76.73
137.26	76.73
137.88	70.22
140.86	70.22
142.91	70.22
145.0	57.9
147.54	57.9
148.59	44.73
149.6	44.73
151.31	32.48
152.65	62.41
154.71	62.41
157.95	62.41
161.13	14.72
162.83	17.25
166.06	17.25
168.01	17.25
169.07	76.03
169.59	28.77
171.19	28.77
173.42	28.77
176.52	75.35
178.29	75.35
179.22	75.35
181.81	76.35
182.78	76.35
185.38	76.35
185.53	50.36
188.32	50.36
191.15	50.36
192.94	54.29
193.88	54.29
196.74	54.29
198.91	91.53
200.63	91.53
203.81	91.53
205.66	45.17
208.96	45.17
210.41	52.64
213.68	52.64
215.63	52.64
217.62	94.24
218.45	94.24
221.07	94.24
223.56	25.34
225.37	84.18
227.57	7.6
230.89	7.6
232.89	7.6
233.81	52.31
233.91	37.28
234.07	37.28
235.94	37.28
238.81	3.35
240.02	3.35
240.9	3.35
242.72	62.47
244.29	62.47
245.02	67.05
247.13	63.75
248.05	63.75
250.72	63.75
