2.33	41.97
3.98	82.0
6.45	82.0
8.1	46.57
10.95	46.57
14.37	28.13
15.39	28.13
15.74	21.11
17.09	56.97
19.96	87.25
21.2	87.25
24.08	87.25
25.6	27.97
27.81	83.57
30.05	11.28
30.42	11.28
32.68	50.17
34.46	79.65
36.04	79.65
36.32	24.33
38.07	24.33
41.04	35.34
42.62	35.34
44.15	35.34
47.26	86.41
47.47	86.41
50.75	86.41
53.62	41.35
54.01	41.35
56.32	41.35
56.62	60.5
59.54	26.0
62.9	26.0
65.43	85.33
67.4	85.33
67.81	40.97
70.04	40.97
70.79	40.97
71.23	46.04
73.97	46.04
74.69	70.72
77.47	33.52
78.29	36.94
81.35	18.99
84.84	18.99
85.63	18.99
86.86	49.87
88.6	49.87
89.94	58.95
92.47	58.95
95.04	3.35
95.73	3.35
97.06	3.35
98.73	8.52
99.44	8.52
102.41	8.52
105.62	63.89
108.1	63.89
110.2	63.89
112.09	26.53
114.31	83.7
117.09	83.7
120.34	6.76
122.26	6.76
124.7	47.62
124.85	47.62
125.93	47.62
127.28	73.89
130.33	73.89
132.2	58.32
135.36	58.32
137.88	58.32
140.74	35.95
142.22	35.95
145.34	36.94
147.18	36.94
150.59	52.49
153.11	52.49
154.35	52.49
157.15	89.46
158.49	89.46
159.74	76.25
163.2	76.25
166.48	76.25
168.31	57.63
169.77	57.63
173.23	57.63
174.96	71.74
176.31	71.74
177.29	71.74
177.94	57.76
180.61	52.52
181.48	52.52
184.28	52.52
184.77	62.46
187.69	62.46
189.02	3.83
191.23	3.83
193.3	81.09
196.58	81.09
199.88	81.09
200.37	54.26
203.09	54.26
206.33	54.26
208.14	37.89
209.03	37.89
210.25	37.89
212.37	10.43
215.65	10.43
216.37	10.43
218.43	88.48
221.62	88.48
222.94	52.74
225.35	52.74
228.67	52.74
230.45	61.85
233.09	61.85
233.86	61.85
234.84	35.62
235.25	35.62
237.12	35.62
238.13	57.85
240.16	91.95
241.23	64.68
241.76	84.87
242.4	84.87
245.9	84.87
248.85	8.93
251.77	45.28
