3.2	46.22
5.44	46.22
8.91	7.11
9.49	7.11
12.09	7.11
14.4	93.97
15.05	93.97
17.21	93.97
20.23	71.34
20.44	71.34
22.38	71.34
23.16	30.03
26.06	30.03
26.81	30.03
29.73	85.41
33.05	35.44
35.45	90.53
36.28	90.53
39.6	90.53
40.39	31.03
41.95	31.03
44.81	3.78
45.55	80.82
48.19	80.82
49.55	44.35
53.0	44.35
54.97	4.64
58.04	4.64
60.87	94.29
64.3	11.49
65.37	11.49
66.2	11.49
68.53	74.88
71.63	9.18
73.65	9.18
75.6	24.53
77.71	24.53
80.58	24.53
83.88	83.05
85.7	79.21
86.06	49.99
87.73	49.99
89.06	52.21
89.54	8.07
91.84	8.07
92.44	45.77
93.43	59.05
96.23	59.05
97.59	62.76
98.51	62.76
101.35	28.06
102.94	28.06
105.85	28.06
106.39	3.94
106.87	3.94
109.72	3.94
112.9	40.21
113.84	40.21
115.18	40.21
116.53	30.22
116.97	30.22
119.21	30.22
119.39	20.65
120.03	20.65
120.43	65.89
121.3	86.72
123.73	86.72
125.72	86.72
126.39	26.96
129.87	26.96
130.91	67.27
134.01	67.27
137.18	67.32
138.27	0.67
139.27	20.85
142.3	68.01
142.58	68.01
145.65	87.35
148.91	87.35
151.98	87.35
153.95	17.37
156.9	94.8
160.31	34.99
160.97	34.99
163.62	70.45
167.04	17.89
169.67	9.97
172.75	50.89
175.04	50.89
177.64	50.89
179.77	7.46
183.09	7.46
183.57	7.46
185.5	26.52
188.9	26.52
190.9	82.28
194.28	84.53
195.65	84.53
197.21	84.53
200.62	13.1
203.92	13.1
205.02	86.88
205.69	32.38
206.38	32.38
206.71	32.38
208.63	52.33
210.89	52.33
212.67	52.33
215.13	75.26
215.28	75.26
218.3	12.35
220.99	12.35
221.65	12.35
223.05	61.06
224.0	61.06
226.37	61.06
227.54	44.68
230.34	44.68
230.92	44.68
232.28	21.66
234.5	57.48
237.96	57.48
241.37	93.93
242.48	93.93
245.35	31.62
248.67	31.62
250.76	31.62
