0.18	48.33
3.1	48.33
6.39	48.33
6.62	49.78
8.88	10.01
9.5	25.36
10.46	25.36
13.3	71.65
14.2	71.65
15.66	35.85
18.78	35.85
19.14	35.85
21.6	17.62
24.51	17.62
24.83	17.62
26.33	61.55
29.6	61.55
32.1	61.55
32.75	69.09
34.25	11.02
35.31	91.0
37.23	91.0
37.48	91.0
38.15	17.38
38.67	17.38
42.07	11.2
44.72	11.2
44.95	65.81
45.12	87.86
46.21	77.53
48.93	77.53
50.02	80.23
51.56	80.23
52.91	86.8
53.88	14.64
54.85	38.49
57.0	38.49
59.24	27.1
59.69	27.1
60.52	36.44
63.89	36.44
65.17	11.59
65.88	11.59
68.48	11.59
69.0	70.29
70.8	70.29
74.24	70.29
75.39	14.29
78.33	14.29
78.95	55.79
79.61	55.79
81.74	28.27
84.6	0.59
86.74	89.17
89.65	89.17
92.17	77.3
92.76	77.3
96.01	78.14
98.03	8.44
101.02	8.44
103.84	8.44
105.81	94.04
108.0	94.04
108.55	94.04
109.19	40.23
110.58	40.23
111.38	40.23
113.41	35.7
114.22	35.7
115.59	68.77
118.28	68.77
121.3	68.77
123.49	48.99
125.55	75.32
128.08	72.25
128.49	72.25
131.72	53.0
134.24	53.0
135.87	53.0
136.31	47.08
138.08	47.08
141.38	39.64
143.23	39.64
143.89	39.64
144.57	11.7
144.9	11.7
146.43	17.31
147.71	27.47
149.88	27.47
152.81	27.47
153.07	5.84
155.66	31.36
159.12	31.36
162.33	5.66
163.02	5.66
163.72	5.66
167.01	34.37
168.98	23.56
169.19	23.56
170.15	41.35
170.28	41.35
170.47	41.35
171.43	38.83
173.88	38.83
177.1	38.83
179.97	17.88
180.93	17.88
181.07	5.52
181.54	34.29
182.32	19.66
183.65	19.66
185.32	19.66
188.01	9.88
188.97	16.94
190.12	16.94
191.84	16.94
193.69	28.39
194.15	3.67
194.59	3.67
196.66	3.67
198.44	85.81
199.47	85.81
200.98	8.69
202.56	8.69
205.68	84.74
207.73	84.74
209.22	22.3
212.63	22.3
213.02	22.3
216.31	82.03
217.56	82.03
217.93	46.08
218.74	46.08
221.81	46.08
222.66	66.2
226.12	91.98
227.25	66.14
227.8	17.76
230.7	45.91
230.89	45.91
231.88	45.91
232.36	71.97
234.98	71.97
236.26	51.79
239.05	51.79
242.17	68.92
243.78	68.92
245.92	4.78
246.49	4.78
249.98	4.78
251.49	53.52
