2.99	32.2
6.16	32.2
7.65	32.2
11.03	46.2
13.02	46.2
14.5	46.2
15.27	53.53
17.21	31.59
20.58	31.59
21.58	52.51
23.79	52.51
25.83	52.51
26.21	1.48
29.4	1.48
32.84	81.63
33.51	94.49
33.96	94.49
36.87	19.06
37.98	19.06
39.3	19.06
40.89	27.15
41.87	27.15
42.66	52.12
46.14	52.12
48.9	52.12
51.36	75.9
51.52	75.9
52.11	10.38
53.26	10.38
55.39	10.38
58.67	88.28
61.12	8.91
64.46	57.04
65.41	71.72
65.94	71.72
67.22	71.72
67.73	18.23
68.67	18.23
71.91	52.57
72.78	52.57
74.78	52.57
74.92	30.54
75.71	8.2
78.08	8.2
79.89	19.66
80.57	19.66
81.66	57.35
84.81	57.35
88.07	57.35
90.49	69.82
93.18	20.76
95.23	86.46
98.08	86.46
101.44	84.04
104.68	56.7
105.82	56.7
105.93	56.7
109.27	74.88
111.84	74.88
112.8	74.88
113.69	65.04
114.83	65.04
116.96	65.04
117.68	45.28
119.14	45.28
122.49	45.28
123.78	70.29
126.15	70.29
126.83	70.29
127.02	71.75
127.13	71.75
129.6	66.92
131.42	66.92
132.39	66.92
134.27	94.66
137.02	94.66
140.01	94.66
143.38	22.95
143.91	22.95
147.02	22.95
147.67	45.48
150.5	45.48
152.9	50.99
153.81	41.07
154.83	49.26
156.52	10.07
159.07	10.07
160.09	94.68
162.75	94.68
163.43	94.68
163.79	8.72
166.73	8.72
169.18	8.72
170.28	83.06
171.87	83.06
174.15	83.06
177.41	17.23
179.64	17.23
180.62	17.23
183.12	67.57
186.21	44.41
188.49	53.71
190.1	53.71
193.49	25.25
195.82	25.25
199.31	25.25
202.4	6.13
204.57	12.01
205.93	12.01
207.7	12.01
209.27	42.46
210.45	60.21
211.92	10.83
213.58	10.83
214.14	10.83
214.34	38.9
215.67	38.43
217.94	38.43
218.66	84.66
219.51	84.66
221.81	84.66
224.28	71.2
225.7	71.2
228.14	47.08
229.38	47.08
231.14	47.08
234.42	70.83
237.18	70.83
238.61	36.23
238.81	11.06
239.49	11.06
242.02	11.06
244.32	81.38
247.25	81.38
249.1	81.38
250.13	1.08
