3.25	23.14
4.08	23.14
7.0	23.14
7.58	15.45
10.43	15.45
13.67	15.45
14.06	28.57
14.58	28.57
15.67	28.57
17.68	88.48
20.98	37.87
23.01	37.87
26.5	37.87
27.87	36.34
28.48	36.34
28.97	36.34
32.1	50.14
33.26	50.14
36.57	36.27
38.98	36.27
41.01	74.39
42.89	40.23
46.2	33.87
48.12	33.87
50.14	33.87
51.68	61.33
51.86	61.33
53.14	61.33
55.57	18.46
56.38	18.46
59.15	37.77
62.46	37.77
62.62	54.84
63.13	60.94
64.75	60.94
67.71	61.38
71.11	61.38
72.64	61.38
75.34	37.0
76.31	37.0
77.99	64.59
78.95	64.59
80.12	64.59
81.03	93.7
82.81	93.7
84.54	93.7
86.41	9.91
88.66	9.91
89.26	52.91
90.04	52.91
90.53	85.32
92.15	71.28
93.03	71.28
95.77	80.01
96.6	80.01
100.06	80.01
100.69	36.48
102.32	36.48
105.62	46.77
106.63	18.43
108.28	47.89
108.61	22.18
110.32	76.56
113.57	76.56
114.05	52.45
116.16	40.73
117.34	37.14
119.48	37.14
120.97	37.14
124.11	84.52
124.47	84.52
126.15	84.52
127.84	47.28
128.46	47.28
131.87	47.28
132.99	11.81
135.58	11.81
138.95	23.77
139.55	23.77
142.33	42.39
143.7	42.39
146.5	42.39
149.71	49.35
152.12	49.35
153.32	11.37
154.53	11.37
157.57	56.82
159.67	56.82
161.71	56.82
161.99	11.31
162.37	11.31
164.0	43.69
165.77	43.69
168.72	43.69
171.88	11.94
175.07	11.94
177.87	57.13
180.94	80.11
183.87	80.11
184.99	80.11
185.76	53.34
187.43	53.34
188.41	53.34
189.86	29.4
190.06	29.4
193.17	29.4
193.85	10.06
196.02	41.29
197.45	41.29
197.64	88.1
198.62	88.1
200.13	88.1
200.83	84.35
204.02	31.68
205.08	31.68
208.09	66.23
209.17	66.23
211.1	66.23
211.46	93.16
212.64	93.16
214.8	93.16
217.29	2.53
219.48	2.53
219.65	51.56
221.91	51.56
222.21	51.56
225.62	35.92
228.78	35.92
230.45	18.59
233.4	18.59
233.94	18.59
237.1	92.85
239.15	47.75
239.25	46.98
241.42	36.2
243.7	36.2
245.58	36.2
248.12	19.82
251.08	19.82
