3.0	36.81
4.54	36.81
5.24	36.81
8.33	3.42
9.13	84.58
12.17	31.63
14.56	31.63
14.96	13.04
17.45	13.04
18.89	13.04
21.48	4.03
21.72	44.17
25.12	44.17
25.55	91.86
28.62	54.66
29.4	54.66
29.53	54.66
30.4	36.44
31.34	36.44
34.64	36.44
36.38	52.18
36.87	52.18
37.78	7.28
41.21	60.23
43.59	22.31
44.8	22.31
45.01	65.11
47.32	65.11
48.12	65.11
49.16	25.01
51.87	25.01
54.67	25.01
54.78	24.13
57.84	24.13
58.79	30.08
60.21	30.08
62.2	29.55
64.53	29.55
67.25	43.32
68.3	43.32
68.46	43.32
70.92	83.94
73.79	83.94
74.48	32.83
76.47	32.83
78.15	32.83
80.57	20.45
80.96	20.45
82.33	20.45
83.33	46.38
86.36	46.38
89.28	43.22
92.36	43.22
95.71	43.22
97.47	61.82
99.8	61.82
100.59	61.82
100.88	65.5
104.05	47.39
105.63	47.39
107.89	47.39
108.3	40.87
110.28	10.99
112.13	41.59
113.65	41.59
115.7	15.03
118.92	15.03
121.62	15.03
123.25	72.4
123.45	72.4
124.31	31.78
125.39	31.78
128.29	25.81
129.82	25.81
131.67	25.81
133.51	61.41
134.19	61.41
135.02	61.41
136.05	69.1
136.38	69.1
139.5	15.94
141.22	15.94
141.64	15.94
144.12	82.72
146.26	90.03
148.13	90.03
149.68	63.12
152.95	22.03
153.62	22.03
153.96	22.03
155.8	51.07
158.08	43.44
161.43	43.44
163.42	55.68
163.73	55.68
166.27	55.68
168.81	8.46
169.77	8.46
171.73	8.46
173.53	4.44
176.82	4.44
179.33	89.03
182.42	89.03
184.4	60.52
186.73	60.52
188.67	86.42
190.49	86.42
192.43	86.42
194.12	7.1
195.69	7.1
198.83	3.74
199.91	11.64
201.82	11.64
203.19	16.61
204.32	16.61
206.96	84.05
207.22	84.05
210.43	79.18
213.42	74.72
216.57	74.72
218.97	74.72
219.72	33.58
221.56	54.42
222.95	54.42
224.96	67.75
228.05	67.75
229.91	67.75
233.4	64.23
234.79	64.23
237.4	36.67
239.92	36.67
241.21	36.67
243.92	73.57
246.19	73.57
248.34	73.57
250.21	42.93
