0.17	39.91
2.85	21.61
4.88	21.61
7.38	5.75
9.68	5.75
10.72	5.75
12.36	37.1
14.48	37.1
17.21	37.1
17.57	36.33
20.99	20.46
23.12	25.67
24.76	25.67
26.65	25.67
29.59	63.98
31.84	63.98
34.45	63.98
37.67	10.1
38.88	10.1
40.63	7.43
42.66	7.43
44.61	7.43
45.36	12.92
46.61	10.24
47.78	10.24
49.47	8.69
50.19	52.67
53.68	68.35
55.26	68.35
56.75	63.61
58.96	9.79
60.34	89.87
63.19	89.87
63.61	89.87
64.21	53.21
66.85	18.4
68.98	18.4
69.99	18.4
73.43	28.58
76.14	60.36
79.1	60.36
81.9	42.36
82.95	42.36
83.71	72.26
85.52	72.26
86.07	72.26
87.75	3.98
88.07	3.98
88.19	3.98
89.92	11.78
91.29	11.78
91.44	27.98
93.51	65.74
95.8	65.74
97.49	84.0
100.83	84.0
104.28	71.5
107.4	71.5
108.83	71.5
110.92	56.91
113.15	56.91
114.11	56.91
114.82	12.59
117.02	12.59
120.09	35.2
122.54	35.2
123.31	58.33
126.28	73.07
128.81	73.07
130.11	28.47
131.53	56.06
133.12	56.06
135.36	26.02
137.39	26.02
137.99	26.02
141.31	7.11
141.77	7.11
144.23	7.11
145.48	79.82
147.98	83.5
150.37	83.5
152.47	34.13
154.69	34.13
155.14	75.39
156.09	75.39
157.02	73.07
159.73	73.07
161.59	73.07
164.48	92.46
166.24	92.46
167.46	63.02
170.9	54.77
171.61	62.2
173.61	62.2
177.11	11.87
180.16	77.69
183.13	80.25
185.27	53.34
187.21	53.34
188.33	23.64
188.52	23.64
191.86	78.31
192.77	57.81
195.9	57.81
198.19	93.92
201.54	93.92
204.94	0.21
207.85	0.21
211.05	0.21
212.13	68.55
212.89	68.55
213.99	68.55
216.99	56.9
219.65	43.88
219.77	63.23
223.11	63.23
223.96	8.25
226.1	8.25
227.62	8.25
229.3	62.54
232.06	6.06
235.34	48.56
237.91	48.56
238.2	48.56
238.96	76.88
239.3	76.88
239.56	82.84
242.83	82.84
246.02	82.84
249.32	42.62
252.63	39.58
