1.35	84.71
1.52	84.71
2.64	84.71
2.93	49.78
4.42	49.78
5.21	94.29
5.88	11.71
6.6	11.71
7.09	51.56
9.96	51.56
11.06	94.48
12.66	94.48
14.64	67.12
17.31	67.12
20.34	67.12
23.33	94.72
25.74	94.72
28.86	94.72
29.48	86.81
30.35	86.75
33.32	63.78
35.41	63.78
36.77	6.39
39.9	30.89
40.94	70.01
41.17	70.01
44.28	70.01
47.34	23.85
49.01	23.85
49.96	39.61
50.99	39.61
53.87	93.64
55.26	93.64
57.19	93.64
58.75	31.97
61.29	31.97
61.77	37.99
62.26	37.99
63.41	68.39
66.07	68.39
67.18	68.39
70.34	92.19
70.97	92.19
71.24	51.99
72.91	88.3
73.34	39.19
75.8	39.19
79.07	39.19
81.14	75.98
82.47	75.98
85.13	62.23
87.02	62.23
87.54	62.23
90.48	41.42
92.27	33.76
92.4	33.76
93.03	33.76
94.67	81.11
96.57	81.11
98.29	15.47
101.21	15.47
102.28	38.39
104.27	38.39
106.26	81.97
109.53	81.97
112.8	61.34
114.74	61.34
116.24	61.34
117.76	23.85
118.19	23.85
120.84	29.51
121.52	41.53
124.22	81.36
125.38	81.36
128.28	81.36
129.63	32.46
132.95	17.9
133.23	17.9
133.73	17.9
134.41	35.46
134.73	35.46
135.23	19.34
137.49	19.34
140.28	25.72
141.46	25.72
144.32	25.72
145.27	71.78
147.07	49.55
147.61	49.55
149.14	49.55
149.98	68.08
153.25	68.08
155.93	31.27
158.16	31.27
160.47	66.62
161.43	62.14
164.37	62.14
165.3	75.43
168.35	75.43
170.39	89.58
172.01	89.58
173.56	89.58
174.56	19.46
175.85	19.46
179.07	64.51
181.12	25.08
181.53	25.08
184.23	25.08
185.28	12.35
187.71	12.35
188.25	5.95
190.91	5.95
193.11	5.95
196.06	37.05
199.39	37.05
202.56	37.05
202.95	36.07
203.47	36.07
205.42	42.83
208.08	42.83
209.01	73.73
209.16	51.39
211.61	15.48
214.79	15.48
214.92	15.48
215.8	93.45
216.85	93.45
220.29	93.45
221.44	94.16
224.74	94.16
225.49	22.88
225.75	22.88
226.07	22.88
226.92	3.96
229.43	3.96
230.53	2.77
232.72	2.77
234.6	2.77
237.69	45.61
240.6	45.61
243.58	45.61
243.96	4.34
244.1	30.34
244.62	30.34
247.14	84.01
249.26	84.01
252.71	55.27
