1.31	12.42
3.39	34.24
6.88	34.24
7.99	34.24
10.16	5.4
12.7	5.4
15.72	5.4
17.89	43.42
20.75	43.42
21.82	49.11
24.69	49.11
26.84	49.11
29.51	74.57
30.31	74.57
33.01	74.57
33.67	25.32
35.07	25.32
38.02	25.32
39.58	53.68
42.83	53.68
43.96	53.68
47.27	6.8
50.46	6.8
52.27	79.24
55.2	59.3
55.36	59.3
56.01	59.3
59.29	79.54
61.78	78.27
62.55	78.27
62.82	88.8
65.27	88.8
66.28	88.8
68.99	52.12
69.1	56.61
71.88	56.61
72.15	49.75
73.62	49.75
74.8	36.73
77.31	9.67
77.59	9.67
78.11	9.67
81.2	52.64
82.09	52.64
83.43	52.02
86.3	52.02
86.68	65.14
88.55	65.14
88.79	60.1
91.7	19.79
94.55	19.79
95.61	68.75
97.6	68.75
100.76	13.38
101.62	13.38
103.0	13.38
103.76	16.32
106.73	16.32
108.19	16.32
108.83	24.04
109.83	24.04
112.05	33.34
114.85	33.34
115.86	34.15
117.91	34.15
120.31	92.95
120.46	28.38
122.86	28.38
123.95	28.38
126.63	50.37
128.83	50.37
131.84	28.11
134.81	59.18
137.21	61.03
138.67	61.03
141.26	61.03
143.46	46.11
145.48	40.08
146.67	40.08
147.2	40.61
147.3	40.61
149.86	40.61
150.25	25.31
153.57	30.36
155.57	30.36
156.34	30.36
158.2	41.19
159.33	41.19
160.66	41.19
162.61	89.83
165.21	86.33
165.57	86.33
165.83	86.33
167.08	9.1
170.26	8.71
172.21	8.71
175.68	8.71
177.44	72.71
179.84	72.71
179.95	72.71
180.81	93.03
182.94	93.03
183.18	74.32
184.44	74.32
187.55	65.2
189.65	65.2
191.19	65.2
193.26	86.86
195.4	57.42
195.64	57.42
196.39	57.42
199.39	87.92
201.09	87.92
201.96	87.92
204.1	88.29
206.36	88.29
208.29	88.29
208.43	30.06
211.29	30.06
212.12	30.06
214.05	66.94
215.7	66.94
218.35	92.57
220.39	92.57
220.61	8.23
223.99	27.68
227.02	27.68
227.28	27.68
227.93	19.66
230.04	19.66
231.83	80.03
233.22	80.03
233.38	80.03
236.49	56.19
236.89	86.83
240.09	86.83
241.84	86.83
243.88	63.26
244.91	63.26
247.32	71.96
250.7	71.96
