0.41	21.33
0.98	21.33
1.5	21.33
4.03	48.31
4.23	68.76
5.08	68.76
7.82	68.76
9.23	47.59
12.4	47.59
14.41	47.59
15.81	52.33
18.58	52.33
20.82	52.33
24.31	1.48
24.71	1.48
25.43	86.9
26.61	49.3
30.02	49.3
32.29	38.77
33.72	64.69
34.08	84.55
34.46	84.55
37.56	84.89
39.73	64.07
40.04	64.07
40.81	64.07
41.6	63.33
43.03	66.9
44.22	66.9
47.25	35.69
49.02	35.69
51.15	35.69
54.38	90.56
55.51	43.14
57.38	43.14
59.28	59.98
62.66	59.98
62.78	0.72
66.03	0.72
66.66	0.72
66.84	50.92
68.53	50.92
68.89	85.8
70.02	94.29
71.24	94.29
74.13	94.29
75.97	30.17
79.31	30.17
82.52	30.17
82.7	85.97
83.21	85.97
86.2	40.51
89.11	17.47
91.72	17.47
92.15	17.47
92.49	10.96
93.04	10.96
95.56	10.96
95.91	91.47
96.22	18.47
99.08	18.47
99.53	36.16
101.39	36.16
103.01	36.16
105.94	50.42
106.37	50.42
109.42	13.61
110.82	13.61
113.97	67.2
115.7	67.2
118.6	38.22
120.55	38.22
123.46	38.22
126.78	71.22
128.48	6.08
130.93	6.08
132.66	30.86
134.56	30.86
134.89	30.86
137.52	28.12
138.41	28.12
141.1	47.0
142.42	47.0
143.32	90.81
145.04	90.81
145.97	18.88
149.11	35.66
151.03	35.66
153.41	35.66
154.48	83.76
157.61	83.76
159.27	83.76
160.76	10.65
163.81	75.84
164.53	75.84
166.72	75.84
167.73	30.0
170.79	30.0
173.15	30.0
173.55	50.12
175.85	50.12
177.66	48.58
177.85	48.58
180.81	44.35
182.44	44.35
182.91	32.42
183.6	92.77
185.35	92.77
188.75	92.77
190.75	24.83
194.13	24.83
196.77	78.2
198.31	78.2
199.89	78.2
202.13	0.47
203.79	0.47
204.33	0.47
205.91	31.12
207.75	31.12
207.91	79.23
211.03	46.59
214.06	46.59
216.52	90.06
218.2	90.06
219.81	90.06
222.58	82.35
225.12	82.35
226.2	82.35
227.17	78.14
228.34	21.36
230.57	21.36
231.59	61.52
233.67	61.52
234.76	54.38
237.61	54.38
240.24	50.18
241.31	57.94
244.17	57.94
245.03	57.94
246.43	37.89
249.69	44.04
252.09	44.04
