2.36	74.41
5.84	74.41
6.63	5.88
8.29	90.22
9.84	86.48
12.23	90.14
13.73	90.14
14.63	90.14
15.79	61.69
18.39	61.69
20.14	61.69
23.43	77.06
25.15	68.09
26.86	68.09
28.06	33.53
29.14	33.53
30.76	33.53
33.77	37.16
37.23	37.16
39.31	37.16
40.83	22.05
41.73	2.25
41.99	28.53
42.89	65.38
44.06	6.03
45.33	44.69
46.9	44.69
50.03	44.69
52.78	48.15
55.13	48.15
56.17	48.15
59.45	62.45
62.28	62.45
64.93	26.93
66.01	26.93
66.69	26.93
69.98	27.05
71.33	27.05
72.74	27.05
73.71	14.06
74.86	32.2
76.18	32.2
76.95	32.2
80.08	37.56
82.2	0.9
82.81	60.81
84.32	60.81
84.8	92.31
85.15	92.31
88.06	92.31
90.01	68.58
92.58	68.58
93.13	68.58
94.77	2.16
97.83	77.99
100.26	14.0
102.0	14.0
105.48	27.04
107.36	22.78
107.58	22.78
108.88	22.78
110.09	73.47
112.46	73.47
113.18	70.46
116.24	70.46
119.24	70.46
120.13	8.24
122.16	8.24
124.55	8.24
127.58	40.23
128.94	40.23
130.88	5.16
132.64	5.16
135.13	60.18
135.83	70.74
136.46	55.56
139.63	55.56
140.73	37.06
143.32	37.06
146.48	37.06
148.91	66.03
149.35	51.79
150.75	76.24
151.18	71.06
152.7	71.06
152.98	31.79
154.76	31.79
155.35	85.31
158.3	85.31
161.0	69.38
161.98	69.38
164.77	86.81
166.47	86.81
167.87	62.48
171.19	5.9
172.17	5.9
175.23	6.9
175.69	6.9
176.34	59.0
179.3	59.0
179.9	62.4
180.93	21.95
183.04	21.95
184.85	21.95
187.69	66.58
189.63	66.58
191.77	91.31
194.18	19.96
196.39	19.96
199.12	19.96
200.82	81.77
201.99	81.77
205.33	80.08
206.45	80.08
207.2	73.28
207.75	88.09
209.68	88.09
211.54	88.09
214.59	52.0
215.87	52.0
216.88	52.0
220.26	67.86
220.82	67.86
223.7	81.77
224.43	81.77
226.45	81.77
229.35	44.81
231.11	53.35
231.22	53.35
233.24	34.74
234.01	34.74
237.51	53.17
239.64	25.65
240.69	17.45
242.48	17.45
245.66	17.45
245.81	92.79
247.74	57.45
248.37	57.45
249.99	57.45
250.24	37.51
