2.05	71.36
3.98	3.75
5.93	64.74
6.89	64.74
8.03	64.74
10.64	80.57
12.87	79.52
15.27	47.07
16.1	29.0
18.77	51.92
19.21	51.92
19.34	5.47
19.8	1.4
22.33	91.78
25.71	91.78
28.83	91.78
29.74	64.87
30.1	35.18
32.22	35.18
35.2	35.18
36.09	3.49
38.58	35.42
40.51	35.42
41.52	35.42
43.08	14.48
44.11	14.48
46.04	14.48
48.44	63.28
50.14	63.28
53.03	63.28
55.13	16.29
56.36	16.29
59.42	16.29
59.95	78.39
61.95	78.39
64.47	14.23
65.08	14.55
65.46	14.55
66.35	14.55
66.59	38.29
67.2	3.9
69.17	3.9
70.31	3.9
71.46	69.0
74.47	69.0
76.89	69.0
77.67	58.99
80.96	91.72
81.21	91.72
84.68	87.6
85.04	87.6
88.09	87.21
90.88	87.21
92.23	81.4
95.59	81.4
97.52	81.4
98.48	86.44
101.08	46.14
103.46	60.54
105.8	60.54
109.15	37.45
110.72	37.45
111.64	37.45
113.19	54.2
113.78	54.2
114.83	54.2
115.77	79.52
117.49	79.52
118.36	79.52
120.81	63.42
121.4	63.42
122.76	63.42
125.21	87.44
126.72	87.44
126.95	87.44
127.85	45.27
130.55	45.27
131.03	45.27
133.48	56.13
134.13	56.13
136.2	56.13
136.95	11.33
140.15	11.33
141.87	42.84
144.62	43.93
147.83	43.93
148.89	43.93
152.14	25.54
152.47	80.31
153.46	80.31
154.03	80.31
155.0	93.65
157.12	93.65
159.89	93.65
162.08	27.92
164.52	78.12
165.83	13.27
168.75	13.27
171.79	31.26
172.85	31.26
176.13	7.8
178.26	7.8
179.96	7.8
180.65	48.41
183.83	48.41
187.31	48.41
188.47	12.63
190.88	59.87
191.82	59.87
193.29	89.67
193.77	89.67
196.35	89.67
197.55	77.46
199.94	77.46
202.23	36.3
203.78	6.65
204.0	6.65
205.86	4.42
207.94	4.42
210.86	4.42
212.43	53.06
212.74	5.03
214.36	5.03
214.71	7.66
217.84	2.47
218.72	2.47
221.76	2.47
225.21	66.86
228.11	66.86
231.23	66.86
233.24	45.73
234.53	5.52
235.16	5.52
235.62	30.6
239.06	30.6
242.54	91.1
244.9	91.1
247.04	91.1
248.99	41.22
251.31	29.93
