0.61	51.91
1.77	51.91
2.32	82.51
3.69	72.57
5.09	68.43
5.23	80.02
7.54	80.02
7.91	57.99
8.72	57.99
11.66	48.37
13.28	60.89
14.59	50.25
17.76	50.25
18.45	50.25
19.33	21.4
19.53	21.4
21.66	90.94
24.04	90.94
25.32	90.94
28.2	66.41
28.79	66.41
31.96	66.41
34.9	13.7
36.75	33.89
40.22	37.78
43.64	37.78
45.78	37.78
48.41	74.94
50.28	74.94
53.4	74.94
53.79	53.88
56.66	53.88
58.54	53.88
60.94	84.9
61.2	84.9
62.77	35.06
63.42	35.06
65.83	35.06
68.64	59.26
68.8	94.97
70.0	13.92
71.65	28.02
72.56	28.02
74.27	28.02
74.49	43.38
77.57	43.38
80.39	43.38
83.23	3.92
84.66	3.92
85.03	3.92
85.74	30.12
88.91	30.12
90.6	11.73
90.8	11.73
92.9	18.11
93.67	18.11
96.22	32.59
97.0	32.59
98.05	50.17
98.48	20.96
99.24	55.37
99.76	55.37
102.73	10.52
105.61	10.52
107.11	10.52
107.95	27.95
110.21	27.95
112.24	27.95
113.74	24.6
116.86	24.6
117.67	90.8
119.06	90.8
120.77	71.1
121.71	71.1
124.87	4.5
127.41	4.5
130.69	4.28
131.62	90.52
132.82	69.48
133.5	83.75
134.78	83.75
135.38	83.75
137.82	53.18
138.55	53.18
139.37	17.85
142.47	70.75
143.33	70.75
146.81	70.94
148.13	70.94
149.53	70.94
151.52	62.44
154.48	93.31
155.28	63.15
156.56	32.71
159.27	87.49
160.31	79.64
161.16	38.02
161.84	38.02
162.44	10.52
164.64	87.18
166.71	87.18
167.29	87.18
170.41	94.91
173.17	94.91
176.32	94.91
177.82	74.93
178.32	74.93
180.33	74.93
180.72	37.64
184.15	37.64
186.76	59.79
189.15	59.79
190.61	59.79
193.86	87.19
196.46	87.19
197.18	87.19
200.58	65.39
202.66	65.39
205.32	65.39
207.02	77.12
209.5	77.12
211.82	77.12
213.58	28.99
216.29	28.99
218.9	28.99
219.39	78.66
221.92	78.66
223.92	78.66
224.84	66.55
226.19	66.55
227.9	57.49
231.08	57.49
234.39	31.72
235.01	31.72
236.0	56.27
239.21	16.87
242.45	16.87
243.16	16.87
245.2	83.69
248.04	23.35
250.67	23.35
