1.4	78.13
2.09	78.13
3.36	78.13
5.84	29.06
6.26	48.76
8.26	48.76
9.5	48.76
11.97	88.46
13.12	80.12
15.04	80.12
15.57	80.12
15.96	11.42
19.32	11.42
22.38	83.91
22.64	83.91
25.82	83.91
26.06	44.41
28.44	2.48
30.12	21.83
30.49	49.71
33.07	49.71
34.96	79.31
38.09	79.31
38.77	79.31
40.27	36.1
40.46	36.1
43.27	36.1
43.61	66.64
45.41	66.64
47.95	59.55
48.69	76.81
51.59	76.81
51.91	76.81
54.5	5.66
54.86	5.66
56.34	5.66
59.22	85.24
60.71	85.24
62.42	87.6
65.39	87.6
65.91	87.6
69.33	23.0
70.67	23.0
73.62	23.0
75.92	13.73
76.55	54.78
78.3	77.34
79.0	77.34
82.33	53.56
84.55	3.85
86.13	89.69
87.49	55.25
90.35	55.25
92.75	55.25
94.61	6.23
96.86	6.23
97.29	6.17
100.1	6.17
101.7	6.17
103.78	77.64
104.27	77.64
105.14	46.96
108.04	46.96
110.13	46.96
112.91	89.57
115.14	22.64
117.62	22.64
120.77	73.76
121.84	73.76
123.33	73.76
125.67	54.45
126.62	35.01
128.3	35.01
128.64	35.01
131.4	16.79
134.63	16.79
135.84	32.39
138.69	32.39
139.48	72.45
141.41	72.45
143.47	72.45
146.6	74.31
146.83	61.5
148.98	61.5
152.38	61.5
153.6	63.28
154.19	48.85
156.09	48.85
157.87	48.85
160.19	81.98
160.46	44.27
163.2	44.27
166.36	44.27
167.45	41.43
167.83	41.43
170.23	41.43
172.67	58.89
175.03	58.89
175.19	58.89
177.15	56.22
177.61	56.22
178.01	56.22
181.19	62.84
182.05	62.84
184.65	62.84
185.32	16.19
188.3	29.41
189.52	29.41
192.61	41.38
195.79	41.38
196.16	79.71
198.46	79.71
200.16	79.71
201.66	25.52
201.77	25.52
202.24	36.44
203.57	22.56
205.12	22.56
205.26	22.56
206.47	29.3
208.23	29.3
209.29	15.13
212.6	37.38
213.4	68.23
215.03	68.23
215.76	45.56
217.07	45.56
218.55	69.94
218.7	69.94
222.17	69.94
224.94	89.75
227.07	89.75
230.23	89.75
232.11	94.61
233.86	94.61
236.04	72.35
236.39	51.41
238.73	44.31
239.76	44.31
242.51	44.31
245.5	24.18
246.9	24.18
249.65	24.18
253.12	87.37
