2.8	22.52
3.32	22.52
5.25	70.08
6.47	56.21
9.96	56.21
11.51	77.69
14.23	77.69
15.19	86.12
15.5	84.44
15.72	84.44
16.31	11.39
16.49	50.65
17.28	26.5
20.18	26.5
22.7	26.5
26.03	32.16
29.32	32.16
29.52	23.76
30.41	89.98
31.94	40.09
32.63	40.09
33.54	40.09
33.8	63.91
35.74	63.91
39.14	63.91
39.5	37.06
42.56	37.24
44.45	82.47
47.85	82.47
50.95	82.47
52.05	50.64
55.01	50.64
56.33	73.47
58.3	73.47
60.79	44.74
62.54	44.74
65.94	44.74
68.67	43.34
71.94	43.34
73.75	43.34
75.82	7.13
77.83	7.13
79.02	7.13
82.22	54.5
83.22	51.54
86.25	84.81
87.09	84.81
88.58	84.81
89.38	87.68
91.51	87.68
94.42	87.68
95.46	3.18
96.36	3.18
99.14	3.18
102.19	30.21
102.84	63.39
103.12	63.39
104.13	16.77
105.82	16.77
107.05	16.77
108.27	16.71
109.83	16.71
111.34	16.71
111.72	75.0
114.35	75.0
115.48	80.32
117.56	79.87
118.54	76.79
119.6	5.68
120.33	6.55
122.56	6.55
125.77	11.87
127.72	42.74
128.01	42.74
129.07	1.27
131.7	41.37
133.87	41.37
134.69	91.38
134.84	66.94
136.15	65.34
138.52	65.34
140.81	82.69
141.89	82.69
143.52	88.8
143.65	59.93
146.54	59.93
148.06	59.93
150.64	11.18
153.82	94.03
156.46	9.05
158.23	9.05
160.71	9.05
163.46	67.56
164.51	45.8
165.48	45.8
167.46	45.8
167.6	90.54
167.87	7.7
170.53	7.7
172.95	7.7
174.89	92.66
175.97	92.66
178.89	92.66
179.51	21.42
179.91	21.42
181.47	15.66
182.8	15.66
183.66	45.42
185.33	45.42
187.91	45.42
190.05	93.91
190.59	93.91
191.14	93.91
192.46	77.35
194.86	77.35
195.33	11.28
197.63	37.49
198.9	37.49
201.25	37.49
202.15	14.13
205.28	14.13
205.63	14.13
205.83	52.13
206.24	52.13
207.71	52.13
209.15	13.31
212.48	13.31
213.9	13.31
215.97	37.36
219.22	37.36
221.51	37.36
221.99	13.69
224.55	13.69
225.16	13.69
227.71	4.46
230.24	82.11
230.84	82.11
231.95	82.11
234.37	8.79
235.4	8.79
236.24	8.79
236.83	85.3
240.31	25.48
241.47	25.48
243.88	6.55
244.75	6.55
245.51	6.55
247.75	28.57
248.1	78.29
248.9	78.29
251.86	62.53
