3.37	91.17
4.51	91.17
5.52	25.7
5.63	22.23
7.0	22.23
7.88	16.15
11.14	16.15
12.28	16.15
12.97	54.44
15.36	54.44
15.97	54.44
19.45	39.87
20.25	50.63
23.49	50.63
24.34	50.63
26.46	67.25
29.72	76.26
32.46	76.26
34.19	76.26
35.81	45.79
37.28	45.79
39.32	45.79
41.8	16.29
43.57	16.29
45.01	16.29
45.69	74.95
48.39	74.95
51.23	74.95
52.14	56.25
52.31	56.25
53.47	56.25
56.45	46.18
57.24	20.72
58.15	49.31
60.88	49.31
63.49	49.31
65.07	0.52
68.08	0.52
69.7	57.47
73.0	57.47
75.0	58.37
78.03	78.83
81.36	78.83
83.7	78.83
86.28	46.79
86.48	79.4
88.51	79.4
91.31	27.86
94.67	27.86
97.53	33.29
98.68	33.29
99.68	34.47
100.44	55.9
100.77	55.9
102.56	26.54
102.92	45.51
104.86	83.37
107.5	83.37
108.54	83.37
111.7	4.04
112.11	4.04
112.85	1.9
114.52	1.9
117.81	1.9
120.69	82.05
123.07	15.09
124.91	67.19
125.39	67.19
125.71	67.19
127.41	59.53
129.69	59.53
131.33	59.53
134.36	59.39
135.37	12.73
136.24	84.9
138.43	89.85
140.49	12.58
143.23	18.64
146.43	26.02
149.75	26.02
152.3	83.34
153.09	5.04
155.54	5.04
156.48	5.04
156.82	71.43
157.64	20.51
158.45	20.51
160.57	44.29
161.64	44.29
164.81	44.72
167.33	44.72
170.12	44.72
171.99	26.97
172.59	26.97
172.92	26.97
176.22	45.38
179.44	45.38
181.78	45.38
185.18	4.89
187.98	6.26
188.58	6.26
189.16	54.38
191.56	54.38
194.49	6.17
195.35	6.17
196.34	5.12
199.21	5.12
201.2	83.34
204.54	83.34
207.28	83.34
209.29	89.25
211.15	71.22
211.46	71.22
212.9	34.36
214.52	34.36
216.37	34.36
216.72	33.93
216.91	33.93
217.85	33.93
218.15	81.34
220.98	10.21
222.15	81.73
223.29	81.73
224.51	81.73
225.48	18.31
225.94	18.31
228.57	85.02
231.94	85.02
232.32	85.02
233.02	38.92
234.87	72.28
237.27	72.28
238.02	81.89
241.41	81.89
243.91	81.89
246.27	76.06
248.4	14.89
250.41	14.89
