1.92	33.7
4.36	33.7
4.57	33.95
4.73	33.95
8.1	23.9
8.43	21.18
11.36	81.78
11.72	81.78
13.78	67.26
15.92	67.26
19.25	94.67
21.23	73.78
24.16	37.78
25.83	3.43
28.54	3.43
31.77	71.65
33.22	71.65
36.67	71.65
37.17	82.02
40.36	7.56
43.59	77.29
45.56	32.57
47.73	35.74
50.86	35.74
51.59	26.56
52.01	26.56
52.97	24.91
55.96	24.91
56.89	60.51
59.95	32.14
62.99	92.48
63.44	92.48
64.69	20.68
66.05	51.63
68.37	51.63
71.71	51.63
72.47	56.47
75.27	56.47
76.46	56.47
78.03	16.37
78.25	16.37
78.44	16.37
80.49	24.72
83.95	24.72
85.76	15.71
86.33	15.71
88.05	29.34
90.42	57.15
92.98	57.15
94.78	57.15
95.37	32.19
96.62	32.19
97.08	32.19
98.58	44.9
101.26	44.9
101.48	59.3
104.65	59.3
105.69	59.3
108.95	38.58
109.72	38.58
110.25	70.51
111.52	70.51
114.2	70.51
114.76	45.17
117.41	45.17
117.59	45.17
117.95	60.5
119.01	60.5
120.18	68.43
120.85	68.43
121.95	68.43
122.7	65.69
123.3	65.69
124.69	65.69
126.47	13.99
128.02	13.99
129.91	13.99
131.43	83.03
132.45	83.03
134.37	30.67
137.66	30.67
137.8	72.17
138.79	72.17
141.12	72.17
144.09	28.95
145.99	28.95
146.98	28.95
148.88	84.78
150.08	84.78
152.03	84.78
154.73	38.22
155.71	38.22
157.81	93.66
160.96	26.78
163.79	26.78
166.7	26.78
168.58	25.34
169.89	25.34
170.05	46.11
172.46	46.11
174.59	46.11
177.17	76.92
180.43	76.92
182.48	76.92
183.63	80.05
185.31	80.05
188.24	80.05
190.1	6.66
191.59	33.18
191.82	33.18
193.86	30.29
197.06	30.29
197.2	85.43
200.08	85.43
201.63	2.34
203.83	2.34
204.11	2.34
204.6	38.49
206.83	38.49
208.9	36.11
212.06	36.11
214.13	36.11
215.25	9.52
217.51	9.52
217.65	9.52
219.69	44.7
220.12	44.7
221.75	44.7
222.95	83.29
226.18	83.29
227.86	83.29
229.15	30.51
232.63	30.51
233.85	30.51
236.09	63.73
236.59	63.73
237.25	63.73
238.58	19.24
240.27	19.24
243.08	51.02
246.32	42.96
248.03	42.96
248.99	42.96
251.27	68.55
