0.83	36.52
3.25	74.31
5.24	12.82
6.12	69.45
6.96	69.45
10.46	69.45
12.2	46.32
13.29	48.61
15.93	86.03
17.02	86.03
19.34	74.27
19.88	74.27
21.67	74.27
23.98	75.51
25.2	75.51
26.55	75.51
27.07	7.89
27.69	19.91
29.83	19.91
30.07	19.91
32.61	22.12
32.99	22.12
33.56	58.14
36.66	58.14
37.79	58.14
40.36	24.05
41.19	60.63
44.67	65.34
47.42	37.36
49.55	38.47
52.84	38.47
53.68	21.71
56.25	21.71
56.63	21.71
58.35	44.1
61.44	44.1
64.17	44.1
66.0	5.34
69.16	5.34
71.7	5.34
74.64	93.05
77.0	93.05
79.19	93.05
79.33	10.83
79.96	10.83
82.78	10.83
83.09	27.16
86.23	66.09
86.95	57.76
87.29	75.59
89.34	75.59
92.74	67.14
93.06	67.14
96.32	24.25
96.97	19.76
100.03	19.76
100.32	19.76
102.17	75.23
103.65	75.23
104.23	81.3
106.01	81.3
109.0	81.3
110.08	19.65
112.89	19.65
115.51	19.65
117.87	88.39
120.73	88.39
122.44	61.12
125.01	61.12
126.52	61.12
128.59	67.12
131.15	67.12
134.5	67.12
136.99	24.2
137.13	75.17
139.01	88.3
142.48	55.6
145.43	74.34
147.92	74.34
150.18	74.34
153.48	77.89
154.77	77.89
156.31	67.37
157.53	89.57
159.44	89.57
162.08	67.2
163.74	67.2
167.19	22.46
167.64	22.46
168.96	22.46
171.49	38.87
172.58	86.1
174.71	86.1
177.13	46.47
178.32	46.47
181.3	46.47
181.68	33.06
183.37	33.06
185.26	33.06
186.2	89.48
188.53	30.83
190.89	30.83
191.87	53.55
192.21	53.55
194.22	53.55
196.23	53.26
198.06	5.1
201.36	5.1
201.95	82.5
204.12	82.5
204.35	82.5
206.02	1.9
209.35	1.9
209.51	1.9
211.02	91.07
214.26	91.07
215.71	91.07
216.3	2.46
217.05	2.46
218.91	67.01
221.41	67.01
221.52	83.09
224.55	83.09
224.87	83.09
226.81	50.4
230.02	29.07
231.6	29.07
232.68	46.54
234.79	46.54
234.94	34.09
238.2	34.09
239.67	83.82
242.84	83.82
244.8	83.82
246.66	17.86
247.44	17.86
250.25	87.38
