1.22	92.82
2.14	92.82
4.46	42.95
6.69	42.95
10.14	42.95
10.61	92.17
10.83	92.17
14.01	92.17
16.52	10.52
17.87	10.52
20.73	10.52
21.12	22.27
24.09	6.8
26.03	6.8
26.65	6.8
27.5	85.95
30.17	85.95
31.05	85.95
32.35	87.49
33.07	87.49
36.47	70.58
37.6	70.58
38.08	12.09
41.39	74.02
44.72	74.02
46.63	29.65
46.87	75.58
48.16	75.58
50.15	75.58
52.12	14.91
54.79	37.96
56.64	3.42
58.72	3.42
60.91	85.97
63.17	21.03
64.42	21.03
64.74	19.35
67.77	19.35
69.11	4.17
69.9	4.17
72.61	23.38
74.9	51.73
75.49	51.73
77.02	70.59
78.02	4.54
78.6	4.54
80.72	4.54
83.58	11.37
84.92	11.37
86.66	28.15
89.28	28.15
91.94	30.91
95.2	30.91
98.1	44.92
101.53	44.92
104.6	44.92
106.12	94.11
108.03	61.26
109.33	61.26
111.17	23.74
114.03	23.74
116.79	23.74
119.56	88.5
121.07	88.5
124.11	28.45
126.61	28.45
126.75	93.37
130.1	93.37
133.57	79.94
135.88	79.94
137.48	72.3
138.61	72.3
141.51	72.3
143.75	43.41
145.02	40.64
147.41	5.65
149.5	42.11
152.58	62.0
153.12	62.0
154.69	62.0
155.77	80.64
156.45	80.64
158.2	87.26
158.49	87.26
158.92	87.26
159.3	33.23
161.71	33.23
163.55	86.29
166.24	86.29
168.76	86.29
171.59	53.94
174.59	53.94
176.6	94.97
180.01	94.97
182.69	43.32
184.29	43.32
185.27	43.32
187.22	63.89
188.82	63.89
190.2	63.89
190.48	2.71
192.09	2.71
195.33	78.99
197.04	78.99
197.8	78.99
200.15	74.14
202.78	4.77
205.96	27.43
208.59	27.43
211.67	78.86
214.33	73.38
216.74	73.38
217.95	73.38
220.98	45.56
224.36	45.56
225.57	33.16
226.25	43.6
228.3	43.6
229.77	78.49
232.08	78.49
233.64	52.55
236.47	52.55
239.28	73.12
239.7	73.12
240.35	75.29
242.84	75.29
244.96	75.29
246.99	63.91
248.32	63.99
250.77	63.99
