3.19	2.45
6.44	61.6
8.69	43.58
10.44	28.03
13.61	28.03
14.93	28.03
15.06	64.81
15.9	64.81
18.06	64.81
20.36	4.49
20.9	4.49
23.59	4.49
26.19	23.08
27.54	51.31
28.79	51.31
32.11	51.31
32.88	51.29
35.58	51.29
38.65	51.29
40.77	15.14
43.96	15.14
45.46	15.14
45.79	18.82
47.43	18.82
48.82	85.57
51.64	50.6
54.48	67.8
55.21	67.8
58.24	67.8
58.86	49.21
61.81	49.21
63.69	25.02
65.87	25.02
68.52	25.02
70.02	50.61
70.88	50.61
71.88	62.89
74.33	62.89
76.16	67.01
79.18	9.02
79.48	76.39
82.07	76.39
84.36	76.39
87.39	89.86
90.37	73.21
93.41	73.09
96.02	73.09
96.18	89.34
98.52	91.23
99.72	62.75
102.06	62.75
104.59	87.38
106.78	87.38
109.0	87.38
109.76	55.27
112.68	55.27
112.98	23.52
115.64	92.62
119.13	69.61
121.74	35.79
123.74	35.79
124.87	85.53
126.25	85.53
126.7	78.94
126.88	78.94
128.11	78.94
129.26	6.95
130.94	6.95
131.63	52.81
133.64	69.82
136.53	80.4
138.74	80.4
139.73	80.4
142.16	24.9
144.34	24.9
146.32	24.9
147.25	35.21
148.86	35.21
149.2	73.0
151.61	73.0
152.98	43.23
154.2	92.58
154.66	6.56
155.1	7.25
157.43	7.25
159.91	7.25
162.56	30.31
163.87	30.84
165.08	30.84
165.41	30.84
167.86	24.64
171.02	24.64
173.46	24.64
175.98	94.76
178.36	78.11
179.13	68.65
181.93	17.21
183.8	17.21
185.85	17.21
186.81	29.95
189.86	68.75
191.74	68.75
194.57	72.48
196.14	72.48
199.18	72.48
201.76	59.03
205.02	59.03
205.42	59.03
208.48	32.16
210.73	73.15
212.77	67.02
215.9	78.83
219.31	18.16
221.22	18.16
221.91	90.68
223.02	90.68
224.69	90.68
227.5	28.49
230.63	2.53
232.48	21.96
233.78	21.96
234.29	1.16
234.64	1.16
237.21	1.16
238.39	66.9
241.57	10.42
242.92	82.94
245.05	82.94
246.81	82.94
249.25	14.7
250.42	14.7
