1.26	81.89
3.02	60.86
5.47	60.86
7.64	60.86
10.86	29.61
11.62	51.72
14.04	51.72
14.36	19.4
14.78	19.4
15.49	81.81
16.51	63.77
18.81	55.32
20.79	55.32
21.02	74.04
23.55	74.04
24.81	74.04
26.64	89.15
30.05	89.15
30.58	89.15
32.94	58.03
35.45	58.03
38.59	90.68
39.87	71.89
41.01	22.55
42.93	22.55
43.87	27.47
46.18	27.47
48.31	30.22
50.29	15.18
51.53	35.48
51.97	60.4
53.56	60.4
55.99	60.4
57.97	49.72
58.6	49.72
59.57	37.82
60.8	37.82
62.26	65.93
65.51	65.93
68.1	11.89
70.39	11.89
70.75	8.27
71.11	8.27
73.31	8.27
75.15	14.56
76.49	60.75
78.78	29.79
79.61	29.79
81.86	29.79
83.99	70.67
84.12	36.86
85.57	36.86
86.31	36.86
87.46	70.93
87.75	69.14
89.63	50.25
92.23	50.25
94.5	35.03
97.11	35.03
99.17	35.03
100.48	13.77
101.74	13.77
104.21	13.77
104.46	38.53
107.74	88.9
111.21	88.9
112.94	80.24
113.22	25.75
114.9	25.75
117.97	49.22
118.95	49.22
119.19	5.92
121.8	5.92
121.98	62.94
123.92	49.41
125.25	70.5
126.74	70.5
127.66	70.5
130.63	56.96
132.99	56.96
136.03	56.96
137.54	53.04
141.01	53.04
142.48	53.04
144.71	0.2
146.68	0.2
149.31	16.3
151.17	16.3
154.42	16.3
155.34	1.16
157.59	30.24
158.65	28.27
160.44	28.27
162.59	76.07
165.46	57.25
168.11	57.25
170.22	57.25
173.64	66.1
176.77	66.1
178.21	66.1
180.99	92.07
183.94	92.07
186.7	8.48
189.83	4.74
191.5	20.26
194.19	20.26
195.28	49.92
196.62	49.92
198.31	49.92
199.46	42.39
200.07	42.39
200.44	71.81
200.81	71.81
201.02	55.61
204.3	85.49
207.22	85.49
208.37	85.49
211.17	69.4
214.59	69.4
216.48	23.17
218.53	70.45
221.11	70.45
223.12	70.45
225.66	19.37
226.78	59.87
228.15	59.87
229.29	41.92
232.65	79.57
233.85	82.67
235.29	82.67
236.87	82.67
240.3	85.48
242.4	85.48
243.03	5.39
245.91	5.39
247.34	5.39
247.87	17.29
248.14	5.63
251.21	5.63
