2.03	84.39
5.22	84.39
7.35	8.85
10.68	8.85
11.81	8.85
15.08	66.09
16.67	66.09
17.62	66.09
20.69	9.61
21.95	9.61
23.6	94.37
24.88	94.37
27.52	60.07
29.83	60.07
32.32	52.44
32.89	0.42
36.17	0.42
38.28	31.58
40.42	31.58
42.77	31.58
44.25	71.71
46.58	71.71
48.86	65.7
49.75	43.4
51.57	43.4
54.43	43.4
54.81	19.78
55.87	19.78
59.04	75.25
61.15	75.25
62.58	25.62
63.37	25.62
65.2	25.62
67.66	86.37
68.32	86.37
68.51	86.37
70.33	81.41
71.76	12.1
75.04	12.1
78.12	75.95
81.29	75.95
84.18	78.64
86.41	78.64
87.7	78.64
91.03	68.39
93.07	54.02
96.05	54.02
96.65	16.82
99.2	16.82
100.68	84.77
102.44	50.75
105.52	50.75
107.97	50.75
108.37	82.74
109.79	82.74
111.1	82.74
114.47	58.55
115.11	27.81
116.76	14.89
117.33	14.89
120.08	14.89
121.78	33.83
122.74	33.83
123.4	33.83
126.47	25.91
129.75	25.91
133.18	25.91
134.92	21.6
136.09	21.6
137.3	21.6
139.47	41.63
142.04	82.61
143.1	82.61
146.2	82.61
148.14	53.68
148.55	53.68
151.44	6.95
154.25	6.95
155.07	89.17
157.37	89.17
160.64	60.07
162.84	60.07
164.54	26.52
166.42	26.52
169.19	26.52
172.62	18.39
173.87	18.39
176.82	18.39
177.83	92.23
179.88	92.23
182.26	85.33
184.48	61.7
186.65	61.7
186.87	61.7
188.01	3.23
190.73	85.31
191.75	1.69
192.42	1.69
194.96	1.69
197.76	29.07
199.7	29.07
202.6	29.07
204.26	40.64
207.46	22.92
208.81	22.92
211.79	22.92
215.06	64.94
215.78	64.94
216.14	81.0
217.63	81.0
218.17	81.0
218.8	81.64
222.18	91.37
225.32	91.37
228.8	85.85
231.17	85.85
233.38	65.39
234.87	6.11
237.7	6.11
238.83	6.11
240.38	72.51
241.42	72.51
242.9	67.5
243.71	67.5
245.84	5.17
247.68	5.17
250.97	5.17
