2.39	13.42
2.76	13.42
3.6	13.42
5.36	76.65
6.93	76.65
9.01	30.04
10.85	43.23
12.02	51.28
15.39	51.28
18.11	3.68
19.15	3.68
21.78	7.06
22.22	62.5
22.73	14.26
23.24	14.26
26.04	33.12
28.46	33.12
29.09	12.97
31.64	12.97
31.91	12.97
33.04	44.26
35.91	28.93
36.49	28.93
37.69	28.93
41.11	76.19
42.31	76.19
44.38	25.71
46.88	27.29
47.47	15.73
50.48	21.14
52.14	92.49
54.33	92.49
54.65	42.95
56.13	33.57
57.93	33.57
58.18	33.57
60.4	91.82
63.62	91.82
65.8	91.82
67.27	43.49
69.41	43.49
72.0	42.12
73.75	42.12
76.38	41.03
78.3	41.03
79.86	41.03
81.32	12.08
84.34	12.08
85.35	50.15
88.06	21.76
90.7	6.51
93.96	34.26
95.78	8.23
96.88	8.23
97.61	3.38
99.58	40.38
99.7	40.38
100.99	40.38
103.08	4.27
104.96	81.7
106.5	81.7
107.95	45.89
110.99	52.19
113.5	52.19
113.86	52.19
115.64	41.58
117.12	79.26
118.15	79.26
119.28	56.81
122.06	56.81
122.73	56.81
123.03	45.45
126.21	45.45
128.53	76.16
129.55	76.16
130.12	2.33
131.53	85.68
133.13	86.18
133.69	86.18
136.61	62.29
138.13	62.29
139.73	62.26
140.87	62.26
143.39	43.37
145.82	43.37
148.34	43.37
151.09	54.81
151.67	54.81
153.77	14.71
156.89	14.71
160.03	14.71
163.11	23.9
165.24	23.9
165.58	30.03
168.25	8.31
171.68	28.31
173.99	28.31
177.15	51.42
179.48	94.06
181.56	7.04
184.36	40.72
187.48	40.72
190.24	40.72
191.29	71.51
191.87	71.51
194.79	39.44
196.05	39.44
196.37	39.44
198.02	4.88
199.88	4.88
202.3	4.88
205.73	57.59
209.21	57.59
210.05	57.59
210.18	52.82
212.26	42.25
215.31	42.25
218.78	52.7
221.18	52.7
222.97	52.7
224.53	81.85
226.48	81.85
228.28	51.19
230.33	3.78
232.57	3.78
233.62	3.78
233.82	49.68
236.81	69.83
239.96	69.83
242.25	69.83
242.39	28.36
243.44	28.36
244.22	67.66
246.61	67.66
249.56	78.26
252.7	78.26
