0.61	81.75
2.36	81.75
3.97	81.75
5.86	52.44
6.22	52.44
8.39	52.44
8.55	88.12
9.07	40.92
10.87	40.92
12.75	61.31
14.17	61.31
15.95	64.07
16.63	64.07
18.15	64.07
21.01	41.13
22.17	41.13
23.56	45.78
25.81	74.24
26.29	74.24
26.66	74.24
27.67	53.69
27.78	44.42
29.46	44.42
31.22	89.89
32.38	50.89
34.42	50.89
35.49	50.89
35.99	51.57
36.77	51.57
36.97	51.57
39.06	68.2
41.77	68.2
42.9	2.65
44.38	32.92
46.84	32.92
48.91	32.92
50.22	67.91
50.5	67.91
53.54	67.91
56.58	54.19
59.95	69.34
60.84	69.34
62.99	17.41
63.7	17.41
64.84	17.41
65.75	81.93
67.28	6.56
70.1	51.56
70.97	51.56
73.96	79.55
76.61	84.89
79.58	84.89
80.43	84.89
80.9	70.64
83.69	70.64
85.25	87.7
88.19	87.7
89.6	32.63
92.95	32.63
93.74	32.63
95.38	7.36
97.05	68.24
99.91	68.24
101.31	41.92
101.44	37.51
102.06	37.51
103.06	65.43
106.14	1.8
109.37	1.8
111.77	1.8
113.56	60.97
116.47	60.97
117.81	60.97
119.9	16.61
120.79	16.61
123.54	16.61
123.99	92.51
125.02	92.51
127.38	92.51
129.27	76.0
132.23	76.0
133.41	43.45
136.12	43.45
136.88	49.71
139.29	50.89
140.59	50.4
143.18	12.43
144.54	23.41
146.12	23.41
147.55	77.84
148.76	13.79
151.4	13.79
152.64	33.02
155.69	33.02
159.02	33.02
161.51	79.53
163.46	79.53
163.95	79.53
166.37	49.77
169.78	72.57
172.4	72.57
172.57	72.57
173.97	9.73
177.34	9.73
180.58	18.57
182.06	62.84
185.27	62.84
185.57	62.84
187.63	0.48
190.95	0.48
194.03	0.48
195.94	6.34
198.41	73.4
201.54	56.44
202.83	56.44
204.8	29.57
208.28	29.57
210.3	84.16
211.38	84.16
213.86	14.51
214.05	13.93
216.21	13.93
217.49	36.95
218.46	36.95
219.17	36.95
220.53	24.31
223.31	26.7
225.21	26.7
225.42	83.07
228.73	53.01
229.78	53.01
230.1	53.01
232.11	11.17
233.18	11.17
236.45	11.64
237.71	11.64
238.35	49.88
241.3	27.26
242.45	16.06
242.77	16.06
243.91	17.03
247.05	17.03
250.03	73.31
