2.27	63.94
3.16	20.5
3.68	20.5
4.21	84.33
6.6	84.33
7.07	84.33
9.63	25.43
10.36	25.43
13.7	36.45
14.29	36.45
16.15	8.32
19.55	26.67
20.61	26.67
22.81	5.81
24.16	5.81
24.81	5.81
27.12	21.79
28.36	15.56
29.54	17.63
30.6	42.99
31.8	50.32
31.99	50.32
32.16	89.98
34.68	89.98
36.06	89.98
37.8	79.57
38.62	79.57
41.38	78.36
43.7	78.36
45.39	78.36
48.01	30.2
50.47	30.2
53.06	27.7
54.93	27.7
56.07	27.7
56.64	58.01
57.81	37.01
59.46	39.63
62.21	39.63
64.49	39.63
67.1	39.4
69.14	29.0
69.42	66.46
70.27	67.04
71.05	67.04
73.35	23.58
74.05	15.61
74.44	9.52
77.28	59.41
78.34	59.41
80.06	59.41
80.77	77.21
82.69	13.14
84.62	30.18
86.76	30.18
88.71	63.08
89.09	19.68
91.7	19.68
94.19	2.76
95.84	20.04
97.02	20.04
97.16	30.47
99.66	30.47
100.99	24.67
103.94	85.22
104.6	36.81
106.95	36.81
108.1	36.81
108.33	7.91
110.9	7.91
113.62	7.91
114.43	37.79
117.7	37.79
120.39	58.03
121.08	67.27
124.33	67.27
124.44	67.27
125.08	64.27
125.65	64.27
128.39	30.29
130.17	55.09
132.02	55.09
132.93	55.09
133.93	1.62
135.75	75.62
138.99	75.62
139.29	1.24
140.1	1.24
143.38	27.52
144.61	27.34
146.55	27.34
148.03	75.82
149.69	5.26
152.16	76.29
153.65	76.29
156.76	36.24
159.9	25.55
161.8	38.19
164.72	50.79
166.39	50.79
167.06	58.29
167.2	58.29
167.33	58.29
169.08	56.54
172.52	56.54
174.96	15.72
176.6	15.72
179.53	15.72
180.14	48.59
181.06	48.59
183.47	75.89
185.45	75.89
186.42	22.71
188.36	22.71
188.79	22.71
189.08	23.11
192.01	23.11
195.09	23.11
196.66	5.39
197.09	5.39
200.49	5.39
202.78	48.83
205.51	48.83
206.44	16.56
207.41	16.56
207.97	16.56
210.63	19.62
211.06	19.62
211.92	19.62
214.64	82.05
216.54	82.05
219.16	44.15
219.98	44.15
220.52	44.15
222.11	81.24
225.15	81.24
228.56	81.24
228.86	32.91
232.24	50.3
233.32	28.99
236.63	43.18
236.87	43.18
238.0	43.18
238.18	45.42
240.05	27.28
241.43	27.28
244.86	92.77
247.09	9.09
247.39	9.09
250.31	1.82
