3.26	70.02
5.35	70.02
8.11	70.02
11.49	67.36
12.94	67.36
13.5	61.98
16.8	61.98
18.54	8.01
19.72	36.36
20.67	91.97
23.21	91.97
25.75	91.97
29.0	82.26
29.99	82.26
32.14	61.39
35.31	61.39
36.49	61.39
38.8	16.31
42.29	16.31
45.56	8.36
47.1	8.36
47.64	67.44
49.25	67.44
50.06	39.02
51.43	11.77
52.24	11.77
53.68	11.77
54.92	51.29
56.09	51.29
57.74	19.81
60.33	19.81
60.65	19.81
63.38	47.15
65.12	47.15
67.49	25.18
70.0	25.18
72.3	39.93
74.38	39.93
75.08	39.93
75.48	63.69
77.38	63.69
79.81	55.11
81.49	55.11
82.5	12.05
85.17	12.05
85.52	12.05
86.74	77.78
87.56	10.76
90.57	23.39
91.29	23.39
91.54	23.39
93.6	50.18
94.86	50.18
95.62	40.24
98.95	40.24
102.16	17.47
104.16	17.47
107.22	80.24
109.27	80.24
109.38	80.24
112.84	78.46
113.8	43.7
114.53	43.7
115.15	5.83
116.77	5.83
119.97	72.64
123.25	72.64
123.57	3.13
125.95	3.13
126.43	38.93
128.65	41.11
130.74	41.11
132.58	31.52
134.5	31.52
136.37	65.3
137.67	65.3
140.88	65.3
142.29	57.49
143.06	57.49
144.89	57.49
145.26	35.12
146.59	14.25
149.72	14.25
152.67	69.39
154.91	69.39
157.87	69.39
159.94	2.22
162.34	2.22
163.14	4.63
165.58	4.63
168.41	4.63
171.72	77.41
174.06	77.41
174.64	61.23
176.3	61.23
177.14	61.23
178.81	35.01
179.55	21.68
179.81	5.45
181.46	5.45
182.19	50.8
183.53	17.17
185.36	17.17
187.88	17.17
189.8	70.66
190.22	70.66
192.05	17.25
195.14	17.25
195.78	17.25
197.96	48.92
199.07	80.49
201.35	20.09
204.1	17.66
206.87	17.66
207.64	17.66
208.66	81.69
210.44	81.69
211.81	81.69
214.94	23.1
215.83	88.82
219.17	9.52
219.89	9.52
221.44	86.65
223.08	86.65
224.28	52.16
226.46	52.16
229.47	52.16
230.44	26.7
233.16	50.08
234.05	50.08
235.47	75.02
235.9	75.02
236.68	77.21
237.58	77.21
239.24	77.21
240.41	56.02
243.46	56.02
246.5	56.02
246.76	85.62
248.02	85.62
249.26	85.87
250.79	89.06
