0.94	34.24
2.79	34.24
5.66	77.49
8.36	77.49
9.34	3.1
10.87	3.1
12.93	3.1
15.53	12.79
18.04	12.79
20.52	12.79
23.65	16.01
27.0	16.01
30.27	16.01
31.31	42.2
31.63	42.2
33.06	32.38
34.74	32.38
37.43	43.59
37.7	43.59
38.18	60.85
40.22	48.53
42.14	31.94
44.55	48.06
45.3	48.06
47.12	30.13
47.54	30.13
48.07	30.13
51.21	70.93
53.15	70.93
55.64	70.93
56.52	57.36
56.83	34.91
59.68	34.91
61.03	79.34
62.23	63.47
63.7	63.47
65.61	86.78
67.78	86.78
70.84	44.47
72.28	44.47
75.22	67.33
78.7	53.66
81.29	53.66
83.83	12.43
86.55	12.43
89.4	24.21
91.86	24.21
94.93	24.21
98.23	21.7
99.2	21.7
99.75	21.7
102.24	65.91
102.62	74.49
102.85	74.49
105.94	74.49
109.2	17.72
110.58	91.54
112.68	91.54
114.82	77.41
117.2	77.41
117.51	77.41
119.81	79.52
122.42	79.52
124.82	69.07
126.54	69.07
128.99	86.08
131.9	86.08
135.12	86.08
137.5	57.05
140.21	57.05
143.31	78.52
146.75	78.52
149.8	84.29
152.2	90.34
154.3	90.34
155.77	77.29
157.11	4.44
159.7	4.44
162.76	4.44
165.26	38.32
165.54	38.6
167.41	38.6
170.63	38.6
172.2	58.06
175.25	10.1
175.97	10.1
179.36	20.71
179.95	20.71
180.91	93.05
181.16	93.05
182.88	64.81
184.12	64.81
185.67	64.81
186.68	68.36
187.41	68.36
187.95	68.36
188.31	30.69
189.35	80.0
189.7	77.75
190.79	77.75
191.26	29.72
192.77	29.72
195.79	29.72
197.26	93.79
200.31	52.49
200.97	52.49
202.57	43.48
205.19	43.48
206.88	39.03
208.31	39.03
211.24	54.1
211.6	54.1
213.51	71.0
216.15	71.0
217.69	71.0
221.04	72.13
224.38	41.52
224.92	41.52
226.21	69.34
229.52	11.08
230.82	11.08
234.19	37.75
234.83	37.75
236.78	30.33
237.9	30.33
238.64	84.45
241.5	84.45
244.84	84.45
246.35	69.42
249.3	69.42
252.22	58.9
