1.03	8.78
4.41	8.78
4.9	71.31
6.27	71.31
8.56	71.0
11.06	71.0
12.66	71.0
12.89	29.37
14.27	29.37
16.51	8.45
17.38	8.45
20.35	88.12
21.99	88.12
24.06	88.12
24.57	24.02
27.47	62.81
27.81	84.4
29.01	84.4
31.68	22.42
32.22	22.42
34.23	22.42
34.67	10.62
37.14	10.62
39.16	10.62
42.18	76.22
43.33	76.22
46.44	76.22
46.69	29.63
48.32	29.63
50.03	29.63
50.32	69.46
51.56	69.46
52.33	69.46
52.5	64.68
52.86	71.91
53.98	64.67
56.68	64.67
57.11	11.06
59.73	11.06
62.08	65.56
65.2	65.56
67.24	29.88
69.07	29.88
71.12	29.88
71.39	20.19
74.33	20.19
74.75	20.19
75.65	24.64
76.44	24.64
79.62	24.64
80.74	70.75
82.77	70.75
84.39	23.47
85.37	23.47
86.63	72.58
89.38	59.62
89.7	59.62
91.69	59.62
92.55	0.76
93.93	0.76
95.39	0.76
95.86	94.49
98.26	94.49
98.36	11.83
98.52	11.83
100.24	11.83
102.54	55.64
104.37	65.4
107.78	65.4
109.98	65.4
111.69	54.88
113.12	54.88
114.06	56.33
116.64	93.27
119.98	64.66
120.2	64.66
120.93	74.19
121.72	74.19
124.55	74.19
126.92	33.89
129.42	33.89
132.81	33.89
135.35	8.59
137.82	70.43
138.09	70.43
140.75	70.43
143.85	22.23
146.3	22.23
147.81	22.23
150.0	18.1
151.43	18.1
153.27	73.18
154.07	87.7
156.62	87.7
158.07	87.7
159.51	44.71
160.87	44.71
163.66	44.71
164.39	63.71
167.27	63.71
170.73	26.51
173.4	33.68
176.22	82.77
176.7	82.77
176.93	20.98
179.42	4.07
180.37	4.07
181.58	76.61
184.9	76.61
185.57	76.61
186.28	7.92
189.19	7.92
189.55	75.4
190.38	19.31
192.05	19.31
195.19	19.31
195.8	23.2
198.99	23.2
199.44	4.07
202.09	4.07
203.87	33.27
205.77	19.46
207.38	19.46
209.07	43.57
209.37	43.57
212.01	43.57
212.75	62.57
213.1	62.57
214.29	50.92
215.87	50.92
216.33	50.92
218.63	47.96
222.12	47.96
223.86	66.17
224.81	66.17
225.18	66.17
227.62	60.27
230.56	60.27
232.94	60.27
234.77	13.57
235.04	52.43
236.85	71.8
238.05	71.8
239.01	71.8
239.13	53.17
241.55	53.17
241.91	53.17
244.08	63.88
246.08	63.88
248.29	63.88
251.33	92.49
