3.45	36.82
4.7	36.82
5.6	32.49
6.22	32.49
8.4	52.19
8.67	2.43
11.55	2.43
13.87	2.43
16.1	61.79
19.24	61.79
19.47	24.41
20.16	24.41
21.41	0.3
23.68	0.3
24.72	0.3
25.81	38.74
28.4	38.74
28.98	29.43
29.95	29.43
31.16	29.43
34.2	5.94
35.61	5.94
36.46	5.94
37.89	1.38
39.83	75.14
43.08	75.14
43.5	10.94
43.96	10.94
47.31	72.98
48.92	72.98
49.32	42.85
51.79	42.85
55.1	27.73
55.82	12.99
58.89	12.99
59.7	71.67
60.02	71.67
61.68	83.78
62.41	83.78
63.16	83.78
66.24	21.25
68.92	21.25
69.08	21.25
71.79	34.96
72.77	34.96
75.3	61.38
76.65	61.38
78.34	61.38
80.65	84.38
81.35	84.38
83.52	12.14
85.89	12.14
86.07	12.14
89.42	1.96
91.44	69.56
92.78	9.77
95.42	9.77
96.8	24.11
97.68	24.11
98.68	12.88
101.37	12.88
101.7	73.98
104.09	73.98
104.59	80.37
104.82	12.19
106.06	12.19
109.52	12.19
111.48	86.82
112.68	86.82
114.6	82.08
115.18	82.08
115.74	10.44
116.81	15.23
119.99	15.23
121.46	15.23
124.37	55.23
127.58	84.58
130.44	84.58
132.81	64.51
133.78	57.01
136.34	41.71
137.07	41.71
140.48	41.71
140.84	42.52
141.09	92.36
142.27	92.36
143.0	85.69
143.77	85.69
145.62	85.69
147.87	72.36
148.08	72.36
151.21	63.12
152.32	63.12
155.54	69.62
158.19	69.62
160.28	69.62
162.99	92.77
165.24	92.77
165.73	92.77
166.12	65.5
166.29	65.5
168.69	65.5
169.09	38.47
169.63	38.47
170.35	38.47
171.32	45.31
174.36	15.6
175.19	15.6
178.61	88.56
180.47	88.56
181.88	88.56
182.85	32.56
184.7	32.56
187.48	32.56
190.51	47.79
192.19	52.48
194.16	52.48
195.16	52.48
197.77	27.16
198.14	27.16
200.95	27.16
204.08	72.98
207.33	72.98
208.5	72.98
209.12	17.59
212.48	17.59
213.78	17.59
216.81	86.23
219.84	86.23
222.4	67.47
224.39	88.8
225.3	88.8
227.74	33.28
227.9	33.28
229.6	33.28
230.39	26.26
233.15	26.26
236.32	26.26
239.39	35.78
239.51	35.78
240.9	72.72
241.5	8.46
242.55	59.33
244.38	67.13
246.23	70.29
248.04	70.29
251.46	70.29
