0.69	69.6
3.65	69.6
6.87	53.73
8.88	53.73
9.37	53.73
11.39	29.54
11.77	29.54
12.71	29.54
13.01	21.3
14.7	83.57
16.0	72.31
18.45	31.09
20.04	31.09
21.94	31.09
22.33	22.13
24.71	55.4
25.02	72.53
28.27	72.53
29.01	45.11
29.4	29.14
32.7	29.14
32.85	29.14
35.39	81.53
37.27	81.53
38.16	81.53
39.71	10.44
42.47	16.76
43.26	16.76
45.71	50.06
48.84	50.06
49.21	14.83
50.87	14.83
54.33	22.2
54.95	22.2
58.4	64.07
59.1	64.07
60.78	64.07
61.44	17.02
63.8	12.51
66.9	12.51
67.56	12.51
70.21	90.58
72.32	90.58
75.33	90.58
77.28	90.29
78.79	90.29
79.05	89.39
80.94	89.39
83.28	89.39
84.72	80.81
86.86	80.81
87.18	80.81
87.32	21.4
90.67	21.4
93.46	21.4
94.1	86.36
96.51	86.36
96.79	86.36
97.54	72.12
100.0	72.12
102.59	72.12
105.62	33.51
107.97	59.7
109.38	55.83
109.71	90.2
112.31	11.37
113.39	37.99
115.04	37.99
118.43	37.99
118.85	35.0
122.3	60.68
123.42	60.68
125.99	81.39
127.15	81.39
127.4	81.39
129.3	39.07
132.63	20.42
135.5	89.48
136.59	18.38
137.7	18.38
139.9	18.38
140.28	65.28
143.62	65.28
146.26	38.48
148.37	38.48
150.3	47.99
153.01	47.99
155.13	32.39
157.09	32.39
157.5	4.55
158.68	26.42
159.98	75.3
162.28	75.3
162.78	75.3
164.92	13.86
167.15	13.86
168.3	15.64
170.3	15.64
171.82	15.64
173.63	94.54
176.46	94.54
177.65	20.86
180.54	20.86
180.93	20.86
183.77	54.69
185.19	54.69
186.44	21.9
188.87	21.9
191.5	21.9
192.05	92.79
192.88	25.28
195.86	25.28
197.73	36.14
197.97	36.14
200.7	76.43
201.23	76.43
202.87	70.9
203.83	70.9
203.95	70.9
206.99	53.5
208.68	5.8
210.3	5.8
211.01	5.8
213.54	20.79
214.9	36.76
217.02	36.76
217.21	36.76
217.55	52.08
220.59	52.08
220.96	52.08
223.98	90.7
227.06	90.7
228.19	90.7
229.23	31.87
229.58	87.64
231.98	87.64
232.36	87.64
233.24	67.6
235.63	67.6
237.9	67.6
238.16	19.85
240.91	19.85
241.84	78.67
243.97	78.67
245.71	30.94
248.51	30.94
250.39	6.16
