1.75	72.16
2.52	77.31
5.46	77.31
6.67	12.6
8.81	40.62
9.92	40.62
10.63	90.3
11.08	90.3
11.28	71.79
13.67	36.05
17.01	36.05
18.05	46.92
19.72	46.92
21.18	41.42
21.69	41.42
22.63	41.42
24.44	6.1
25.56	6.1
28.21	6.1
31.44	57.46
32.5	29.16
34.12	67.41
35.76	67.41
39.15	67.41
42.48	67.69
42.82	67.69
43.35	67.69
44.66	6.39
45.76	6.39
49.21	6.39
49.58	15.69
50.47	0.72
51.43	0.72
54.03	0.72
54.91	82.16
56.3	37.34
56.71	73.23
58.7	93.03
60.31	93.03
62.19	37.76
64.26	37.76
66.33	45.79
66.61	45.79
67.38	45.79
67.78	6.7
68.21	6.7
70.11	6.7
71.61	24.06
74.51	67.93
76.31	67.93
77.05	19.24
78.51	19.24
78.86	19.24
80.41	68.54
80.69	68.54
83.42	87.56
84.39	48.7
86.72	48.7
89.85	65.65
91.13	65.65
91.28	75.28
92.23	75.28
94.15	75.28
94.68	84.55
96.11	84.55
97.36	84.55
98.01	5.53
101.04	54.56
101.65	29.38
102.15	29.38
103.23	29.38
105.9	28.91
106.51	28.91
110.0	92.15
112.78	92.15
114.34	92.15
117.49	88.68
120.54	88.68
121.03	1.74
121.91	55.71
124.71	55.71
125.7	7.57
127.04	7.57
128.23	48.33
131.41	48.33
131.59	37.0
133.1	91.72
136.05	91.72
136.31	91.72
136.7	47.84
139.79	20.58
141.51	20.58
142.47	20.58
145.55	55.94
147.92	55.94
148.02	55.94
150.99	1.42
151.96	1.42
153.53	1.42
156.68	50.94
158.68	50.94
161.9	50.94
164.52	84.42
164.95	84.42
168.44	84.42
169.11	30.79
169.29	94.31
172.45	29.4
173.37	91.96
174.66	91.96
177.48	91.96
180.92	2.43
183.22	2.43
185.4	2.43
188.66	25.62
191.17	48.05
191.82	48.05
194.64	48.05
196.17	0.93
197.59	0.93
199.84	52.66
201.54	52.66
202.59	52.66
205.32	19.65
207.67	19.65
208.43	59.45
211.4	74.85
213.86	74.85
216.79	84.16
219.88	84.16
221.3	49.28
221.63	90.19
223.05	90.19
223.2	94.09
223.48	94.09
226.35	64.47
227.96	64.47
229.36	64.47
230.63	22.78
232.23	22.78
234.1	72.28
234.86	72.28
236.33	72.28
237.64	19.54
239.55	19.54
240.97	19.54
241.94	73.69
243.91	38.39
247.2	38.39
248.34	79.75
251.69	79.75
