1.75	20.3
3.92	20.3
4.2	44.25
6.45	82.43
7.67	82.43
8.88	82.43
11.32	2.01
11.58	2.01
11.76	2.01
12.93	15.44
16.26	15.44
19.58	15.44
19.87	16.77
20.7	16.77
23.91	16.77
24.35	84.11
25.88	84.11
26.42	93.41
28.27	93.41
28.7	93.41
30.82	26.44
30.93	36.41
33.35	36.41
36.82	36.41
38.5	5.54
41.62	5.54
43.93	9.7
44.27	89.27
44.65	89.27
48.14	89.27
49.87	78.64
52.2	78.64
52.98	56.06
56.17	56.06
57.65	89.52
59.4	89.52
61.03	89.52
63.44	12.43
66.7	27.26
68.49	27.26
69.61	36.12
71.7	36.12
73.37	36.12
75.65	55.83
76.28	70.88
78.05	70.88
81.04	61.94
81.75	72.7
84.41	72.7
87.04	72.7
89.06	49.54
89.57	49.54
92.76	37.92
94.18	37.92
97.64	37.92
100.79	57.16
103.97	57.16
105.56	13.13
105.94	13.13
107.0	13.13
110.16	49.74
112.83	59.85
113.14	8.13
113.48	3.87
113.95	56.87
116.57	56.87
117.37	90.09
120.16	90.09
120.6	92.33
121.52	75.77
122.86	75.77
125.37	83.46
127.14	83.46
127.4	63.63
129.18	63.63
129.9	63.63
133.19	64.62
133.76	64.62
135.41	64.62
136.97	67.01
139.09	67.01
140.03	27.66
140.38	27.66
141.55	43.6
142.4	38.2
143.17	44.3
145.85	11.62
147.08	28.31
148.53	50.01
151.98	50.01
153.79	50.01
156.39	22.39
159.71	23.74
162.32	23.74
163.49	30.04
164.8	30.04
165.7	30.04
167.31	23.93
169.55	23.93
170.08	61.68
171.61	61.68
171.83	61.68
174.4	90.48
175.42	76.42
176.47	11.85
179.14	29.89
181.38	29.89
181.74	91.2
182.36	48.94
184.91	58.55
187.82	29.15
190.38	29.15
193.47	58.67
195.16	20.97
197.56	20.97
199.28	84.17
201.24	84.17
204.14	84.17
207.55	26.94
209.58	78.09
210.37	75.45
210.53	75.45
211.92	16.23
213.17	16.23
215.2	30.33
218.58	41.99
221.05	41.99
221.91	41.99
223.69	27.44
226.86	27.44
227.34	7.41
228.91	7.41
230.95	48.52
231.08	48.52
232.91	44.15
233.53	44.15
234.66	44.15
234.81	11.99
237.5	59.07
239.37	59.07
241.82	59.07
245.18	84.76
246.29	56.06
247.02	26.94
248.3	26.94
249.52	26.94
252.9	14.73
