2.76	40.77
5.49	48.9
8.4	48.9
8.79	66.64
9.26	10.57
10.49	44.87
11.38	61.79
14.59	61.79
14.89	61.79
17.74	43.46
20.34	43.46
23.15	43.46
24.68	92.75
25.79	35.11
27.13	85.84
27.87	85.84
28.69	25.26
30.37	29.64
33.7	47.43
35.3	32.21
36.7	32.21
38.23	32.21
38.43	77.47
39.96	90.13
40.94	90.13
41.85	2.14
44.64	2.14
45.8	9.38
46.71	38.29
50.04	18.36
50.23	18.36
52.82	18.36
54.5	58.22
55.25	58.22
57.42	58.22
59.26	53.44
62.06	53.44
62.36	6.31
64.03	32.23
64.92	32.23
67.3	32.23
70.7	26.16
72.07	26.16
75.32	26.16
76.53	20.12
76.69	20.12
78.28	91.22
79.28	91.22
81.45	91.22
84.45	66.48
85.28	66.48
85.66	94.98
87.28	5.52
88.39	5.52
89.03	5.52
91.33	27.4
94.48	27.4
96.77	0.31
97.22	77.38
100.21	77.38
100.6	68.68
103.27	68.68
105.04	71.87
106.02	71.87
107.48	14.11
109.85	14.11
112.29	14.11
112.45	84.78
114.42	84.78
115.79	30.9
116.84	30.9
120.25	68.98
121.41	87.18
123.71	87.18
126.47	87.18
129.45	73.32
131.53	73.32
132.06	73.32
135.06	50.93
135.38	8.36
136.73	8.36
139.12	8.36
140.8	4.31
143.56	70.94
143.83	89.56
144.34	89.56
147.68	89.56
148.24	75.23
149.43	82.46
152.12	58.59
154.83	58.59
155.25	58.59
157.01	77.95
160.15	12.23
161.92	63.15
164.55	63.15
165.65	0.99
167.48	74.58
170.76	40.08
173.0	40.08
175.17	87.87
177.79	87.87
178.12	15.08
180.33	15.08
182.82	15.08
183.22	9.22
184.54	9.22
186.16	50.46
188.47	74.35
191.8	74.35
193.22	74.35
196.11	3.53
197.1	29.23
200.19	34.66
200.75	34.66
202.78	29.96
205.55	64.31
206.34	64.31
208.59	64.31
211.09	54.81
214.23	54.81
215.77	52.3
218.73	52.3
220.74	14.99
222.14	26.11
224.87	48.57
225.44	48.57
226.55	48.57
229.19	22.42
229.84	22.42
231.3	22.42
233.84	75.93
234.58	66.9
236.07	18.29
238.77	56.55
241.79	24.64
244.32	24.64
244.65	67.95
245.71	67.95
246.06	67.6
247.65	93.53
250.83	80.28
