2.56	44.12
4.48	16.5
5.27	16.5
7.08	49.97
7.35	49.97
10.46	49.97
10.88	6.28
14.2	6.28
17.35	6.28
20.75	34.57
22.58	80.16
22.71	93.11
26.07	27.79
27.11	27.79
28.8	13.78
31.13	13.78
34.28	74.91
35.35	74.91
36.46	74.91
38.79	79.41
39.61	79.41
40.6	56.28
43.87	56.28
47.02	56.28
47.71	32.17
49.28	62.33
50.84	62.33
54.02	62.33
55.08	70.39
57.04	70.39
59.52	65.53
59.74	2.22
60.35	68.37
63.11	68.37
66.27	68.37
68.45	65.11
69.9	65.11
72.69	12.52
75.73	26.49
78.74	26.49
79.22	26.49
81.29	57.53
82.95	27.74
85.9	27.74
87.69	27.74
89.71	46.01
90.5	46.01
91.25	7.33
92.47	79.41
95.04	25.98
97.12	48.06
98.02	48.06
98.73	48.06
99.66	35.88
101.51	35.88
104.56	35.88
106.13	20.97
108.46	20.97
110.46	20.97
112.38	34.98
113.99	60.42
116.27	60.42
119.22	60.42
120.78	48.81
121.63	60.71
124.11	60.71
127.42	69.07
128.13	69.07
131.36	69.07
133.83	73.97
135.39	78.28
138.42	78.28
140.4	78.28
142.27	44.62
145.25	44.62
148.32	44.62
149.83	38.68
151.92	59.87
152.81	49.4
154.12	40.8
156.44	40.8
156.94	22.09
157.31	22.09
158.98	16.52
160.02	48.02
161.58	48.02
164.16	50.85
167.6	26.42
170.41	26.42
170.8	26.42
174.19	2.09
175.97	2.09
177.35	49.79
180.55	49.79
183.33	49.79
184.42	83.96
185.18	83.96
188.19	83.96
190.0	59.97
191.04	59.97
192.91	59.97
194.92	68.67
197.11	68.67
200.55	83.45
202.19	25.78
204.52	71.78
204.86	71.78
207.71	28.68
209.02	28.68
211.49	28.68
211.61	1.7
213.7	1.7
214.49	1.7
215.16	20.4
217.69	20.4
218.41	20.4
219.78	78.21
220.07	3.03
221.8	3.03
222.77	3.03
224.35	63.68
227.2	63.68
228.76	53.39
230.89	53.39
232.66	10.46
236.12	10.46
236.9	12.4
240.39	66.78
241.76	37.15
242.19	36.24
245.3	36.24
246.45	36.24
249.58	48.17
250.69	88.9
