1.72	23.58
4.44	40.89
6.48	40.89
8.28	40.89
9.96	35.77
13.28	35.77
15.0	35.77
17.14	70.27
17.59	70.27
19.61	37.5
20.8	37.5
22.1	16.24
23.65	67.1
24.92	67.1
27.47	25.21
28.28	25.21
29.36	67.15
32.17	67.15
33.19	32.55
33.44	32.55
35.74	53.31
35.84	68.07
36.49	68.07
38.75	68.07
41.19	41.62
41.37	41.62
43.74	41.62
47.04	40.27
48.01	40.27
50.45	19.25
51.09	19.25
51.79	35.83
53.56	35.83
56.54	18.92
58.44	18.92
61.76	61.81
65.08	61.81
68.07	41.79
69.16	94.18
71.06	27.61
72.61	27.61
75.9	27.61
79.29	76.17
80.52	36.8
81.91	6.65
83.6	10.27
83.95	10.27
87.0	10.27
89.26	21.61
91.57	86.62
91.7	22.35
92.76	22.35
93.6	22.35
95.09	21.73
96.48	41.06
99.85	41.06
102.89	41.06
104.83	4.56
106.42	8.19
106.65	83.96
109.6	83.96
111.39	90.97
112.99	90.97
116.44	32.69
117.27	32.69
119.76	22.35
120.77	22.35
123.11	22.35
124.14	54.76
126.55	54.76
129.34	54.76
129.66	39.33
131.19	39.33
132.14	76.5
134.87	76.5
137.92	23.62
140.17	23.62
143.26	23.62
146.37	45.98
146.85	70.3
149.82	28.81
153.25	52.41
155.6	52.41
156.65	3.46
157.56	3.46
159.86	3.46
161.42	74.76
163.03	74.76
164.3	74.76
165.91	3.53
168.81	9.57
170.59	9.57
172.42	20.76
173.11	20.76
175.41	20.76
178.82	93.01
181.99	93.01
185.45	93.01
188.6	63.51
192.09	63.51
193.28	0.48
195.4	0.48
195.89	49.42
197.66	74.92
200.18	74.92
200.31	61.82
203.61	61.82
205.76	61.82
207.77	54.82
208.6	54.82
210.98	54.82
212.88	87.83
213.77	11.63
216.89	11.63
217.1	11.63
219.11	6.1
220.69	6.1
222.13	29.53
225.17	73.65
227.39	73.65
227.71	73.65
229.27	71.29
230.83	71.29
232.6	71.29
233.67	71.65
236.4	71.65
238.12	52.27
241.04	52.27
242.4	52.27
242.9	18.15
244.0	5.77
244.99	5.77
246.48	17.66
249.84	17.66
252.51	17.66
